6 0.5 0.2453125 1 0.3046875
6 0.1734375 0.50546875 0.26640625 0.16640625
13 0.653125 0.44140625 0.61328125 0.03984375
13 0.4328125 0.471875 0.17265625 0.02265625
6 0.36015625 0.49609375 0.0265625 0.01640625
13 0.43828125 0.496875 0.11015625 0.02265625
0 0.49296875 0.56875 0.29296875 0.03828125
0 0.81328125 0.56875 0.29296875 0.03828125
13 0.14921875 0.603125 0.21953125 0.01953125
13 0.26015625 0.671875 0.0453125 0.0296875
13 0.26015625 0.69921875 0.078125 0.01328125
13 0.26015625 0.72421875 0.146875 0.02578125
0 0.4203125 0.68515625 0.146875 0.103125
13 0.4203125 0.665625 0.05859375 0.03359375
13 0.41015625 0.72421875 0.084375 0.02578125
6 0.4640625 0.72890625 0.01328125 0.00859375
0 0.5796875 0.68515625 0.146875 0.103125
6 0.5796875 0.67265625 0.1234375 0.07734375
13 0.5796875 0.72421875 0.146875 0.02578125
0 0.73984375 0.68515625 0.146875 0.103125
6 0.73984375 0.67265625 0.1234375 0.07734375
13 0.73984375 0.72421875 0.146875 0.02578125
13 0.5 0.78828125 1 0.04453125
6 0.06015625 0.86875 0.03984375 0.025
13 0.53984375 0.8703125 0.83984375 0.02890625
13 0.53984375 0.90546875 0.83984375 0.04140625
5 0.046875 0.059375 0.09296875 0.06640625
6 0.221875 0.059375 0.25703125 0.025
13 0.96015625 0.059375 0.0796875 0.05