6 0.07578125 0.05078125 0.05 0.02734375
13 0.07578125 0.08125 0.08203125 0.02265625
6 0.17421875 0.05078125 0.05 0.02578125
13 0.17421875 0.08046875 0.0828125 0.02265625
6 0.2609375 0.05078125 0.05 0.02578125
13 0.2609375 0.08046875 0.05703125 0.02265625
6 0.359375 0.05078125 0.05 0.02578125
13 0.359375 0.08046875 0.10703125 0.02265625
6 0.953125 0.06484375 0.06640625 0.05
3 0.4625 0.13515625 0.88828125 0.04140625
6 0.953125 0.13515625 0.09296875 0.04140625
13 0.30703125 0.35078125 0.565625 0.36328125
13 0.30703125 0.5546875 0.16953125 0.04296875
6 0.5 0.30546875 0.33359375 0.20859375
13 0.49921875 0.42734375 0.159375 0.0359375
13 0.21640625 0.51328125 0.121875 0.03046875
13 0.21640625 0.5625 0.33359375 0.04765625
13 0.21640625 0.63515625 0.20390625 0.01953125
13 0.21640625 0.66640625 0.090625 0.01953125
13 0.21640625 0.69921875 0.1625 0.01953125
6 0.60546875 0.49296875 0.1 0.015625
13 0.6765625 0.49375 0.040625 0.0328125
6 0.753125 0.49296875 0.11328125 0.015625
6 0.68359375 0.5421875 0.26484375 0.03359375
6 0.68359375 0.590625 0.328125 0.01796875
13 0.6828125 0.63515625 0.15390625 0.01953125
13 0.6828125 0.6828125 0.22734375 0.05234375
6 0.29296875 0.88125 0.18671875 0.0875
13 0.603125 0.91015625 0.39296875 0.0546875