6 0.07583333333333334 0.051041666666666666 0.05 0.027083333333333334
13 0.07583333333333334 0.08098958333333334 0.08166666666666667 0.022395833333333334
6 0.17416666666666666 0.051041666666666666 0.05 0.026041666666666668
13 0.17458333333333334 0.08046875 0.0825 0.022395833333333334
6 0.2608333333333333 0.051041666666666666 0.05 0.026041666666666668
13 0.2608333333333333 0.08046875 0.056666666666666664 0.022395833333333334
6 0.3591666666666667 0.051041666666666666 0.05 0.026041666666666668
13 0.3591666666666667 0.08046875 0.10666666666666667 0.022395833333333334
6 0.9533333333333334 0.06510416666666667 0.06666666666666667 0.05
3 0.4625 0.13541666666666666 0.8883333333333333 0.041666666666666664
6 0.9533333333333334 0.13541666666666666 0.09333333333333334 0.041666666666666664
13 0.3070833333333333 0.35104166666666664 0.5658333333333333 0.36354166666666665
13 0.3070833333333333 0.5546875 0.16916666666666666 0.042708333333333334
6 0.5 0.30520833333333336 0.3333333333333333 0.20833333333333334
13 0.4995833333333333 0.42734375 0.15916666666666668 0.0359375
13 0.21666666666666667 0.51328125 0.12166666666666667 0.030729166666666665
13 0.21666666666666667 0.5627604166666667 0.3333333333333333 0.04739583333333333
13 0.21625 0.6354166666666666 0.20416666666666666 0.019791666666666666
13 0.21625 0.6661458333333333 0.09083333333333334 0.019791666666666666
13 0.21625 0.6989583333333333 0.1625 0.019791666666666666
6 0.6058333333333333 0.49322916666666666 0.1 0.015625
13 0.67625 0.4934895833333333 0.04083333333333333 0.0328125
6 0.7533333333333333 0.49322916666666666 0.11333333333333333 0.015625
6 0.6833333333333333 0.5421875 0.265 0.03333333333333333
6 0.6833333333333333 0.590625 0.3283333333333333 0.017708333333333333
13 0.6829166666666666 0.6354166666666666 0.15416666666666667 0.019791666666666666
13 0.6829166666666666 0.6825520833333333 0.2275 0.05260416666666667
6 0.29333333333333333 0.88125 0.18666666666666668 0.0875
13 0.6033333333333334 0.91015625 0.3933333333333333 0.0546875