5 0.06015625 0.059375 0.09296875 0.05859375
6 0.146875 0.059375 0.0796875 0.05
13 0.246875 0.059375 0.10703125 0.028125
13 0.63984375 0.059375 0.0796875 0.05
13 0.7203125 0.059375 0.0796875 0.05
13 0.8 0.059375 0.0796875 0.05
13 0.8796875 0.059375 0.0796875 0.05
6 0.953125 0.059375 0.06640625 0.05
6 0.03984375 0.11796875 0.0796875 0.05
6 0.21171875 0.18359375 0.1265625 0.075
13 0.21171875 0.2453125 0.1265625 0.0484375
6 0.3546875 0.18359375 0.1265625 0.075
13 0.3546875 0.2453125 0.1265625 0.0484375
6 0.4984375 0.18359375 0.1265625 0.075
13 0.4984375 0.2453125 0.1265625 0.0484375
6 0.64140625 0.18359375 0.1265625 0.075
13 0.64140625 0.2453125 0.1265625 0.0484375
6 0.78515625 0.18359375 0.1265625 0.075
13 0.78515625 0.2453125 0.1265625 0.0484375
6 0.928125 0.18359375 0.1265625 0.075
13 0.928125 0.2453125 0.1265625 0.0484375
6 0.06796875 0.3171875 0.1265625 0.075
13 0.06796875 0.37890625 0.1265625 0.0484375
6 0.21171875 0.3171875 0.1265625 0.075
13 0.21171875 0.37890625 0.1265625 0.0484375
6 0.3546875 0.3171875 0.1265625 0.075
13 0.3546875 0.37890625 0.1265625 0.0484375
6 0.4984375 0.3171875 0.1265625 0.075
13 0.4984375 0.37890625 0.1265625 0.0484375
6 0.64140625 0.3171875 0.1265625 0.075
13 0.64140625 0.37890625 0.1265625 0.0484375
6 0.78515625 0.3171875 0.1265625 0.075
13 0.78515625 0.37890625 0.1265625 0.0484375
6 0.928125 0.3171875 0.1265625 0.075
13 0.928125 0.37890625 0.1265625 0.0484375
6 0.06796875 0.45078125 0.1265625 0.075
13 0.06796875 0.5125 0.1265625 0.0484375
6 0.21171875 0.45078125 0.1265625 0.075
13 0.21171875 0.5125 0.1265625 0.0484375
6 0.3546875 0.45078125 0.1265625 0.075
13 0.3546875 0.5125 0.1265625 0.0484375
6 0.4984375 0.45078125 0.1265625 0.075
13 0.4984375 0.5125 0.1265625 0.0484375
6 0.64140625 0.45078125 0.1265625 0.075
13 0.64140625 0.5125 0.1265625 0.0484375
6 0.78515625 0.45078125 0.1265625 0.075
13 0.78515625 0.5125 0.1265625 0.0484375
6 0.928125 0.45078125 0.1265625 0.075
13 0.928125 0.5125 0.1265625 0.0484375
6 0.06796875 0.58515625 0.1265625 0.075
13 0.06796875 0.646875 0.1265625 0.0484375
6 0.21171875 0.58515625 0.1265625 0.075
13 0.21171875 0.646875 0.1265625 0.0484375
6 0.3546875 0.58515625 0.1265625 0.075
13 0.3546875 0.646875 0.1265625 0.0484375
6 0.4984375 0.58515625 0.1265625 0.075
13 0.4984375 0.646875 0.1265625 0.0484375
6 0.64140625 0.58515625 0.1265625 0.075
13 0.64140625 0.646875 0.1265625 0.0484375
6 0.78515625 0.58515625 0.1265625 0.075
13 0.78515625 0.646875 0.1265625 0.0484375
6 0.928125 0.58515625 0.1265625 0.075
13 0.928125 0.646875 0.1265625 0.0484375
6 0.06796875 0.71875 0.1265625 0.075
13 0.06796875 0.78046875 0.1265625 0.04765625
6 0.21171875 0.71875 0.1265625 0.075
13 0.21171875 0.78046875 0.1265625 0.0484375
6 0.3546875 0.71875 0.1265625 0.075
13 0.3546875 0.78046875 0.1265625 0.0484375
6 0.4984375 0.71875 0.1265625 0.075
13 0.4984375 0.78046875 0.1265625 0.0484375
6 0.64140625 0.71875 0.1265625 0.075
13 0.64140625 0.78046875 0.1265625 0.0484375
6 0.78515625 0.71875 0.1265625 0.075
13 0.78515625 0.78046875 0.1265625 0.0484375
6 0.928125 0.71875 0.1265625 0.075
13 0.928125 0.78046875 0.1265625 0.04765625
6 0.06796875 0.85234375 0.1265625 0.075
13 0.06796875 0.9140625 0.1265625 0.0484375
6 0.21171875 0.85234375 0.1265625 0.075
13 0.21171875 0.9140625 0.1265625 0.0484375
6 0.3546875 0.85234375 0.1265625 0.075
13 0.3546875 0.91328125 0.1265625 0.04765625
6 0.4984375 0.85234375 0.1265625 0.075
13 0.4984375 0.91328125 0.1265625 0.04765625
6 0.64140625 0.85234375 0.1265625 0.075
13 0.64140625 0.91328125 0.1265625 0.04765625
6 0.78515625 0.85234375 0.1265625 0.075
13 0.78515625 0.91328125 0.1265625 0.04765625
6 0.928125 0.85234375 0.1265625 0.075
13 0.928125 0.9140625 0.1265625 0.0484375
6 0.5 0.92109375 0.53359375 0.05234375
13 0.203125 0.1234375 0.353125 0.0359375
6 0.43359375 0.11796875 0.10703125 0.025
13 0.203125 0.1859375 0.353125 0.0359375
6 0.43359375 0.18046875 0.10703125 0.025
13 0.203125 0.2484375 0.353125 0.0359375
6 0.43359375 0.24296875 0.10703125 0.025
13 0.26328125 0.3109375 0.4734375 0.0359375
6 0.084375 0.903125 0.16796875 0.05
6 0.25078125 0.903125 0.1578125 0.05
6 0.41640625 0.903125 0.1671875 0.05
13 0.25 0.93984375 0.5 0.01953125