5 0.06 0.059375 0.09333333333333334 0.058333333333333334
6 0.14666666666666667 0.059375 0.08 0.05
13 0.24666666666666667 0.059375 0.10666666666666667 0.028125
13 0.64 0.059375 0.08 0.05
13 0.72 0.059375 0.08 0.05
13 0.8 0.059375 0.08 0.05
13 0.88 0.059375 0.08 0.05
6 0.9533333333333334 0.059375 0.06666666666666667 0.05
6 0.04 0.11770833333333333 0.08 0.05
6 0.21166666666666667 0.18333333333333332 0.12666666666666668 0.075
13 0.21166666666666667 0.24505208333333334 0.12666666666666668 0.0484375
6 0.355 0.18333333333333332 0.12666666666666668 0.075
13 0.355 0.24505208333333334 0.12666666666666668 0.0484375
6 0.49833333333333335 0.18333333333333332 0.12666666666666668 0.075
13 0.49833333333333335 0.24505208333333334 0.12666666666666668 0.0484375
6 0.6416666666666667 0.18333333333333332 0.12666666666666668 0.075
13 0.6416666666666667 0.24505208333333334 0.12666666666666668 0.0484375
6 0.785 0.18333333333333332 0.12666666666666668 0.075
13 0.785 0.24505208333333334 0.12666666666666668 0.0484375
6 0.9283333333333333 0.18333333333333332 0.12666666666666668 0.075
13 0.9283333333333333 0.24505208333333334 0.12666666666666668 0.0484375
6 0.06833333333333333 0.3171875 0.12666666666666668 0.075
13 0.06833333333333333 0.37890625 0.12666666666666668 0.0484375
6 0.21166666666666667 0.3171875 0.12666666666666668 0.075
13 0.21166666666666667 0.37890625 0.12666666666666668 0.0484375
6 0.355 0.3171875 0.12666666666666668 0.075
13 0.355 0.37890625 0.12666666666666668 0.0484375
6 0.49833333333333335 0.3171875 0.12666666666666668 0.075
13 0.49833333333333335 0.37890625 0.12666666666666668 0.0484375
6 0.6416666666666667 0.3171875 0.12666666666666668 0.075
13 0.6416666666666667 0.37890625 0.12666666666666668 0.0484375
6 0.785 0.3171875 0.12666666666666668 0.075
13 0.785 0.37890625 0.12666666666666668 0.0484375
6 0.9283333333333333 0.3171875 0.12666666666666668 0.075
13 0.9283333333333333 0.37890625 0.12666666666666668 0.0484375
6 0.06833333333333333 0.4510416666666667 0.12666666666666668 0.075
13 0.06833333333333333 0.5127604166666667 0.12666666666666668 0.0484375
6 0.21166666666666667 0.4510416666666667 0.12666666666666668 0.075
13 0.21166666666666667 0.5127604166666667 0.12666666666666668 0.0484375
6 0.355 0.4510416666666667 0.12666666666666668 0.075
13 0.355 0.5127604166666667 0.12666666666666668 0.0484375
6 0.49833333333333335 0.4510416666666667 0.12666666666666668 0.075
13 0.49833333333333335 0.5127604166666667 0.12666666666666668 0.0484375
6 0.6416666666666667 0.4510416666666667 0.12666666666666668 0.075
13 0.6416666666666667 0.5127604166666667 0.12666666666666668 0.0484375
6 0.785 0.4510416666666667 0.12666666666666668 0.075
13 0.785 0.5127604166666667 0.12666666666666668 0.0484375
6 0.9283333333333333 0.4510416666666667 0.12666666666666668 0.075
13 0.9283333333333333 0.5127604166666667 0.12666666666666668 0.0484375
6 0.06833333333333333 0.5848958333333333 0.12666666666666668 0.075
13 0.06833333333333333 0.6466145833333333 0.12666666666666668 0.0484375
6 0.21166666666666667 0.5848958333333333 0.12666666666666668 0.075
13 0.21166666666666667 0.6466145833333333 0.12666666666666668 0.0484375
6 0.355 0.5848958333333333 0.12666666666666668 0.075
13 0.355 0.6466145833333333 0.12666666666666668 0.0484375
6 0.49833333333333335 0.5848958333333333 0.12666666666666668 0.075
13 0.49833333333333335 0.6466145833333333 0.12666666666666668 0.0484375
6 0.6416666666666667 0.5848958333333333 0.12666666666666668 0.075
13 0.6416666666666667 0.6466145833333333 0.12666666666666668 0.0484375
6 0.785 0.5848958333333333 0.12666666666666668 0.075
13 0.785 0.6466145833333333 0.12666666666666668 0.0484375
6 0.9283333333333333 0.5848958333333333 0.12666666666666668 0.075
13 0.9283333333333333 0.6466145833333333 0.12666666666666668 0.0484375
6 0.06833333333333333 0.71875 0.12666666666666668 0.075
13 0.06833333333333333 0.7802083333333333 0.12666666666666668 0.04791666666666667
6 0.21166666666666667 0.71875 0.12666666666666668 0.075
13 0.21166666666666667 0.78046875 0.12666666666666668 0.0484375
6 0.355 0.71875 0.12666666666666668 0.075
13 0.355 0.78046875 0.12666666666666668 0.0484375
6 0.49833333333333335 0.71875 0.12666666666666668 0.075
13 0.49833333333333335 0.78046875 0.12666666666666668 0.0484375
6 0.6416666666666667 0.71875 0.12666666666666668 0.075
13 0.6416666666666667 0.78046875 0.12666666666666668 0.0484375
6 0.785 0.71875 0.12666666666666668 0.075
13 0.785 0.78046875 0.12666666666666668 0.0484375
6 0.9283333333333333 0.71875 0.12666666666666668 0.075
13 0.9283333333333333 0.7802083333333333 0.12666666666666668 0.04791666666666667
6 0.06833333333333333 0.8520833333333333 0.12666666666666668 0.075
13 0.06833333333333333 0.9138020833333333 0.12666666666666668 0.0484375
6 0.21166666666666667 0.8520833333333333 0.12666666666666668 0.075
13 0.21166666666666667 0.9138020833333333 0.12666666666666668 0.0484375
6 0.355 0.8520833333333333 0.12666666666666668 0.075
13 0.355 0.9135416666666667 0.12666666666666668 0.04791666666666667
6 0.49833333333333335 0.8520833333333333 0.12666666666666668 0.075
13 0.49833333333333335 0.9135416666666667 0.12666666666666668 0.04791666666666667
6 0.6416666666666667 0.8520833333333333 0.12666666666666668 0.075
13 0.6416666666666667 0.9135416666666667 0.12666666666666668 0.04791666666666667
6 0.785 0.8520833333333333 0.12666666666666668 0.075
13 0.785 0.9135416666666667 0.12666666666666668 0.04791666666666667
6 0.9283333333333333 0.8520833333333333 0.12666666666666668 0.075
13 0.9283333333333333 0.9138020833333333 0.12666666666666668 0.0484375
6 0.5 0.9208333333333333 0.5333333333333333 0.052083333333333336
13 0.20333333333333334 0.12369791666666667 0.35333333333333333 0.0359375
6 0.43333333333333335 0.11822916666666666 0.10666666666666667 0.025
13 0.20333333333333334 0.18619791666666666 0.35333333333333333 0.0359375
6 0.43333333333333335 0.18072916666666666 0.10666666666666667 0.025
13 0.20333333333333334 0.24869791666666666 0.35333333333333333 0.0359375
6 0.43333333333333335 0.24322916666666666 0.10666666666666667 0.025
13 0.2633333333333333 0.3111979166666667 0.47333333333333333 0.0359375
6 0.08416666666666667 0.903125 0.16833333333333333 0.05
6 0.2504166666666667 0.903125 0.1575 0.05
6 0.41625 0.903125 0.1675 0.05
13 0.25 0.9401041666666666 0.5 0.019791666666666666