6 0.5 0.2453125 1 0.3046875
6 0.1734375 0.50546875 0.26640625 0.16640625
13 0.653125 0.44140625 0.61328125 0.03984375
13 0.546875 0.471875 0.4 0.02265625
6 0.36015625 0.49609375 0.0265625 0.01640625
13 0.43828125 0.496875 0.11015625 0.02265625
0 0.49296875 0.56875 0.29296875 0.03828125
0 0.81328125 0.56875 0.29296875 0.03828125
13 0.86875 0.603125 0.1828125 0.01953125
13 0.259375 0.671875 0.0671875 0.0296875
13 0.26015625 0.69921875 0.1046875 0.01328125
13 0.26015625 0.72421875 0.146875 0.02578125
0 0.4203125 0.68515625 0.146875 0.103125
13 0.4203125 0.665625 0.05859375 0.03359375
13 0.4109375 0.72421875 0.05859375 0.02578125
6 0.4515625 0.72890625 0.01328125 0.00859375
0 0.5796875 0.68515625 0.146875 0.103125
6 0.5796875 0.67265625 0.1234375 0.07734375
13 0.5796875 0.72421875 0.146875 0.02578125
0 0.73984375 0.68515625 0.146875 0.103125
6 0.73984375 0.67265625 0.1234375 0.07734375
13 0.73984375 0.72421875 0.146875 0.02578125
13 0.5 0.80234375 1 0.07265625
6 0.06015625 0.896875 0.03984375 0.025
13 0.53984375 0.8984375 0.83984375 0.02890625
13 0.53984375 0.946875 0.83984375 0.0671875
5 0.06015625 0.059375 0.09296875 0.06640625
6 0.23515625 0.059375 0.25703125 0.025
13 0.8796875 0.059375 0.0796875 0.05
6 0.953125 0.059375 0.06640625 0.05