6 0.49140625 0.059375 0.26640625 0.02421875
0 0.9265625 0.059375 0.1140625 0.06640625
13 0.5 0.12578125 1 0.06484375
3 0.45078125 0.18828125 0.90078125 0.05546875
3 0.45078125 0.24765625 0.90078125 0.05546875
13 0.12578125 0.3125 0.19765625 0.02265625
6 0.046875 0.39453125 0.03984375 0.025
13 0.125 0.3921875 0.11640625 0.01953125
6 0.046875 0.45390625 0.03984375 0.025
13 0.09765625 0.4515625 0.06171875 0.01953125
6 0.046875 0.51328125 0.03984375 0.025
13 0.1046875 0.5109375 0.0765625 0.01953125
13 0.49921875 0.61796875 0.409375 0.10703125