6 0.49166666666666664 0.059375 0.26666666666666666 0.023958333333333335
0 0.92625 0.059375 0.11416666666666667 0.06666666666666667
13 0.5 0.12604166666666666 1 0.06458333333333334
3 0.4504166666666667 0.18828125 0.9008333333333334 0.05572916666666667
3 0.4504166666666667 0.24765625 0.9008333333333334 0.05572916666666667
13 0.12541666666666668 0.31276041666666665 0.1975 0.022395833333333334
6 0.04666666666666667 0.39479166666666665 0.04 0.025
13 0.125 0.3921875 0.11666666666666667 0.019791666666666666
6 0.04666666666666667 0.45416666666666666 0.04 0.025
13 0.0975 0.4515625 0.06166666666666667 0.019791666666666666
6 0.04666666666666667 0.5135416666666667 0.04 0.025
13 0.105 0.5109375 0.07666666666666666 0.019791666666666666
13 0.5 0.6104166666666667 0.47333333333333333 0.09166666666666666