13 0.2140625 0.059375 0.17734375 0.02890625
13 0.25546875 0.1171875 0.2359375 0.028125
13 0.74375 0.1171875 0.2046875 0.02734375
13 0.83984375 0.0578125 0.1546875 0.02109375
13 0.53046875 0.31328125 0.4640625 0.1078125
13 0.4578125 0.4359375 0.5609375 0.078125
13 0.684375 0.5921875 0.1640625 0.02578125
13 0.36640625 0.65 0.1421875 0.02734375
13 0.61640625 0.7109375 0.3171875 0.0265625
13 0.4078125 0.82265625 0.225 0.05
13 0.4421875 0.9140625 0.39140625 0.01953125
6 0.2421875 0.740625 0.04609375 0.04140625
6 0.24296875 0.6484375 0.0359375 0.03515625
6 0.2421875 0.540625 0.0546875 0.07421875
6 0.8234375 0.7765625 0.0515625 0.03828125
6 0.82265625 0.60234375 0.06484375 0.0203125
6 0.24140625 0.82109375 0.0578125 0.01875
6 0.821875 0.45 0.05625 0.02265625
6 0.2453125 0.3265625 0.06484375 0.02265625
6 0.90234375 0.1921875 0.16015625 0.0921875
6 0.0984375 0.1984375 0.1203125 0.0953125
5 0.06328125 0.059375 0.0515625 0.0265625
5 0.74296875 0.059375 0.02890625 0.0265625
5 0.95 0.05859375 0.02734375 0.0265625