13 0.4734375 0.059375 0.89296875 0.04140625
6 0.96015625 0.059375 0.0796875 0.05
13 0.09921875 0.33125 0.1484375 0.01953125
0 0.5 0.26875 0.36015625 0.21953125
0 0.5 0.26875 0.36015625 0.21953125
0 0.5 0.26875 0.36015625 0.21953125
0 0.5 0.26875 0.36015625 0.21953125
0 0.5 0.26875 0.36015625 0.21953125
0 0.5 0.26875 0.36015625 0.21953125
0 0.5 0.26875 0.36015625 0.21953125
13 0.1140625 0.4921875 0.12734375 0.02421875
0 0.48125 0.49609375 0.19453125 0.03125
6 0.5 0.68359375 0.53359375 0.00625
13 0.30234375 0.815625 0.096875 0.03515625
13 0.40078125 0.815625 0.096875 0.03515625
13 0.49921875 0.815625 0.096875 0.03515625
13 0.59765625 0.815625 0.096875 0.03515625
13 0.69609375 0.815625 0.096875 0.03515625