13 0.47333333333333333 0.059375 0.8933333333333333 0.041666666666666664
6 0.96 0.059375 0.08 0.05
13 0.09916666666666667 0.33125 0.14833333333333334 0.019791666666666666
0 0.5 0.26875 0.36 0.21979166666666666
0 0.5 0.26875 0.36 0.21979166666666666
0 0.5 0.26875 0.36 0.21979166666666666
0 0.5 0.26875 0.36 0.21979166666666666
0 0.5 0.26875 0.36 0.21979166666666666
0 0.5 0.26875 0.36 0.21979166666666666
0 0.5 0.26875 0.36 0.21979166666666666
13 0.11375 0.49244791666666665 0.1275 0.024479166666666666
0 0.48125 0.49583333333333335 0.19416666666666665 0.03125
6 0.5 0.6838541666666667 0.5333333333333333 0.00625
13 0.3025 0.815625 0.09666666666666666 0.035416666666666666
13 0.4008333333333333 0.815625 0.09666666666666666 0.035416666666666666
13 0.49916666666666665 0.815625 0.09666666666666666 0.035416666666666666
13 0.5975 0.815625 0.09666666666666666 0.035416666666666666
13 0.6958333333333333 0.815625 0.09666666666666666 0.035416666666666666