6 0.01328125 0.05546875 0.0265625 0.01640625
6 0.0609375 0.05546875 0.0796875 0.05
3 0.365625 0.05546875 0.5 0.04375
13 0.96015625 0.05546875 0.0796875 0.05859375
13 0.5 0.0953125 1 0.02265625
13 0.26796875 0.12578125 0.1890625 0.0375
13 0.4296875 0.12578125 0.134375 0.0375
13 0.58828125 0.12578125 0.1828125 0.0375
13 0.753125 0.12578125 0.14765625 0.0375
13 0.1203125 0.19375 0.20703125 0.078125
13 0.28203125 0.18515625 0.034375 0.06015625
13 0.353125 0.18359375 0.084375 0.02109375
13 0.353125 0.2046875 0.084375 0.02109375
13 0.91875 0.17734375 0.12890625 0.025
13 0.6890625 0.20703125 0.58828125 0.025
13 0.275 0.25625 0.51640625 0.02421875
13 0.615625 0.25703125 0.13203125 0.025
13 0.7515625 0.25703125 0.07265625 0.025
13 0.84375 0.25703125 0.04609375 0.025
13 0.93359375 0.25703125 0.06640625 0.025
13 0.07890625 0.621875 0.125 0.03828125
13 0.225 0.621875 0.15 0.03828125
13 0.38359375 0.621875 0.15 0.03828125
13 0.54140625 0.621875 0.15 0.03828125
13 0.7 0.621875 0.15 0.03828125
13 0.125 0.68984375 0.18359375 0.021875
13 0.4515625 0.68984375 0.09765625 0.028125
13 0.125 0.73359375 0.18359375 0.021875
13 0.4515625 0.73359375 0.09765625 0.028125
13 0.125 0.77734375 0.18359375 0.021875
13 0.39765625 0.77734375 0.2046875 0.028125
13 0.125 0.82109375 0.18359375 0.021875
13 0.39765625 0.82109375 0.2046875 0.028125
13 0.125 0.86484375 0.18359375 0.021875
13 0.453125 0.86484375 0.09296875 0.028125
13 0.125 0.90859375 0.18359375 0.021875
13 0.453125 0.90859375 0.09296875 0.028125
6 0.75 0.79375 0.46640625 0.24296875