6 0.01328125 0.05546875 0.0265625 0.01640625
6 0.0609375 0.05546875 0.0796875 0.05
3 0.365625 0.05546875 0.5 0.04375
13 0.5 0.0953125 1 0.02265625
13 0.26796875 0.12578125 0.1890625 0.0375
13 0.4296875 0.12578125 0.134375 0.0375
13 0.58828125 0.12578125 0.1828125 0.0375
13 0.753125 0.12578125 0.14765625 0.0375
13 0.2484375 0.184375 0.46328125 0.03828125
13 0.06796875 0.2203125 0.10234375 0.02265625
13 0.178125 0.2203125 0.11796875 0.02265625
6 0.58984375 0.1984375 0.13984375 0.06640625
13 0.828125 0.18515625 0.31015625 0.03984375
13 0.71328125 0.2203125 0.0796875 0.02265625
13 0.2484375 0.2765625 0.46328125 0.03984375
13 0.10234375 0.3125 0.171875 0.02265625
13 0.71953125 0.26796875 0.3984375 0.021875
13 0.59765625 0.3125 0.1546875 0.02265625
6 0.08671875 0.38203125 0.13984375 0.06640625
13 0.325 0.36875 0.31015625 0.03984375
13 0.24765625 0.40390625 0.1546875 0.02265625
6 0.58984375 0.38203125 0.13984375 0.06640625
13 0.828125 0.36875 0.31015625 0.03984375
13 0.76015625 0.40390625 0.1734375 0.02265625
13 0.2484375 0.46015625 0.46328125 0.03984375
13 0.06796875 0.4953125 0.10234375 0.02265625
6 0.58984375 0.4734375 0.13984375 0.06640625
13 0.828125 0.459375 0.31015625 0.03828125
13 0.76015625 0.4953125 0.1734375 0.02265625
13 0.2484375 0.5515625 0.46328125 0.03984375
13 0.0859375 0.5875 0.1390625 0.02265625
13 0.7515625 0.5515625 0.46328125 0.03984375
13 0.59765625 0.5875 0.15546875 0.02265625
13 0.74609375 0.5875 0.13984375 0.02265625
13 0.2484375 0.64375 0.46328125 0.03984375
13 0.09609375 0.67890625 0.15859375 0.02265625
13 0.24921875 0.67890625 0.1484375 0.02265625
13 0.7515625 0.64375 0.46328125 0.03984375
13 0.6171875 0.67890625 0.1953125 0.02265625
13 0.790625 0.67890625 0.1515625 0.02265625
13 0.2484375 0.73515625 0.46328125 0.03984375
13 0.090625 0.7703125 0.14765625 0.02265625
13 0.240625 0.7703125 0.15234375 0.02265625
6 0.58984375 0.7484375 0.13984375 0.06640625
13 0.828125 0.734375 0.31015625 0.03828125
13 0.75234375 0.7703125 0.15859375 0.01953125
13 0.9078125 0.7703125 0.1515625 0.02265625
13 0.2484375 0.8265625 0.46328125 0.03984375
13 0.11796875 0.8625 0.20234375 0.02265625
13 0.271875 0.8625 0.1046875 0.02265625
13 0.7515625 0.8265625 0.46328125 0.03984375
13 0.6109375 0.8625 0.1828125 0.02265625
13 0.76171875 0.8625 0.11796875 0.02265625
13 0.2484375 0.91875 0.46328125 0.03984375
13 0.0484375 0.95390625 0.06328125 0.02265625
13 0.13984375 0.95390625 0.11953125 0.02265625
6 0.58984375 0.93203125 0.13984375 0.06640625
13 0.828125 0.9171875 0.31015625 0.03828125
13 0.7265625 0.95390625 0.10703125 0.02265625
13 0.83984375 0.95390625 0.11953125 0.02265625