6 0.013333333333333334 0.05520833333333333 0.02666666666666667 0.016666666666666666
6 0.060833333333333336 0.05520833333333333 0.08 0.05
3 0.36583333333333334 0.05520833333333333 0.5 0.04375
13 0.5 0.09557291666666666 1 0.022395833333333334
13 0.2679166666666667 0.12552083333333333 0.18916666666666668 0.0375
13 0.4295833333333333 0.12552083333333333 0.13416666666666666 0.0375
13 0.5879166666666666 0.12552083333333333 0.1825 0.0375
13 0.7529166666666667 0.12552083333333333 0.1475 0.0375
13 0.24833333333333332 0.18411458333333333 0.4633333333333333 0.03802083333333333
13 0.06791666666666667 0.22057291666666667 0.1025 0.022395833333333334
13 0.17833333333333334 0.22057291666666667 0.11833333333333333 0.022395833333333334
6 0.59 0.1984375 0.14 0.06666666666666667
13 0.8283333333333334 0.18515625 0.31 0.04010416666666667
13 0.7133333333333334 0.22057291666666667 0.08 0.022395833333333334
13 0.24833333333333332 0.27682291666666664 0.4633333333333333 0.04010416666666667
13 0.1025 0.31223958333333335 0.17166666666666666 0.022395833333333334
13 0.7191666666666666 0.2677083333333333 0.3983333333333333 0.021875
13 0.5975 0.31223958333333335 0.155 0.022395833333333334
6 0.08666666666666667 0.38177083333333334 0.14 0.06666666666666667
13 0.325 0.3684895833333333 0.31 0.04010416666666667
13 0.2475 0.40390625 0.155 0.022395833333333334
6 0.59 0.38177083333333334 0.14 0.06666666666666667
13 0.8283333333333334 0.3684895833333333 0.31 0.04010416666666667
13 0.76 0.40390625 0.17333333333333334 0.022395833333333334
13 0.24833333333333332 0.46015625 0.4633333333333333 0.04010416666666667
13 0.06791666666666667 0.49557291666666664 0.1025 0.022395833333333334
6 0.59 0.4734375 0.14 0.06666666666666667
13 0.8283333333333334 0.4591145833333333 0.31 0.03802083333333333
13 0.76 0.49557291666666664 0.17333333333333334 0.022395833333333334
13 0.24833333333333332 0.5518229166666667 0.4633333333333333 0.04010416666666667
13 0.08625 0.5872395833333334 0.13916666666666666 0.022395833333333334
13 0.7516666666666667 0.5518229166666667 0.4633333333333333 0.04010416666666667
13 0.5979166666666667 0.5872395833333334 0.15583333333333332 0.022395833333333334
13 0.7458333333333333 0.5872395833333334 0.14 0.022395833333333334
13 0.24833333333333332 0.6434895833333333 0.4633333333333333 0.04010416666666667
13 0.09583333333333334 0.67890625 0.15833333333333333 0.022395833333333334
13 0.24916666666666668 0.67890625 0.14833333333333334 0.022395833333333334
13 0.7516666666666667 0.6434895833333333 0.4633333333333333 0.04010416666666667
13 0.6175 0.67890625 0.195 0.022395833333333334
13 0.7908333333333334 0.67890625 0.15166666666666667 0.022395833333333334
13 0.24833333333333332 0.73515625 0.4633333333333333 0.04010416666666667
13 0.09041666666666667 0.7705729166666667 0.1475 0.022395833333333334
13 0.24041666666666667 0.7705729166666667 0.1525 0.022395833333333334
6 0.59 0.7484375 0.14 0.06666666666666667
13 0.8283333333333334 0.7341145833333333 0.31 0.03802083333333333
13 0.7525 0.7703125 0.15833333333333333 0.019791666666666666
13 0.9075 0.7705729166666667 0.15166666666666667 0.022395833333333334
13 0.24833333333333332 0.8268229166666666 0.4633333333333333 0.04010416666666667
13 0.11791666666666667 0.8622395833333333 0.2025 0.022395833333333334
13 0.27166666666666667 0.8622395833333333 0.105 0.022395833333333334
13 0.7516666666666667 0.8268229166666666 0.4633333333333333 0.04010416666666667
13 0.61125 0.8622395833333333 0.1825 0.022395833333333334
13 0.7616666666666667 0.8622395833333333 0.11833333333333333 0.022395833333333334
13 0.24833333333333332 0.9184895833333333 0.4633333333333333 0.04010416666666667
13 0.04833333333333333 0.95390625 0.06333333333333334 0.022395833333333334
13 0.13958333333333334 0.95390625 0.11916666666666667 0.022395833333333334
6 0.59 0.9317708333333333 0.14 0.06666666666666667
13 0.8283333333333334 0.9174479166666667 0.31 0.03802083333333333
13 0.7266666666666667 0.95390625 0.10666666666666667 0.022395833333333334
13 0.8395833333333333 0.95390625 0.11916666666666667 0.022395833333333334