6 0.01328125 0.05546875 0.0265625 0.01640625
6 0.0609375 0.05546875 0.0796875 0.05
3 0.365625 0.05546875 0.5 0.04375
13 0.83984375 0.05546875 0.10703125 0.05859375
13 0.94609375 0.0546875 0.1078125 0.059375
13 0.2171875 0.103125 0.21171875 0.0375
13 0.4546875 0.103125 0.2625 0.0375
13 0.66328125 0.103125 0.1546875 0.0375
13 0.81484375 0.103125 0.14765625 0.0375
6 0.5 0.36953125 0.96640625 0.44609375
6 0.5 0.36953125 0.96640625 0.44609375
13 0.5 0.43046875 0.9 0.21171875
6 0.0703125 0.559375 0.03984375 0.025
13 0.196875 0.559375 0.21328125 0.02265625
13 0.3625 0.559375 0.11796875 0.02265625
6 0.08671875 0.63828125 0.13984375 0.06640625
13 0.325 0.625 0.31015625 0.03984375
6 0.18984375 0.659375 0.03984375 0.025
13 0.2859375 0.659375 0.1515625 0.02265625
13 0.42109375 0.6578125 0.11796875 0.02265625
6 0.08671875 0.73046875 0.13984375 0.06640625
13 0.325 0.7171875 0.31015625 0.03984375
6 0.18984375 0.75078125 0.03984375 0.025
13 0.29765625 0.75078125 0.17578125 0.02265625
6 0.08671875 0.821875 0.13984375 0.06640625
13 0.325 0.8078125 0.31015625 0.03828125
6 0.18984375 0.84296875 0.03984375 0.025
13 0.3203125 0.8421875 0.22109375 0.02265625
6 0.7515625 0.72578125 0.46328125 0.24140625
6 0.08671875 0.91328125 0.13984375 0.06640625
13 0.325 0.89921875 0.31015625 0.03828125
6 0.18984375 0.934375 0.03984375 0.025
13 0.240625 0.934375 0.06171875 0.02265625
6 0.58984375 0.91328125 0.13984375 0.06640625
13 0.828125 0.9 0.31015625 0.03984375
6 0.69296875 0.934375 0.03984375 0.025
13 0.8015625 0.934375 0.17578125 0.02265625