6 0.013333333333333334 0.05520833333333333 0.02666666666666667 0.016666666666666666
6 0.060833333333333336 0.05520833333333333 0.08 0.05
3 0.36583333333333334 0.05520833333333333 0.5 0.04375
13 0.84 0.05520833333333333 0.10666666666666667 0.058333333333333334
13 0.9466666666666667 0.05520833333333333 0.10666666666666667 0.058333333333333334
13 0.2175 0.103125 0.21166666666666667 0.0375
13 0.45458333333333334 0.103125 0.2625 0.0375
13 0.6633333333333333 0.103125 0.155 0.0375
13 0.8145833333333333 0.103125 0.1475 0.0375
6 0.5 0.3697916666666667 0.9666666666666667 0.44583333333333336
6 0.5 0.3697916666666667 0.9666666666666667 0.44583333333333336
13 0.5 0.43072916666666666 0.9 0.21145833333333333
6 0.07 0.559375 0.04 0.025
13 0.19666666666666666 0.5591145833333333 0.21333333333333335 0.022395833333333334
13 0.3625 0.5591145833333333 0.11833333333333333 0.022395833333333334
6 0.08666666666666667 0.6385416666666667 0.14 0.06666666666666667
13 0.325 0.6252604166666667 0.31 0.04010416666666667
6 0.19 0.659375 0.04 0.025
13 0.28583333333333333 0.6591145833333333 0.15166666666666667 0.022395833333333334
13 0.42083333333333334 0.6580729166666667 0.11833333333333333 0.022395833333333334
6 0.08666666666666667 0.7302083333333333 0.14 0.06666666666666667
13 0.325 0.7169270833333333 0.31 0.04010416666666667
6 0.19 0.7510416666666667 0.04 0.025
13 0.29791666666666666 0.75078125 0.17583333333333334 0.022395833333333334
6 0.08666666666666667 0.821875 0.14 0.06666666666666667
13 0.325 0.8075520833333333 0.31 0.03802083333333333
6 0.19 0.8427083333333333 0.04 0.025
13 0.3204166666666667 0.8424479166666666 0.22083333333333333 0.022395833333333334
6 0.7516666666666667 0.72578125 0.4633333333333333 0.24114583333333334
6 0.08666666666666667 0.9135416666666667 0.14 0.06666666666666667
13 0.325 0.89921875 0.31 0.03802083333333333
6 0.19 0.934375 0.04 0.025
13 0.24083333333333334 0.9341145833333333 0.06166666666666667 0.022395833333333334
6 0.59 0.9135416666666667 0.14 0.06666666666666667
13 0.8283333333333334 0.9002604166666667 0.31 0.04010416666666667
6 0.6933333333333334 0.934375 0.04 0.025
13 0.80125 0.9341145833333333 0.17583333333333334 0.022395833333333334