5 0.06015625 0.05078125 0.09296875 0.05
13 0.1875 0.05078125 0.10859375 0.028125
6 0.953125 0.05078125 0.06640625 0.05
13 0.13359375 0.10078125 0.13671875 0.01953125
13 0.4703125 0.14140625 0.88671875 0.02265625
6 0.03671875 0.16640625 0.0203125 0.0125
13 0.48671875 0.16640625 0.853125 0.01875
0 0.96328125 0.153125 0.0734375 0.04609375
13 0.4703125 0.19609375 0.88671875 0.02265625
6 0.03671875 0.22109375 0.0203125 0.0125
13 0.48671875 0.22109375 0.853125 0.01875
0 0.96328125 0.2078125 0.0734375 0.04609375