13 0.03671875 0.05703125 0.0734375 0.04609375
0 0.03671875 0.05703125 0.0734375 0.04609375
3 0.46015625 0.05625 0.7734375 0.04375
0 0.88359375 0.05703125 0.0734375 0.04609375
0 0.95703125 0.05703125 0.0734375 0.04609375
0 0.0546875 0.103125 0.08359375 0.04609375
0 0.153125 0.103125 0.1125 0.04609375
0 0.26328125 0.103125 0.1078125 0.04609375
0 0.36484375 0.103125 0.09609375 0.04609375
13 0.046875 0.146875 0.06640625 0.04140625
13 0.5 0.146875 0.83984375 0.02265625
0 0.953125 0.146875 0.06640625 0.04140625
13 0.046875 0.1890625 0.06640625 0.04140625
13 0.5 0.1890625 0.83984375 0.02265625
0 0.953125 0.1890625 0.06640625 0.04140625
13 0.046875 0.23125 0.06640625 0.04140625
13 0.5 0.23125 0.83984375 0.02265625
0 0.953125 0.23125 0.06640625 0.04140625
13 0.046875 0.2734375 0.06640625 0.04140625
13 0.5 0.2734375 0.83984375 0.02265625
0 0.953125 0.2734375 0.06640625 0.04140625
13 0.046875 0.315625 0.06640625 0.04140625
13 0.5 0.315625 0.83984375 0.02265625
0 0.953125 0.315625 0.06640625 0.04140625
0 0.39375 0.92734375 0.734375 0.04609375
13 0.83125 0.92734375 0.140625 0.04609375
12 0.94765625 0.92734375 0.078125 0.04609375