13 0.03666666666666667 0.057291666666666664 0.07333333333333333 0.04583333333333333
0 0.03666666666666667 0.057291666666666664 0.07333333333333333 0.04583333333333333
3 0.46 0.05625 0.7733333333333333 0.04375
0 0.8833333333333333 0.057291666666666664 0.07333333333333333 0.04583333333333333
0 0.9566666666666667 0.057291666666666664 0.07333333333333333 0.04583333333333333
0 0.055 0.103125 0.08333333333333333 0.04583333333333333
0 0.15291666666666667 0.103125 0.1125 0.04583333333333333
0 0.2629166666666667 0.103125 0.1075 0.04583333333333333
0 0.3645833333333333 0.103125 0.09583333333333334 0.04583333333333333
13 0.04666666666666667 0.146875 0.06666666666666667 0.041666666666666664
13 0.5 0.14661458333333333 0.84 0.022395833333333334
0 0.9533333333333334 0.146875 0.06666666666666667 0.041666666666666664
13 0.04666666666666667 0.1890625 0.06666666666666667 0.041666666666666664
13 0.5 0.18880208333333334 0.84 0.022395833333333334
0 0.9533333333333334 0.1890625 0.06666666666666667 0.041666666666666664
13 0.04666666666666667 0.23125 0.06666666666666667 0.041666666666666664
13 0.5 0.23098958333333333 0.84 0.022395833333333334
0 0.9533333333333334 0.23125 0.06666666666666667 0.041666666666666664
13 0.04666666666666667 0.2734375 0.06666666666666667 0.041666666666666664
13 0.5 0.27317708333333335 0.84 0.022395833333333334
0 0.9533333333333334 0.2734375 0.06666666666666667 0.041666666666666664
13 0.04666666666666667 0.315625 0.06666666666666667 0.041666666666666664
13 0.5 0.31536458333333334 0.84 0.022395833333333334
0 0.9533333333333334 0.315625 0.06666666666666667 0.041666666666666664
0 0.39375 0.9270833333333334 0.7341666666666666 0.04583333333333333
13 0.83125 0.9270833333333334 0.14083333333333334 0.04583333333333333
12 0.9475 0.9270833333333334 0.07833333333333334 0.04583333333333333