13 0.5 0.052083333333333336 0.145 0.03333333333333333
0 0.6716666666666666 0.052083333333333336 0.06333333333333334 0.03958333333333333
0 0.825 0.052083333333333336 0.06333333333333334 0.03958333333333333
0 0.9016666666666666 0.052083333333333336 0.06333333333333334 0.03958333333333333
6 0.97 0.052083333333333336 0.03666666666666667 0.022916666666666665
13 0.052083333333333336 0.09895833333333333 0.10416666666666667 0.041666666666666664
13 0.16208333333333333 0.09895833333333333 0.11583333333333333 0.041666666666666664
13 0.27416666666666667 0.09895833333333333 0.10833333333333334 0.041666666666666664
13 0.38 0.09895833333333333 0.10333333333333333 0.041666666666666664
13 0.5054166666666666 0.09895833333333333 0.1475 0.041666666666666664
13 0.6279166666666667 0.09895833333333333 0.0975 0.041666666666666664
13 0.73875 0.09895833333333333 0.12416666666666666 0.041666666666666664
13 0.8508333333333333 0.09895833333333333 0.1 0.041666666666666664
13 0.05416666666666667 0.14583333333333334 0.085 0.04375
13 0.1175 0.14583333333333334 0.0016666666666666668 0.03125
13 0.18083333333333335 0.14583333333333334 0.085 0.04375
13 0.24416666666666667 0.14583333333333334 0.0016666666666666668 0.03125
13 0.3 0.14583333333333334 0.07 0.04375
13 0.35583333333333333 0.14583333333333334 0.0016666666666666668 0.03125
13 0.4116666666666667 0.14583333333333334 0.07 0.04375
13 0.4675 0.14583333333333334 0.0016666666666666668 0.03125
13 0.5308333333333334 0.14583333333333334 0.085 0.04375
13 0.5941666666666666 0.14583333333333334 0.0016666666666666668 0.03125
13 0.65 0.14583333333333334 0.07 0.04375
13 0.7408333333333333 0.14583333333333334 0.085 0.04375
13 0.8041666666666667 0.14583333333333334 0.0016666666666666668 0.03125
13 0.8675 0.14583333333333334 0.085 0.04375
0 0.965 0.14583333333333334 0.056666666666666664 0.03958333333333333
13 0.5 0.17239583333333333 1 0.0010416666666666667
5 0.74 0.19739583333333333 0.08 0.036458333333333336
0 0.8233333333333334 0.19791666666666666 0.08333333333333333 0.05
0 0.9325 0.19791666666666666 0.135 0.05
13 0.5 0.29635416666666664 1 0.0010416666666666667
0 0.0375 0.93125 0.075 0.0375
13 0.07583333333333334 0.9307291666666667 0.0016666666666666668 0.03854166666666667
13 0.14333333333333334 0.9307291666666667 0.13333333333333333 0.03854166666666667
13 0.21083333333333334 0.9307291666666667 0.0016666666666666668 0.03854166666666667
13 0.29791666666666666 0.9307291666666667 0.1725 0.03854166666666667
13 0.385 0.9307291666666667 0.0016666666666666668 0.03854166666666667