5 0.06015625 0.059375 0.09296875 0.06640625
13 0.21796875 0.059375 0.196875 0.028125
13 0.7203125 0.059375 0.0796875 0.05
13 0.8 0.059375 0.0796875 0.05
13 0.8796875 0.059375 0.0796875 0.05
6 0.953125 0.059375 0.06640625 0.05
13 0.125 0.109375 0.06640625 0.01953125
13 0.375 0.109375 0.0796875 0.01953125
13 0.625 0.109375 0.06796875 0.01953125
13 0.87421875 0.109375 0.05546875 0.01953125
13 0.00078125 0.16171875 0.0015625 0.05
6 0.05 0.16328125 0.03984375 0.025
13 0.11953125 0.16328125 0.06484375 0.02109375
6 0.228125 0.16328125 0.03984375 0.025
13 0.32421875 0.16328125 0.11796875 0.02109375
6 0.09296875 0.90859375 0.0796875 0.05
13 0.55 0.90859375 0.7265625 0.01953125
6 0.953125 0.90859375 0.0796875 0.08359375