5 0.06 0.059375 0.09333333333333334 0.06666666666666667
13 0.21833333333333332 0.059375 0.19666666666666666 0.028125
13 0.72 0.059375 0.08 0.05
13 0.8 0.059375 0.08 0.05
13 0.88 0.059375 0.08 0.05
6 0.9533333333333334 0.059375 0.06666666666666667 0.05
13 0.125 0.109375 0.06666666666666667 0.019791666666666666
13 0.375 0.109375 0.08 0.019791666666666666
13 0.625 0.109375 0.06833333333333333 0.019791666666666666
13 0.8745833333333334 0.109375 0.05583333333333333 0.019791666666666666
13 0.0008333333333333334 0.16145833333333334 0.0016666666666666668 0.05
6 0.05 0.16354166666666667 0.04 0.025
13 0.13291666666666666 0.16328125 0.0925 0.021354166666666667
6 0.25583333333333336 0.16354166666666667 0.04 0.025
13 0.325 0.16328125 0.065 0.021354166666666667
6 0.43416666666666665 0.16354166666666667 0.04 0.025
13 0.5033333333333333 0.16328125 0.065 0.021354166666666667
6 0.6125 0.16354166666666667 0.04 0.025
13 0.6766666666666666 0.16328125 0.055 0.021354166666666667
6 0.7808333333333334 0.16354166666666667 0.04 0.025
13 0.8404166666666667 0.16328125 0.04583333333333333 0.021354166666666667
6 0.09333333333333334 0.9083333333333333 0.08 0.05
13 0.55 0.9083333333333333 0.7266666666666667 0.019791666666666666
6 0.9533333333333334 0.9083333333333333 0.08 0.08333333333333333