13 0.41484375 0.05234375 0.2171875 0.03359375
0 0.5953125 0.05234375 0.06328125 0.03984375
0 0.671875 0.05234375 0.06328125 0.03984375
0 0.825 0.05234375 0.06328125 0.03984375
0 0.9015625 0.05234375 0.06328125 0.03984375
6 0.9703125 0.05234375 0.03671875 0.02265625
13 0.05234375 0.09921875 0.10390625 0.04140625
13 0.1609375 0.09921875 0.1140625 0.04140625
13 0.27265625 0.09921875 0.10859375 0.04140625
13 0.378125 0.09921875 0.103125 0.04140625
13 0.49140625 0.09921875 0.1234375 0.04140625
13 0.63515625 0.09921875 0.1640625 0.04140625
13 0.76796875 0.09921875 0.1015625 0.04140625
0 0.85390625 0.09921875 0.06640625 0.04140625
0 0.09609375 0.14609375 0.16796875 0.04375
0 0.28828125 0.14609375 0.18984375 0.04375
0 0.5109375 0.14609375 0.228125 0.04375
13 0.64609375 0.14609375 0.0015625 0.03125
13 0.82890625 0.14609375 0.0015625 0.03125
13 0.88515625 0.14609375 0.0703125 0.04375
0 0.96484375 0.14609375 0.05703125 0.03984375
13 0.5 0.17265625 1 0.00078125
13 0.5 0.57578125 1 0.00078125
13 0.0546875 0.60546875 0.109375 0.03359375
0 0.953125 0.60546875 0.09296875 0.03359375
13 0.0421875 0.91875 0.01796875 0.01796875
13 0.3359375 0.91875 0.01796875 0.01796875
13 0.771875 0.1890625 0.23984375 0.040625
13 0.78515625 0.21015625 0.26640625 0.00078125