13 0.41458333333333336 0.052083333333333336 0.2175 0.03333333333333333
0 0.595 0.052083333333333336 0.06333333333333334 0.03958333333333333
0 0.6716666666666666 0.052083333333333336 0.06333333333333334 0.03958333333333333
0 0.825 0.052083333333333336 0.06333333333333334 0.03958333333333333
0 0.9016666666666666 0.052083333333333336 0.06333333333333334 0.03958333333333333
6 0.97 0.052083333333333336 0.03666666666666667 0.022916666666666665
13 0.052083333333333336 0.09895833333333333 0.10416666666666667 0.041666666666666664
13 0.16125 0.09895833333333333 0.11416666666666667 0.041666666666666664
13 0.2725 0.09895833333333333 0.10833333333333334 0.041666666666666664
13 0.37833333333333335 0.09895833333333333 0.10333333333333333 0.041666666666666664
13 0.49166666666666664 0.09895833333333333 0.12333333333333334 0.041666666666666664
13 0.6354166666666666 0.09895833333333333 0.16416666666666666 0.041666666666666664
13 0.7683333333333333 0.09895833333333333 0.10166666666666667 0.041666666666666664
0 0.8541666666666666 0.09895833333333333 0.06666666666666667 0.041666666666666664
0 0.09583333333333334 0.14583333333333334 0.16833333333333333 0.04375
0 0.28833333333333333 0.14583333333333334 0.19 0.04375
0 0.5108333333333334 0.14583333333333334 0.22833333333333333 0.04375
13 0.6458333333333334 0.14583333333333334 0.0016666666666666668 0.03125
13 0.8291666666666667 0.14583333333333334 0.0016666666666666668 0.03125
13 0.885 0.14583333333333334 0.07 0.04375
0 0.965 0.14583333333333334 0.056666666666666664 0.03958333333333333
13 0.5 0.17239583333333333 1 0.0010416666666666667
13 0.5 0.5755208333333334 1 0.0010416666666666667
13 0.05458333333333333 0.60546875 0.10916666666666666 0.033854166666666664
0 0.9533333333333334 0.6057291666666667 0.09333333333333334 0.03333333333333333
13 0.0425 0.9184895833333333 0.018333333333333333 0.018229166666666668
13 0.3358333333333333 0.9184895833333333 0.018333333333333333 0.018229166666666668
13 0.7716666666666666 0.1890625 0.24 0.040625
13 0.785 0.20989583333333334 0.26666666666666666 0.0010416666666666667