13 0.425 0.05234375 0.196875 0.03359375
0 0.5953125 0.05234375 0.06328125 0.03984375
0 0.825 0.05234375 0.06328125 0.03984375
0 0.9015625 0.05234375 0.06328125 0.03984375
6 0.9703125 0.05234375 0.03671875 0.02265625
13 0.05234375 0.09921875 0.10390625 0.04140625
13 0.1609375 0.09921875 0.1140625 0.04140625
13 0.27265625 0.09921875 0.10859375 0.04140625
13 0.378125 0.09921875 0.103125 0.04140625
13 0.490625 0.09921875 0.12109375 0.04140625
13 0.61328125 0.09921875 0.12421875 0.04140625
13 0.72578125 0.09921875 0.1015625 0.04140625
13 0.296875 0.14609375 0.0015625 0.03125
0 0.384375 0.14609375 0.134375 0.04375
0 0.55703125 0.14609375 0.184375 0.04375
0 0.7640625 0.14609375 0.203125 0.04375
0 0.96484375 0.14609375 0.05703125 0.03984375
13 0.5 0.17265625 1 0.00078125