13 0.425 0.052083333333333336 0.19666666666666666 0.03333333333333333
0 0.595 0.052083333333333336 0.06333333333333334 0.03958333333333333
0 0.825 0.052083333333333336 0.06333333333333334 0.03958333333333333
0 0.9016666666666666 0.052083333333333336 0.06333333333333334 0.03958333333333333
6 0.97 0.052083333333333336 0.03666666666666667 0.022916666666666665
13 0.052083333333333336 0.09895833333333333 0.10416666666666667 0.041666666666666664
13 0.16125 0.09895833333333333 0.11416666666666667 0.041666666666666664
13 0.2725 0.09895833333333333 0.10833333333333334 0.041666666666666664
13 0.37833333333333335 0.09895833333333333 0.10333333333333333 0.041666666666666664
13 0.49041666666666667 0.09895833333333333 0.12083333333333333 0.041666666666666664
13 0.6129166666666667 0.09895833333333333 0.12416666666666666 0.041666666666666664
13 0.7258333333333333 0.09895833333333333 0.10166666666666667 0.041666666666666664
13 0.2966666666666667 0.14583333333333334 0.0016666666666666668 0.03125
0 0.38458333333333333 0.14583333333333334 0.13416666666666666 0.04375
0 0.5570833333333334 0.14583333333333334 0.18416666666666667 0.04375
0 0.7641666666666667 0.14583333333333334 0.20333333333333334 0.04375
0 0.965 0.14583333333333334 0.056666666666666664 0.03958333333333333
13 0.5 0.17239583333333333 1 0.0010416666666666667