5 0.06 0.059375 0.09333333333333334 0.06666666666666667
6 0.5 0.059375 0.09333333333333334 0.03333333333333333
13 0.08583333333333333 0.11666666666666667 0.17166666666666666 0.04791666666666667
13 0.27875 0.11666666666666667 0.21416666666666667 0.04791666666666667
13 0.5004166666666666 0.11666666666666667 0.22916666666666666 0.04791666666666667
13 0.7225 0.11666666666666667 0.215 0.04791666666666667
13 0.9025 0.11666666666666667 0.145 0.04791666666666667
13 0.9875 0.11666666666666667 0.025 0.04791666666666667
13 0.5 0.17916666666666667 0.9066666666666666 0.025
6 0.5 0.35520833333333335 0.9066666666666666 0.31875
13 0.5 0.5393229166666667 0.9066666666666666 0.04114583333333333
13 0.5 0.6088541666666667 0.9666666666666667 0.05
13 0.5 0.6703125 0.9066666666666666 0.025
6 0.5 0.8434895833333333 0.9066666666666666 0.31302083333333336