5 0.06015625 0.059375 0.09296875 0.06640625
6 0.5 0.059375 0.09296875 0.03359375
13 0.0859375 0.11640625 0.171875 0.04765625
13 0.27890625 0.11640625 0.2140625 0.04765625
13 0.50078125 0.11640625 0.22890625 0.04765625
13 0.72265625 0.11640625 0.21484375 0.04765625
13 0.90234375 0.11640625 0.1453125 0.04765625
13 0.9875 0.11640625 0.025 0.04765625
13 0.5 0.17890625 0.90703125 0.025
6 0.5 0.35546875 0.90703125 0.31875
13 0.5 0.5390625 0.90703125 0.04140625
13 0.5 0.60859375 0.96640625 0.05
13 0.5 0.6703125 0.90703125 0.025
6 0.49921875 0.84296875 0.9078125 0.3140625