6 0.015833333333333335 0.051041666666666666 0.011666666666666667 0.01875
6 0.07833333333333334 0.051041666666666666 0.10666666666666667 0.03333333333333333
13 0.5758333333333333 0.05078125 0.8483333333333334 0.030729166666666665
13 0.39166666666666666 0.15755208333333334 0.7166666666666667 0.12135416666666667
13 0.38666666666666666 0.2752604166666667 0.7066666666666667 0.05260416666666667
13 0.38666666666666666 0.34817708333333336 0.7066666666666667 0.05260416666666667
13 0.38666666666666666 0.42109375 0.7066666666666667 0.05260416666666667
13 0.38666666666666666 0.4942708333333333 0.7066666666666667 0.028125
13 0.38666666666666666 0.5669270833333333 0.7066666666666667 0.05260416666666667
13 0.9166666666666666 0.371875 0.16666666666666666 0.06666666666666667
5 0.975 0.44166666666666665 0.05 0.052083333333333336
13 0.8795833333333334 0.47760416666666666 0.059166666666666666 0.019791666666666666
10 0.9083333333333333 0.5020833333333333 0.18333333333333332 0.029166666666666667
5 0.8625 0.5515625 0.075 0.046875