6 0.015625 0.05078125 0.01171875 0.01875
6 0.078125 0.05078125 0.10703125 0.03359375
13 0.57578125 0.05078125 0.8484375 0.03046875
13 0.39140625 0.1578125 0.71640625 0.12109375
13 0.38671875 0.275 0.70703125 0.05234375
13 0.38671875 0.3484375 0.70703125 0.05234375
13 0.38671875 0.42109375 0.70703125 0.05234375
13 0.38671875 0.49453125 0.70703125 0.028125
13 0.38671875 0.5671875 0.70703125 0.05234375
13 0.91640625 0.371875 0.16640625 0.06640625
5 0.975 0.44140625 0.05 0.05234375
13 0.8796875 0.47734375 0.059375 0.01953125
10 0.9078125 0.5015625 0.184375 0.028125
5 0.8625 0.5515625 0.075 0.046875