6 0.5 0.05625 1 0.06041666666666667
6 0.03833333333333333 0.05416666666666667 0.043333333333333335 0.027083333333333334
13 0.4995833333333333 0.05625 0.1125 0.029166666666666667
6 0.9616666666666667 0.05416666666666667 0.043333333333333335 0.027083333333333334
6 0.5 0.27395833333333336 0.9 0.3125
13 0.4995833333333333 0.48984375 0.4275 0.0359375
0 0.5 0.6984375 0.4083333333333333 0.05
6 0.5 0.859375 1 0.07708333333333334
5 0.25 0.9182291666666667 0.03666666666666667 0.022916666666666665
13 0.25 0.9380208333333333 0.023333333333333334 0.00625
5 0.75 0.9182291666666667 0.03666666666666667 0.022916666666666665
13 0.7495833333333334 0.9380208333333333 0.0475 0.00625