5 0.06015625 0.059375 0.09296875 0.06640625
13 0.2015625 0.059375 0.1359375 0.028125
13 0.946875 0.059375 0.0796875 0.05
7 0.5 0.0953125 1 0.00546875
13 0.06640625 0.125 0.1328125 0.05625
13 0.56640625 0.12578125 0.81328125 0.02265625
6 0.5 0.15390625 1 0.00078125
13 0.06640625 0.18203125 0.1328125 0.0546875
13 0.56640625 0.1828125 0.81328125 0.02265625
6 0.5 0.2109375 1 0.00078125
13 0.06640625 0.2484375 0.1328125 0.075
13 0.56640625 0.24921875 0.81328125 0.0421875
6 0.5 0.2875 1 0.00078125
13 0.06640625 0.31484375 0.1328125 0.0546875
13 0.56640625 0.315625 0.81328125 0.02265625
6 0.5 0.34453125 1 0.00078125
13 0.06640625 0.371875 0.1328125 0.05625
13 0.56640625 0.37265625 0.81328125 0.02265625
6 0.5 0.40078125 1 0.00078125
13 0.06640625 0.42890625 0.1328125 0.0546875
13 0.56640625 0.4296875 0.81328125 0.02265625
6 0.5 0.4578125 1 0.00078125
13 0.06640625 0.48515625 0.1328125 0.0546875
13 0.56640625 0.4859375 0.81328125 0.02265625
6 0.5 0.51484375 1 0.00078125
13 0.06640625 0.5421875 0.1328125 0.05625
13 0.56640625 0.54296875 0.81328125 0.02265625
6 0.5 0.57109375 1 0.00078125
13 0.06640625 0.59921875 0.1328125 0.0546875
13 0.56640625 0.6 0.81328125 0.02265625
6 0.5 0.628125 1 0.00078125
13 0.06640625 0.65546875 0.1328125 0.0546875
13 0.56640625 0.65625 0.81328125 0.02265625
6 0.5 0.68515625 1 0.00078125
13 0.06640625 0.7125 0.1328125 0.05625
13 0.56640625 0.71328125 0.81328125 0.02265625
6 0.5 0.74140625 1 0.00078125
13 0.06640625 0.76953125 0.1328125 0.0546875
13 0.56640625 0.7703125 0.81328125 0.02265625
6 0.5 0.7984375 1 0.00078125
13 0.06640625 0.8359375 0.1328125 0.075
13 0.56640625 0.83671875 0.81328125 0.0421875
6 0.5 0.875 1 0.00078125
13 0.06640625 0.90234375 0.1328125 0.0546875
13 0.56640625 0.903125 0.81328125 0.02265625
6 0.5 0.93203125 1 0.00078125
13 0.06640625 0.959375 0.1328125 0.05625
13 0.56640625 0.96015625 0.81328125 0.02265625
6 0.5 0.91015625 1 0.0796875