5 0.046875 0.059375 0.09296875 0.05859375
13 0.228125 0.059375 0.228125 0.02109375
13 0.96015625 0.059375 0.0796875 0.05
6 0.0453125 0.12421875 0.03359375 0.02109375
3 0.50859375 0.12421875 0.86015625 0.05234375
6 0.9546875 0.12421875 0.03359375 0.02109375
6 0.5 0.55234375 1 0.79453125
13 0.5 0.1859375 1 0.06171875
13 0.59921875 0.1125 0.06484375 0.02890625
13 0.63984375 0.153125 0.14609375 0.02890625
13 0.65625 0.19375 0.17890625 0.02890625
13 0.64765625 0.234375 0.16171875 0.02890625
6 0.765625 0.234375 0.0578125 0.01875
13 0.7015625 0.275 0.2703125 0.02890625
6 0.8734375 0.275 0.0578125 0.01875
13 0.6578125 0.315625 0.18203125 0.02890625
13 0.62578125 0.35625 0.1171875 0.02890625
13 0.60390625 0.396875 0.075 0.02890625
13 0.61328125 0.4375 0.0921875 0.02890625
13 0.6921875 0.478125 0.25078125 0.02890625
13 0.775 0.89765625 0.45 0.01875
13 0.775 0.92890625 0.10859375 0.02109375