5 0.04666666666666667 0.059375 0.09333333333333334 0.058333333333333334
13 0.22833333333333333 0.05911458333333333 0.22833333333333333 0.021354166666666667
13 0.96 0.059375 0.08 0.05
6 0.045 0.12395833333333334 0.03333333333333333 0.020833333333333332
3 0.5083333333333333 0.12395833333333334 0.86 0.052083333333333336
6 0.955 0.12395833333333334 0.03333333333333333 0.020833333333333332
6 0.5 0.5526041666666667 1 0.7947916666666667
13 0.5 0.1859375 1 0.06145833333333333
13 0.5991666666666666 0.1125 0.065 0.029166666666666667
13 0.6395833333333333 0.153125 0.14583333333333334 0.029166666666666667
13 0.65625 0.19375 0.17916666666666667 0.029166666666666667
13 0.6475 0.234375 0.16166666666666665 0.029166666666666667
6 0.7654166666666666 0.234375 0.0575 0.01875
13 0.7016666666666667 0.275 0.27 0.029166666666666667
6 0.87375 0.275 0.0575 0.01875
13 0.6575 0.315625 0.18166666666666667 0.029166666666666667
13 0.6254166666666666 0.35625 0.1175 0.029166666666666667
13 0.6041666666666666 0.396875 0.075 0.029166666666666667
13 0.6129166666666667 0.4375 0.0925 0.029166666666666667
13 0.6920833333333334 0.478125 0.25083333333333335 0.029166666666666667
13 0.775 0.8973958333333333 0.45 0.01875
13 0.775 0.92890625 0.10833333333333334 0.021354166666666667