5 0.06015625 0.059375 0.09296875 0.06640625
6 0.5 0.059375 0.23359375 0.06640625
6 0.946875 0.059375 0.0796875 0.05
13 0.01015625 0.1171875 0.0203125 0.01875
13 0.20234375 0.11796875 0.20234375 0.01953125
13 0.5 0.11796875 0.28828125 0.01953125
13 0.79765625 0.11796875 0.21796875 0.01953125
13 0.975 0.1171875 0.05 0.01875
6 0.10234375 0.2078125 0.175 0.109375
13 0.5875 0.178125 0.78203125 0.0421875
6 0.10234375 0.33203125 0.175 0.109375
13 0.5875 0.2921875 0.78203125 0.02265625
6 0.10234375 0.45546875 0.175 0.109375
13 0.5875 0.4265625 0.78203125 0.0421875
6 0.10234375 0.5796875 0.175 0.109375
13 0.5875 0.55 0.78203125 0.0421875
6 0.10234375 0.70390625 0.175 0.109375
13 0.5875 0.67421875 0.78203125 0.0421875
6 0.10234375 0.82734375 0.175 0.109375
13 0.5875 0.78828125 0.78203125 0.02265625
6 0.10234375 0.9484375 0.175 0.103125
13 0.5875 0.921875 0.78203125 0.0421875