5 0.06 0.059375 0.09333333333333334 0.06666666666666667
6 0.5 0.059375 0.23333333333333334 0.06666666666666667
6 0.9466666666666667 0.059375 0.08 0.05
13 0.010416666666666666 0.11770833333333333 0.020833333333333332 0.019791666666666666
13 0.20208333333333334 0.11770833333333333 0.2025 0.019791666666666666
13 0.5 0.11770833333333333 0.28833333333333333 0.019791666666666666
13 0.7975 0.11770833333333333 0.21833333333333332 0.019791666666666666
13 0.9754166666666667 0.11770833333333333 0.049166666666666664 0.019791666666666666
6 0.1025 0.2078125 0.175 0.109375
13 0.5875 0.17838541666666666 0.7816666666666666 0.0421875
6 0.1025 0.33177083333333335 0.175 0.109375
13 0.5875 0.29244791666666664 0.7816666666666666 0.022395833333333334
6 0.1025 0.4557291666666667 0.175 0.109375
13 0.5875 0.42630208333333336 0.7816666666666666 0.0421875
6 0.1025 0.5796875 0.175 0.109375
13 0.5875 0.5502604166666667 0.7816666666666666 0.0421875
6 0.1025 0.7036458333333333 0.175 0.109375
13 0.5875 0.67421875 0.7816666666666666 0.0421875
6 0.1025 0.8276041666666667 0.175 0.109375
13 0.5875 0.78828125 0.7816666666666666 0.022395833333333334
6 0.1025 0.9484375 0.175 0.103125
13 0.5875 0.9221354166666667 0.7816666666666666 0.0421875