5 0.06015625 0.059375 0.09296875 0.06640625
13 0.20234375 0.059375 0.1375 0.028125
13 0.0453125 0.14921875 0.07421875 0.02578125
11 0.54140625 0.15078125 0.90078125 0.025
13 0.528125 0.15 0.87421875 0.02265625
13 0.0953125 0.17734375 0.18984375 0.01953125
13 0.0234375 0.2109375 0.0296875 0.0171875
7 0.52734375 0.2109375 0.91171875 0.01015625
13 0.04140625 0.2390625 0.0828125 0.01875
13 0.16640625 0.27421875 0.3328125 0.0171875
13 0.5 0.27421875 0.33359375 0.0171875
13 0.8328125 0.27421875 0.334375 0.0171875
13 0.02421875 0.3078125 0.0484375 0.01875
11 0.1390625 0.30546875 0.17890625 0.025
13 0.10078125 0.30546875 0.103125 0.02265625
13 0.2953125 0.3421875 0.07734375 0.0171875
13 0.3734375 0.3421875 0.0453125 0.0171875
13 0.44296875 0.3421875 0.06171875 0.0171875
13 0.51640625 0.3421875 0.05078125 0.0171875
13 0.603125 0.3421875 0.0890625 0.0171875
13 0.70390625 0.3421875 0.07890625 0.0171875
13 0.2953125 0.359375 0.07734375 0.0171875
13 0.3734375 0.359375 0.06171875 0.0171875
13 0.44296875 0.359375 0.078125 0.0171875
13 0.51640625 0.359375 0.0671875 0.0171875
13 0.603125 0.359375 0.10546875 0.0171875
13 0.70390625 0.359375 0.09609375 0.0171875
13 0.2953125 0.3765625 0.07734375 0.0171875
13 0.3734375 0.3765625 0.06171875 0.0171875
13 0.44296875 0.3765625 0.078125 0.0171875
13 0.51640625 0.3765625 0.0671875 0.0171875
13 0.603125 0.3765625 0.10546875 0.0171875
13 0.70390625 0.3765625 0.09609375 0.0171875
13 0.2953125 0.39375 0.07734375 0.0171875
13 0.3734375 0.39375 0.06171875 0.0171875
13 0.44296875 0.39375 0.078125 0.0171875
13 0.51640625 0.39375 0.0671875 0.0171875
13 0.603125 0.39375 0.10546875 0.0171875
13 0.70390625 0.39375 0.09609375 0.0171875
13 0.0421875 0.428125 0.084375 0.01953125
11 0.1625 0.42578125 0.15703125 0.025
13 0.134375 0.425 0.1 0.02265625
13 0.2953125 0.4625 0.0953125 0.0171875
13 0.38203125 0.4625 0.0453125 0.0171875
13 0.4515625 0.4625 0.06171875 0.0171875
13 0.52421875 0.4625 0.05078125 0.0171875
13 0.6109375 0.4625 0.0890625 0.0171875
13 0.71171875 0.4625 0.07890625 0.0171875
13 0.2953125 0.4796875 0.0953125 0.0171875
13 0.38203125 0.4796875 0.06171875 0.0171875
13 0.4515625 0.4796875 0.078125 0.0171875
13 0.52421875 0.4796875 0.0671875 0.0171875
13 0.6109375 0.4796875 0.10546875 0.0171875
13 0.71171875 0.4796875 0.09609375 0.0171875
13 0.2953125 0.496875 0.0953125 0.0171875
13 0.38203125 0.496875 0.06171875 0.0171875
13 0.4515625 0.496875 0.078125 0.0171875
13 0.52421875 0.496875 0.0671875 0.0171875
13 0.6109375 0.496875 0.10546875 0.0171875
13 0.71171875 0.496875 0.09609375 0.0171875
13 0.2953125 0.5140625 0.0953125 0.0171875
13 0.38203125 0.5140625 0.06171875 0.0171875
13 0.4515625 0.5140625 0.078125 0.0171875
13 0.52421875 0.5140625 0.0671875 0.0171875
13 0.6109375 0.5140625 0.10546875 0.0171875
13 0.71171875 0.5140625 0.09609375 0.0171875
13 0.2953125 0.53125 0.0953125 0.0171875
13 0.38203125 0.53125 0.06171875 0.0171875
13 0.4515625 0.53125 0.078125 0.0171875
13 0.52421875 0.53125 0.0671875 0.0171875
13 0.6109375 0.53125 0.10546875 0.0171875
13 0.71171875 0.53125 0.09609375 0.0171875
13 0.2953125 0.5484375 0.0953125 0.0171875
13 0.38203125 0.5484375 0.06171875 0.0171875
13 0.4515625 0.5484375 0.078125 0.0171875
13 0.52421875 0.5484375 0.0671875 0.0171875
13 0.6109375 0.5484375 0.10546875 0.0171875
13 0.71171875 0.5484375 0.09609375 0.0171875
6 0.06640625 0.07578125 0.0796875 0.06640625
2 0.26640625 0.159375 0.453125 0.05
2 0.26640625 0.209375 0.453125 0.05
2 0.26640625 0.259375 0.453125 0.05
2 0.26640625 0.309375 0.453125 0.05
2 0.26640625 0.359375 0.453125 0.05
2 0.26640625 0.409375 0.453125 0.05
2 0.26640625 0.47734375 0.453125 0.05
2 0.26640625 0.52734375 0.453125 0.05