5 0.06 0.059375 0.09333333333333334 0.06666666666666667
13 0.20208333333333334 0.059375 0.1375 0.028125
13 0.04541666666666667 0.14921875 0.07416666666666667 0.025520833333333333
11 0.54125 0.15052083333333333 0.9008333333333334 0.025
13 0.5279166666666667 0.15026041666666667 0.8741666666666666 0.022395833333333334
13 0.095 0.17708333333333334 0.19 0.019791666666666666
13 0.023333333333333334 0.21119791666666668 0.03 0.0171875
7 0.5275 0.2109375 0.9116666666666666 0.010416666666666666
13 0.041666666666666664 0.24010416666666667 0.08333333333333333 0.019791666666666666
13 0.16666666666666666 0.27421875 0.3333333333333333 0.0171875
13 0.5 0.27421875 0.3333333333333333 0.0171875
13 0.8333333333333334 0.27421875 0.3333333333333333 0.0171875
13 0.024583333333333332 0.30833333333333335 0.049166666666666664 0.019791666666666666
11 0.13875 0.30572916666666666 0.17916666666666667 0.025
13 0.10083333333333333 0.30546875 0.10333333333333333 0.022395833333333334
13 0.29541666666666666 0.3424479166666667 0.0775 0.0171875
13 0.37333333333333335 0.3424479166666667 0.045 0.0171875
13 0.44333333333333336 0.3424479166666667 0.06166666666666667 0.0171875
13 0.51625 0.3424479166666667 0.050833333333333335 0.0171875
13 0.6029166666666667 0.3424479166666667 0.08916666666666667 0.0171875
13 0.70375 0.3424479166666667 0.07916666666666666 0.0171875
13 0.29541666666666666 0.35963541666666665 0.0775 0.0171875
13 0.37333333333333335 0.35963541666666665 0.06166666666666667 0.0171875
13 0.44333333333333336 0.35963541666666665 0.07833333333333334 0.0171875
13 0.51625 0.35963541666666665 0.0675 0.0171875
13 0.6029166666666667 0.35963541666666665 0.10583333333333333 0.0171875
13 0.70375 0.35963541666666665 0.09583333333333334 0.0171875
13 0.29541666666666666 0.3768229166666667 0.0775 0.0171875
13 0.37333333333333335 0.3768229166666667 0.06166666666666667 0.0171875
13 0.44333333333333336 0.3768229166666667 0.07833333333333334 0.0171875
13 0.51625 0.3768229166666667 0.0675 0.0171875
13 0.6029166666666667 0.3768229166666667 0.10583333333333333 0.0171875
13 0.70375 0.3768229166666667 0.09583333333333334 0.0171875
13 0.29541666666666666 0.39401041666666664 0.0775 0.0171875
13 0.37333333333333335 0.39401041666666664 0.06166666666666667 0.0171875
13 0.44333333333333336 0.39401041666666664 0.07833333333333334 0.0171875
13 0.51625 0.39401041666666664 0.0675 0.0171875
13 0.6029166666666667 0.39401041666666664 0.10583333333333333 0.0171875
13 0.70375 0.39401041666666664 0.09583333333333334 0.0171875
13 0.042083333333333334 0.428125 0.08416666666666667 0.019791666666666666
11 0.1625 0.42552083333333335 0.15666666666666668 0.025
13 0.13416666666666666 0.42526041666666664 0.1 0.022395833333333334
13 0.295 0.4622395833333333 0.095 0.0171875
13 0.38166666666666665 0.4622395833333333 0.045 0.0171875
13 0.45166666666666666 0.4622395833333333 0.06166666666666667 0.0171875
13 0.5245833333333333 0.4622395833333333 0.050833333333333335 0.0171875
13 0.61125 0.4622395833333333 0.08916666666666667 0.0171875
13 0.7120833333333333 0.4622395833333333 0.07916666666666666 0.0171875
13 0.295 0.47942708333333334 0.095 0.0171875
13 0.38166666666666665 0.47942708333333334 0.06166666666666667 0.0171875
13 0.45166666666666666 0.47942708333333334 0.07833333333333334 0.0171875
13 0.5245833333333333 0.47942708333333334 0.0675 0.0171875
13 0.61125 0.47942708333333334 0.10583333333333333 0.0171875
13 0.7120833333333333 0.47942708333333334 0.09583333333333334 0.0171875
13 0.295 0.49661458333333336 0.095 0.0171875
13 0.38166666666666665 0.49661458333333336 0.06166666666666667 0.0171875
13 0.45166666666666666 0.49661458333333336 0.07833333333333334 0.0171875
13 0.5245833333333333 0.49661458333333336 0.0675 0.0171875
13 0.61125 0.49661458333333336 0.10583333333333333 0.0171875
13 0.7120833333333333 0.49661458333333336 0.09583333333333334 0.0171875
13 0.295 0.5138020833333333 0.095 0.0171875
13 0.38166666666666665 0.5138020833333333 0.06166666666666667 0.0171875
13 0.45166666666666666 0.5138020833333333 0.07833333333333334 0.0171875
13 0.5245833333333333 0.5138020833333333 0.0675 0.0171875
13 0.61125 0.5138020833333333 0.10583333333333333 0.0171875
13 0.7120833333333333 0.5138020833333333 0.09583333333333334 0.0171875
13 0.295 0.5309895833333333 0.095 0.0171875
13 0.38166666666666665 0.5309895833333333 0.06166666666666667 0.0171875
13 0.45166666666666666 0.5309895833333333 0.07833333333333334 0.0171875
13 0.5245833333333333 0.5309895833333333 0.0675 0.0171875
13 0.61125 0.5309895833333333 0.10583333333333333 0.0171875
13 0.7120833333333333 0.5309895833333333 0.09583333333333334 0.0171875
13 0.295 0.5481770833333334 0.095 0.0171875
13 0.38166666666666665 0.5481770833333334 0.06166666666666667 0.0171875
13 0.45166666666666666 0.5481770833333334 0.07833333333333334 0.0171875
13 0.5245833333333333 0.5481770833333334 0.0675 0.0171875
13 0.61125 0.5481770833333334 0.10583333333333333 0.0171875
13 0.7120833333333333 0.5481770833333334 0.09583333333333334 0.0171875
6 0.06666666666666667 0.07604166666666666 0.08 0.06666666666666667
2 0.26666666666666666 0.159375 0.4533333333333333 0.05
2 0.26666666666666666 0.209375 0.4533333333333333 0.05
2 0.26666666666666666 0.259375 0.4533333333333333 0.05
2 0.26666666666666666 0.309375 0.4533333333333333 0.05
2 0.26666666666666666 0.359375 0.4533333333333333 0.05
2 0.26666666666666666 0.409375 0.4533333333333333 0.05
2 0.26666666666666666 0.47708333333333336 0.4533333333333333 0.05
2 0.26666666666666666 0.5270833333333333 0.4533333333333333 0.05