5 0.06 0.059375 0.09333333333333334 0.06666666666666667
6 0.5066666666666667 0.059375 0.2 0.05
6 0.9533333333333334 0.059375 0.06666666666666667 0.05
6 0.5 0.26848958333333334 1 0.3515625
13 0.12916666666666668 0.4817708333333333 0.19166666666666668 0.025
13 0.5 0.5244791666666667 0.9333333333333333 0.06041666666666667
13 0.5 0.5703125 0.9333333333333333 0.03125
13 0.5 0.5984375 0.9333333333333333 0.025
13 0.5 0.6328125 0.9333333333333333 0.04375
6 0.4625 0.8299479166666667 0.9083333333333333 0.34010416666666665
6 0.9666666666666667 0.8299479166666667 0.06666666666666667 0.34010416666666665