6 0.5 0.06171875 0.38984375 0.02890625
13 0.49921875 0.109375 0.140625 0.03359375
13 0.4796875 0.15390625 0.0203125 0.03125
13 0.5 0.15390625 0.0203125 0.03125
13 0.5203125 0.15390625 0.0203125 0.03125
13 0.11640625 0.2640625 0.15 0.05390625
3 0.575 0.2640625 0.7 0.028125
13 0.11640625 0.32890625 0.15 0.05390625
13 0.575 0.32890625 0.7 0.028125
13 0.11640625 0.39296875 0.15 0.05390625
13 0.575 0.39296875 0.7 0.028125
13 0.1953125 0.4421875 0.3078125 0.02265625
0 0.43046875 0.45546875 0.146875 0.05
13 0.5 0.92421875 0.13515625 0.028125
13 0.96640625 0.9234375 0.03359375 0.02109375