3 0.5004166666666666 0.05651041666666667 0.9441666666666667 0.049479166666666664
6 0.10125 0.13125 0.0975 0.059375
6 0.2604166666666667 0.13125 0.0725 0.04895833333333333
6 0.4216666666666667 0.13098958333333333 0.12833333333333333 0.0609375
6 0.74125 0.7541666666666667 0.11916666666666667 0.07083333333333333
6 0.9 0.7541666666666667 0.10666666666666667 0.07083333333333333
6 0.09875 0.9015625 0.0825 0.053125
6 0.23583333333333334 0.9020833333333333 0.095 0.042708333333333334
6 0.36875 0.9002604166666667 0.08416666666666667 0.050520833333333334
6 0.6370833333333333 0.8994791666666667 0.08083333333333333 0.04479166666666667
6 0.76875 0.9002604166666667 0.0725 0.050520833333333334
6 0.9025 0.9002604166666667 0.09333333333333334 0.04739583333333333
13 0.7425 0.803125 0.07 0.017708333333333333
13 0.9 0.8041666666666667 0.10166666666666667 0.017708333333333333
13 0.10166666666666667 0.178125 0.095 0.017708333333333333
13 0.2608333333333333 0.17734375 0.13 0.0203125
13 0.4195833333333333 0.1765625 0.14083333333333334 0.019791666666666666