3 0.50078125 0.05625 0.94453125 0.04921875
6 0.1015625 0.13125 0.09765625 0.059375
6 0.26015625 0.13125 0.07265625 0.04921875
6 0.421875 0.13125 0.128125 0.0609375
6 0.74140625 0.75390625 0.11953125 0.07109375
6 0.9 0.75390625 0.10703125 0.07109375
6 0.0984375 0.9015625 0.0828125 0.053125
6 0.2359375 0.90234375 0.0953125 0.04296875
6 0.36875 0.9 0.084375 0.05078125
6 0.63671875 0.89921875 0.08046875 0.04453125
6 0.76875 0.9 0.07265625 0.05078125
6 0.90234375 0.9 0.09296875 0.04765625
13 0.7421875 0.803125 0.0703125 0.01796875
13 0.9 0.80390625 0.1015625 0.01796875
13 0.1015625 0.178125 0.0953125 0.01796875
13 0.2609375 0.17734375 0.1296875 0.0203125
13 0.41953125 0.1765625 0.140625 0.01953125