5 0.06 0.059375 0.09333333333333334 0.06666666666666667
13 0.21375 0.059375 0.20083333333333334 0.028125
0 0.36666666666666664 0.43697916666666664 0.10666666666666667 0.06875
3 0.36666666666666664 0.49635416666666665 0.10666666666666667 0.05
0 0.36666666666666664 0.5557291666666667 0.10666666666666667 0.06875
13 0.43291666666666667 0.49635416666666665 0.005833333333333334 0.019791666666666666
0 0.49916666666666665 0.43697916666666664 0.10666666666666667 0.06875
3 0.49916666666666665 0.49635416666666665 0.10666666666666667 0.05
0 0.49916666666666665 0.5557291666666667 0.10666666666666667 0.06875
3 0.6325 0.49635416666666665 0.10666666666666667 0.05
0 0.6325 0.5557291666666667 0.10666666666666667 0.06875
5 0.9266666666666666 0.9041666666666667 0.13333333333333333 0.09583333333333334