5 0.06015625 0.059375 0.09296875 0.06640625
13 0.2140625 0.059375 0.20078125 0.028125
0 0.36640625 0.43671875 0.10703125 0.06875
3 0.36640625 0.49609375 0.10703125 0.05
0 0.36640625 0.55546875 0.10703125 0.06875
13 0.4328125 0.49609375 0.00546875 0.01953125
0 0.49921875 0.43671875 0.10703125 0.06875
3 0.49921875 0.49609375 0.10703125 0.05
0 0.49921875 0.55546875 0.10703125 0.06875
3 0.6328125 0.49609375 0.10703125 0.05
0 0.6328125 0.55546875 0.10703125 0.06875
5 0.9265625 0.90390625 0.13359375 0.09609375