5 0.06015625 0.059375 0.09296875 0.06640625
13 0.19140625 0.059375 0.11640625 0.02578125
13 0.8 0.059375 0.0796875 0.05
13 0.8796875 0.059375 0.0796875 0.05
6 0.953125 0.059375 0.06640625 0.05
13 0.03203125 0.1140625 0.0640625 0.0421875
13 0.15546875 0.1140625 0.18359375 0.0421875
13 0.33984375 0.1140625 0.184375 0.0421875
13 0.5 0.1140625 0.13671875 0.0421875
13 0.66328125 0.1140625 0.18984375 0.0421875
13 0.84921875 0.1140625 0.1828125 0.0421875
13 0.9703125 0.1140625 0.059375 0.0421875
13 0.5 0.18203125 0.91015625 0.01953125
0 0.7796875 0.2359375 0.1328125 0.0375
0 0.9140625 0.2359375 0.109375 0.0375
6 0.04921875 0.29765625 0.03828125 0.02421875
13 0.484375 0.29765625 0.778125 0.01953125
6 0.946875 0.29765625 0.0796875 0.03984375
13 0.04140625 0.32734375 0.0234375 0.015625
13 0.3203125 0.34921875 0.1015625 0.01875
6 0.40546875 0.34921875 0.05703125 0.03515625
13 0.49921875 0.34921875 0.12421875 0.0375
6 0.59140625 0.34921875 0.053125 0.03359375
13 0.66796875 0.34921875 0.0859375 0.01875
6 0.96796875 0.36796875 0.03671875 0.02265625
13 0.04140625 0.3875 0.0234375 0.015625
13 0.33515625 0.41015625 0.08828125 0.01875
6 0.4140625 0.41015625 0.05703125 0.03515625
13 0.5 0.41015625 0.10859375 0.0375
6 0.584375 0.41015625 0.053125 0.03359375
13 0.64140625 0.41015625 0.0484375 0.01875
6 0.96796875 0.42890625 0.03671875 0.02265625
6 0.04921875 0.46875 0.03828125 0.02421875
13 0.484375 0.46875 0.778125 0.01953125
6 0.946875 0.46796875 0.0796875 0.03984375
13 0.04140625 0.49765625 0.0234375 0.015625
13 0.2640625 0.5203125 0.2296875 0.01875
6 0.4140625 0.5203125 0.05703125 0.03515625
13 0.5 0.5203125 0.10859375 0.0375
6 0.584375 0.5203125 0.053125 0.03359375
13 0.71640625 0.5203125 0.1984375 0.01875
6 0.04921875 0.57890625 0.03828125 0.02421875
13 0.484375 0.57890625 0.778125 0.01953125
6 0.946875 0.57890625 0.0796875 0.03984375
13 0.04140625 0.60859375 0.0234375 0.015625
13 0.3171875 0.63046875 0.12421875 0.01875
6 0.4140625 0.63046875 0.05703125 0.03515625
13 0.5 0.63046875 0.10859375 0.0375
6 0.584375 0.63046875 0.053125 0.03359375
13 0.67421875 0.63046875 0.11328125 0.01875
6 0.96796875 0.64921875 0.03671875 0.02265625
13 0.04140625 0.66875 0.0234375 0.015625
13 0.31640625 0.69140625 0.12578125 0.01875
6 0.4140625 0.69140625 0.05703125 0.03515625
13 0.5 0.69140625 0.10859375 0.0375
6 0.584375 0.69140625 0.053125 0.03359375
13 0.67890625 0.69140625 0.1234375 0.01875
6 0.96796875 0.71015625 0.03671875 0.02265625
6 0.04921875 0.75 0.03828125 0.02421875
13 0.484375 0.75 0.778125 0.01953125
6 0.946875 0.74921875 0.0796875 0.03984375
13 0.04140625 0.77890625 0.0234375 0.015625
13 0.33515625 0.8015625 0.0875 0.01875
6 0.4140625 0.8015625 0.05703125 0.03515625
13 0.5 0.8015625 0.10859375 0.0375
6 0.584375 0.8015625 0.053125 0.03359375
13 0.70234375 0.8015625 0.16953125 0.01875
6 0.96796875 0.8203125 0.03671875 0.02265625
13 0.04140625 0.83984375 0.0234375 0.015625
13 0.34921875 0.86171875 0.06015625 0.01875
6 0.4140625 0.86171875 0.05703125 0.03515625
13 0.5 0.86171875 0.10859375 0.0375
6 0.584375 0.86171875 0.053125 0.03359375
13 0.659375 0.86171875 0.08359375 0.01875
6 0.96796875 0.88046875 0.03671875 0.02265625
13 0.04140625 0.9 0.0234375 0.015625
13 0.32890625 0.92265625 0.1 0.01875
6 0.4140625 0.92265625 0.05703125 0.03515625
13 0.5 0.92265625 0.10859375 0.0375
6 0.584375 0.92265625 0.053125 0.03359375
13 0.7171875 0.92265625 0.19921875 0.01875