5 0.06015625 0.059375 0.09296875 0.06640625
13 0.86640625 0.059375 0.0796875 0.05
13 0.946875 0.059375 0.0796875 0.05
6 0.5 0.11484375 0.15 0.09375
13 0.5 0.19296875 0.2453125 0.02578125
6 0.42734375 0.2296875 0.05 0.03125
13 0.50703125 0.2296875 0.075 0.03125
6 0.57734375 0.2296875 0.03984375 0.025
6 0.053125 0.28203125 0.053125 0.03359375
13 0.4734375 0.28203125 0.78046875 0.028125
13 0.91875 0.28203125 0.109375 0.028125
6 0.053125 0.3375 0.053125 0.03359375
13 0.528125 0.3375 0.88984375 0.028125