5 0.06 0.059375 0.09333333333333334 0.06666666666666667
13 0.8666666666666667 0.059375 0.08 0.05
13 0.9466666666666667 0.059375 0.08 0.05
6 0.5 0.11458333333333333 0.15 0.09375
13 0.5 0.19296875 0.245 0.025520833333333333
6 0.4275 0.2296875 0.05 0.03125
13 0.5066666666666667 0.2296875 0.075 0.03125
6 0.5775 0.2296875 0.04 0.025
6 0.05333333333333334 0.28229166666666666 0.05333333333333334 0.03333333333333333
13 0.47375 0.28229166666666666 0.7808333333333334 0.028125
13 0.91875 0.28229166666666666 0.10916666666666666 0.028125
6 0.05333333333333334 0.3375 0.05333333333333334 0.03333333333333333
13 0.5283333333333333 0.3375 0.89 0.028125