6 0.08 0.059375 0.08 0.05
13 0.195 0.059375 0.15 0.028125
13 0.8 0.059375 0.08 0.05
13 0.88 0.059375 0.08 0.05
6 0.9533333333333334 0.059375 0.06666666666666667 0.05
13 0.34958333333333336 0.11770833333333333 0.12416666666666666 0.019791666666666666
13 0.6508333333333334 0.11770833333333333 0.145 0.019791666666666666
6 0.16666666666666666 0.28489583333333335 0.25 0.234375
6 0.1875 0.20911458333333333 0.20833333333333334 0.0828125
13 0.16666666666666666 0.41458333333333336 0.26666666666666666 0.025
13 0.16666666666666666 0.43697916666666664 0.09833333333333333 0.019791666666666666
6 0.5 0.28489583333333335 0.25 0.234375
6 0.5208333333333334 0.20911458333333333 0.20833333333333334 0.0828125
13 0.5 0.41458333333333336 0.26666666666666666 0.025
13 0.5 0.43697916666666664 0.09833333333333333 0.019791666666666666
6 0.8333333333333334 0.28489583333333335 0.25 0.234375
6 0.8541666666666666 0.20911458333333333 0.20833333333333334 0.0828125
13 0.8333333333333334 0.41458333333333336 0.26666666666666666 0.025
13 0.8333333333333334 0.43697916666666664 0.09833333333333333 0.019791666666666666