6 0.0796875 0.059375 0.0796875 0.05
13 0.1953125 0.059375 0.15 0.028125
13 0.8 0.059375 0.0796875 0.05
13 0.8796875 0.059375 0.0796875 0.05
6 0.953125 0.059375 0.06640625 0.05
13 0.34921875 0.11796875 0.12421875 0.01953125
13 0.65078125 0.11796875 0.1453125 0.01953125
6 0.16640625 0.28515625 0.25 0.234375
6 0.1875 0.209375 0.20859375 0.0828125
13 0.16640625 0.41484375 0.26640625 0.025
13 0.16640625 0.43671875 0.0984375 0.01953125
6 0.5 0.28515625 0.25 0.234375
6 0.52109375 0.209375 0.20859375 0.0828125
13 0.5 0.41484375 0.26640625 0.025
13 0.5 0.43671875 0.0984375 0.01953125
6 0.83359375 0.28515625 0.25 0.234375
6 0.85390625 0.209375 0.20859375 0.0828125
13 0.83359375 0.41484375 0.26640625 0.025
13 0.83359375 0.43671875 0.0984375 0.01953125