5 0.04 0.051041666666666666 0.08 0.05
13 0.4995833333333333 0.07421875 0.26916666666666667 0.033854166666666664
13 0.4995833333333333 0.10494791666666667 0.2725 0.021354166666666667
3 0.5 0.37864583333333335 0.37666666666666665 0.035416666666666666
3 0.5 0.4140625 0.37666666666666665 0.035416666666666666
3 0.5 0.44947916666666665 0.37666666666666665 0.035416666666666666
3 0.5 0.48489583333333336 0.37666666666666665 0.035416666666666666
13 0.6416666666666667 0.54375 0.08333333333333333 0.03125
6 0.5 0.48802083333333335 1 0.9239583333333333
6 0.475 0.04375 0.016666666666666666 0.010416666666666666
6 0.49166666666666664 0.04375 0.016666666666666666 0.010416666666666666
6 0.5083333333333333 0.04375 0.016666666666666666 0.010416666666666666
6 0.525 0.04375 0.016666666666666666 0.010416666666666666
6 0.5 0.7940104166666667 1 0.0036458333333333334
13 0.4995833333333333 0.8565104166666667 0.31583333333333335 0.021354166666666667
6 0.42 0.83203125 0.085 0.0515625
13 0.53 0.83203125 0.18333333333333332 0.015104166666666667
13 0.4995833333333333 0.8731770833333333 0.43583333333333335 0.021354166666666667
6 0.5 0.8924479166666667 1 0.0005208333333333333
6 0.5 0.9213541666666667 1 0.057291666666666664
0 0.30833333333333335 0.9171875 0.2 0.03958333333333333
0 0.5216666666666666 0.9192708333333334 0.2 0.042708333333333334
13 0.7133333333333334 0.9171875 0.15666666666666668 0.03958333333333333
13 0.13333333333333333 0.4393229166666667 0.08666666666666667 0.030729166666666665
13 0.15208333333333332 0.48671875 0.12416666666666666 0.022395833333333334
13 0.87875 0.55 0.08916666666666667 0.0375