13 0.4995833333333333 0.07421875 0.26916666666666667 0.033854166666666664
13 0.5 0.12161458333333333 0.35 0.021354166666666667
13 0.4995833333333333 0.10494791666666667 0.1725 0.021354166666666667
6 0.5 0.28567708333333336 0.245 0.3067708333333333
0 0.5 0.4640625 0.4766666666666667 0.05
0 0.5 0.5244791666666667 0.4666666666666667 0.05
13 0.4995833333333333 0.70078125 0.43583333333333335 0.021354166666666667
13 0.4995833333333333 0.6841145833333333 0.31583333333333335 0.021354166666666667
6 0.4058333333333333 0.5752604166666667 0.085 0.0515625
13 0.5304166666666666 0.5752604166666667 0.2125 0.0171875
6 0.5 0.48802083333333335 1 0.9239583333333333
6 0.475 0.04375 0.016666666666666666 0.010416666666666666
6 0.49166666666666664 0.04375 0.016666666666666666 0.010416666666666666
6 0.5083333333333333 0.04375 0.016666666666666666 0.010416666666666666
6 0.525 0.04375 0.016666666666666666 0.010416666666666666
6 0.5 0.7940104166666667 1 0.0036458333333333334
13 0.4995833333333333 0.8565104166666667 0.31583333333333335 0.021354166666666667
6 0.42 0.83203125 0.085 0.0515625
13 0.53 0.83203125 0.18333333333333332 0.015104166666666667
13 0.4995833333333333 0.8731770833333333 0.43583333333333335 0.021354166666666667
6 0.5 0.8924479166666667 1 0.0005208333333333333
6 0.5 0.9213541666666667 1 0.057291666666666664
0 0.30833333333333335 0.9171875 0.2 0.03958333333333333
0 0.5216666666666666 0.9192708333333334 0.2 0.042708333333333334
13 0.7133333333333334 0.9171875 0.15666666666666668 0.03958333333333333