13 0.49921875 0.07421875 0.26953125 0.03359375
13 0.5 0.121875 0.35 0.02109375
13 0.49921875 0.1046875 0.17265625 0.02109375
6 0.5 0.2859375 0.2453125 0.30703125
0 0.5 0.4640625 0.4765625 0.05
0 0.5 0.52421875 0.46640625 0.05
13 0.49921875 0.70078125 0.4359375 0.02109375
13 0.49921875 0.684375 0.315625 0.02109375
6 0.40546875 0.575 0.08515625 0.0515625
13 0.53046875 0.575 0.2125 0.0171875
6 0.5 0.48828125 1 0.92421875
6 0.475 0.04375 0.01640625 0.01015625
6 0.49140625 0.04375 0.01640625 0.01015625
6 0.50859375 0.04375 0.01640625 0.01015625
6 0.525 0.04375 0.01640625 0.01015625
6 0.5 0.79375 1 0.00390625
13 0.49921875 0.85625 0.315625 0.02109375
6 0.4203125 0.83203125 0.08515625 0.0515625
13 0.5296875 0.83203125 0.18359375 0.01484375
13 0.49921875 0.8734375 0.4359375 0.02109375
6 0.5 0.8921875 1 0.00078125
6 0.5 0.92109375 1 0.05703125
0 0.30859375 0.9171875 0.2 0.03984375
0 0.521875 0.91953125 0.2 0.04296875
13 0.71328125 0.9171875 0.15703125 0.03984375