10 0.94765625 0.43359375 0.05234375 0.196875
5 0.08828125 0.08125 0.16328125 0.10234375
13 0.08203125 0.72109375 0.16328125 0.034375
5 0.08203125 0.78984375 0.1484375 0.09296875
13 0.2453125 0.72109375 0.16328125 0.034375
5 0.2453125 0.78984375 0.1484375 0.09296875
13 0.40859375 0.72109375 0.16328125 0.034375
5 0.40859375 0.78984375 0.1484375 0.09296875
13 0.571875 0.72109375 0.16328125 0.034375
5 0.571875 0.78984375 0.1484375 0.09296875
13 0.73515625 0.72109375 0.16328125 0.034375
5 0.73515625 0.78984375 0.1484375 0.09296875
13 0.8984375 0.72109375 0.16328125 0.034375
5 0.8984375 0.78984375 0.1484375 0.09296875
13 0.98984375 0.72109375 0.0203125 0.034375
5 0.99375 0.78984375 0.0125 0.09296875
6 0.1203125 0.87890625 0.1890625 0.0765625
13 0.1203125 0.93359375 0.1890625 0.0328125
6 0.290625 0.87890625 0.1515625 0.0765625
13 0.290625 0.93359375 0.1515625 0.0328125
6 0.4421875 0.87890625 0.1515625 0.0765625
13 0.4421875 0.93359375 0.1515625 0.0328125
6 0.59453125 0.87890625 0.1515625 0.0765625
13 0.59453125 0.93359375 0.1515625 0.0328125
6 0.74609375 0.87890625 0.1515625 0.0765625
13 0.74609375 0.93359375 0.1515625 0.0328125
6 0.89765625 0.87890625 0.15234375 0.0765625
13 0.89765625 0.93359375 0.15234375 0.0328125
6 0.0296875 0.48671875 0.059375 0.0484375