10 0.9479166666666666 0.43333333333333335 0.0525 0.196875
5 0.08833333333333333 0.08125 0.16333333333333333 0.10208333333333333
13 0.08166666666666667 0.7213541666666666 0.16333333333333333 0.034375
5 0.08166666666666667 0.7895833333333333 0.14833333333333334 0.09270833333333334
13 0.245 0.7213541666666666 0.16333333333333333 0.034375
5 0.245 0.7895833333333333 0.14833333333333334 0.09270833333333334
13 0.4083333333333333 0.7213541666666666 0.16333333333333333 0.034375
5 0.4083333333333333 0.7895833333333333 0.14833333333333334 0.09270833333333334
13 0.5716666666666667 0.7213541666666666 0.16333333333333333 0.034375
5 0.5716666666666667 0.7895833333333333 0.14833333333333334 0.09270833333333334
13 0.735 0.7213541666666666 0.16333333333333333 0.034375
5 0.735 0.7895833333333333 0.14833333333333334 0.09270833333333334
13 0.8983333333333333 0.7213541666666666 0.16333333333333333 0.034375
5 0.8983333333333333 0.7895833333333333 0.14833333333333334 0.09270833333333334
13 0.99 0.7213541666666666 0.02 0.034375
5 0.99375 0.7895833333333333 0.0125 0.09270833333333334
6 0.12041666666666667 0.87890625 0.18916666666666668 0.0765625
13 0.12041666666666667 0.93359375 0.18916666666666668 0.0328125
6 0.29083333333333333 0.87890625 0.15166666666666667 0.0765625
13 0.29083333333333333 0.93359375 0.15166666666666667 0.0328125
6 0.4425 0.87890625 0.15166666666666667 0.0765625
13 0.4425 0.93359375 0.15166666666666667 0.0328125
6 0.5941666666666666 0.87890625 0.15166666666666667 0.0765625
13 0.5941666666666666 0.93359375 0.15166666666666667 0.0328125
6 0.7458333333333333 0.87890625 0.15166666666666667 0.0765625
13 0.7458333333333333 0.93359375 0.15166666666666667 0.0328125
6 0.8979166666666667 0.87890625 0.1525 0.0765625
13 0.8979166666666667 0.93359375 0.1525 0.0328125
6 0.03 0.48776041666666664 0.06 0.04739583333333333