6 0.07890625 0.075 0.1578125 0.1
0 0.49921875 0.06796875 0.165625 0.0625
6 0.9234375 0.08359375 0.1078125 0.0875
13 0.9234375 0.14140625 0.07890625 0.0171875
5 0.06640625 0.8234375 0.1328125 0.084375
5 0.2 0.82421875 0.13359375 0.08359375
5 0.33359375 0.82421875 0.13359375 0.08359375
5 0.46640625 0.82421875 0.13359375 0.08359375
5 0.6 0.82421875 0.13359375 0.08359375
5 0.73359375 0.82421875 0.13359375 0.08359375
5 0.86640625 0.82421875 0.13359375 0.08359375
5 0.96640625 0.82421875 0.06640625 0.08359375
13 0.1 0.934375 0.2 0.02109375
13 0.3 0.934375 0.2 0.02109375
13 0.5 0.934375 0.2 0.02109375
13 0.7 0.934375 0.2 0.02109375
13 0.9 0.934375 0.2 0.02109375
6 0.0296875 0.48671875 0.059375 0.0484375
13 0.49921875 0.4609375 0.3640625 0.0421875
13 0.49921875 0.49609375 0.3640625 0.028125