6 0.07916666666666666 0.07552083333333333 0.15833333333333333 0.09895833333333333
0 0.4995833333333333 0.06770833333333333 0.16583333333333333 0.0625
6 0.92375 0.08385416666666666 0.1075 0.0875
13 0.92375 0.14140625 0.07916666666666666 0.0171875
5 0.06666666666666667 0.8239583333333333 0.13333333333333333 0.08333333333333333
5 0.2 0.8239583333333333 0.13333333333333333 0.08333333333333333
5 0.3333333333333333 0.8239583333333333 0.13333333333333333 0.08333333333333333
5 0.4666666666666667 0.8239583333333333 0.13333333333333333 0.08333333333333333
5 0.6 0.8239583333333333 0.13333333333333333 0.08333333333333333
5 0.7333333333333333 0.8239583333333333 0.13333333333333333 0.08333333333333333
5 0.8666666666666667 0.8239583333333333 0.13333333333333333 0.08333333333333333
5 0.9666666666666667 0.8239583333333333 0.06666666666666667 0.08333333333333333
13 0.1 0.9341145833333333 0.2 0.021354166666666667
13 0.3 0.9341145833333333 0.2 0.021354166666666667
13 0.5 0.9341145833333333 0.2 0.021354166666666667
13 0.7 0.9341145833333333 0.2 0.021354166666666667
13 0.9 0.9341145833333333 0.2 0.021354166666666667
6 0.03 0.48776041666666664 0.06 0.04739583333333333
13 0.4995833333333333 0.46067708333333335 0.3641666666666667 0.0421875
13 0.4995833333333333 0.49583333333333335 0.3641666666666667 0.028125