6 0.013333333333333334 0.05520833333333333 0.02666666666666667 0.016666666666666666
6 0.060833333333333336 0.05520833333333333 0.08 0.05
11 0.3129166666666667 0.05520833333333333 0.41083333333333333 0.058333333333333334
13 0.23333333333333334 0.05520833333333333 0.23833333333333334 0.05
13 0.84 0.05520833333333333 0.10666666666666667 0.058333333333333334
5 0.9466666666666667 0.05520833333333333 0.10666666666666667 0.058333333333333334
0 0.035 0.109375 0.07 0.04375
0 0.03166666666666667 0.9145833333333333 0.043333333333333335 0.058333333333333334
0 0.7491666666666666 0.165625 0.165 0.03333333333333333
0 0.9075 0.165625 0.13833333333333334 0.03333333333333333
1 0.5 0.9838541666666667 1 0.03229166666666667