5 0.06 0.059375 0.09333333333333334 0.06666666666666667
6 0.5 0.059375 0.38333333333333336 0.05
6 0.5 0.203125 1 0.22083333333333333
13 0.12 0.1859375 0.03 0.04479166666666667
13 0.11958333333333333 0.26536458333333335 0.17916666666666667 0.025520833333333333
6 0.26666666666666666 0.1609375 0.04 0.025
13 0.45 0.1609375 0.32666666666666666 0.028125
13 0.43 0.18489583333333334 0.36666666666666664 0.019791666666666666
6 0.6466666666666666 0.1609375 0.04 0.025
13 0.83 0.1609375 0.32666666666666666 0.028125
13 0.81 0.18489583333333334 0.36666666666666664 0.019791666666666666
6 0.26666666666666666 0.22552083333333334 0.04 0.025
13 0.45 0.22552083333333334 0.32666666666666666 0.028125
13 0.43 0.24947916666666667 0.36666666666666664 0.019791666666666666
6 0.6466666666666666 0.22552083333333334 0.04 0.025
13 0.83 0.22552083333333334 0.32666666666666666 0.028125
13 0.81 0.24947916666666667 0.36666666666666664 0.019791666666666666
13 0.5 0.3484375 0.16666666666666666 0.030208333333333334
13 0.5 0.4078125 0.9566666666666667 0.0875
0 0.16708333333333333 0.809375 0.26416666666666666 0.05
6 0.7616666666666667 0.6471354166666666 0.43333333333333335 0.39114583333333336
13 0.09083333333333334 0.86015625 0.155 0.0171875
6 0.11333333333333333 0.9166666666666666 0.05333333333333334 0.03333333333333333
6 0.32666666666666666 0.9166666666666666 0.05333333333333334 0.03333333333333333
6 0.6733333333333333 0.9166666666666666 0.05333333333333334 0.03333333333333333
6 0.8866666666666667 0.9166666666666666 0.05333333333333334 0.03333333333333333
13 0.4995833333333333 0.9268229166666667 0.07583333333333334 0.0171875
6 0.5 0.9052083333333333 0.05333333333333334 0.03333333333333333