5 0.06 0.059375 0.09333333333333334 0.058333333333333334
13 0.5 0.059375 0.12666666666666668 0.028125
13 0.8666666666666667 0.059375 0.08 0.05
13 0.9466666666666667 0.059375 0.08 0.05
6 0.16166666666666665 0.190625 0.3 0.1875
13 0.5 0.17083333333333334 0.5383333333333333 0.028125
13 0.5 0.21276041666666667 0.5383333333333333 0.022395833333333334
6 0.9225 0.17552083333333332 0.13166666666666665 0.08229166666666667
13 0.9225 0.23151041666666666 0.07666666666666666 0.0296875
6 0.16166666666666665 0.38645833333333335 0.3 0.1875
13 0.5 0.36666666666666664 0.5383333333333333 0.028125
13 0.5 0.40859375 0.5383333333333333 0.022395833333333334
6 0.9225 0.37135416666666665 0.13166666666666665 0.08229166666666667
13 0.9225 0.42734375 0.07666666666666666 0.0296875
6 0.16166666666666665 0.5822916666666667 0.3 0.1875
13 0.5 0.5625 0.5383333333333333 0.028125
13 0.5 0.6044270833333333 0.5383333333333333 0.022395833333333334
6 0.9225 0.5671875 0.13166666666666665 0.08229166666666667
13 0.9225 0.6231770833333333 0.07666666666666666 0.0296875
6 0.16166666666666665 0.778125 0.3 0.1875
13 0.5 0.7583333333333333 0.5383333333333333 0.028125
13 0.5 0.8002604166666667 0.5383333333333333 0.022395833333333334
6 0.9225 0.7630208333333334 0.13166666666666665 0.08229166666666667
13 0.9225 0.8190104166666666 0.12833333333333333 0.0296875
6 0.16166666666666665 0.9401041666666666 0.3 0.11979166666666667
13 0.5 0.9541666666666667 0.5383333333333333 0.028125
6 0.9225 0.9588541666666667 0.13166666666666665 0.08229166666666667