5 0.06015625 0.059375 0.09296875 0.05859375
13 0.5 0.059375 0.1265625 0.028125
13 0.86640625 0.059375 0.0796875 0.05
13 0.946875 0.059375 0.0796875 0.05
6 0.16171875 0.190625 0.3 0.1875
13 0.5 0.17109375 0.53828125 0.028125
13 0.5 0.2125 0.53828125 0.02265625
6 0.92265625 0.17578125 0.13203125 0.08203125
13 0.92265625 0.23125 0.0765625 0.0296875
6 0.16171875 0.38671875 0.3 0.1875
13 0.5 0.36640625 0.53828125 0.028125
13 0.5 0.40859375 0.53828125 0.02265625
6 0.92265625 0.37109375 0.13203125 0.08203125
13 0.92265625 0.42734375 0.0765625 0.0296875
6 0.16171875 0.58203125 0.3 0.1875
13 0.5 0.5625 0.53828125 0.028125
13 0.5 0.6046875 0.53828125 0.02265625
6 0.92265625 0.5671875 0.13203125 0.08203125
13 0.92265625 0.6234375 0.0765625 0.0296875
6 0.16171875 0.778125 0.3 0.1875
13 0.5 0.75859375 0.53828125 0.028125
13 0.5 0.8 0.53828125 0.02265625
6 0.92265625 0.76328125 0.13203125 0.08203125
13 0.92265625 0.81875 0.128125 0.0296875
6 0.16171875 0.93984375 0.3 0.11953125
13 0.5 0.95390625 0.53828125 0.028125
6 0.92265625 0.95859375 0.13203125 0.08203125