6 0.01328125 0.05546875 0.0265625 0.01640625
6 0.0609375 0.05546875 0.0796875 0.05
13 0.2109375 0.0546875 0.20703125 0.02578125
5 0.94609375 0.0546875 0.1078125 0.059375
13 0.496875 0.11796875 0.98671875 0.03359375
6 0.053125 0.184375 0.0796875 0.05
13 0.16640625 0.17421875 0.1203125 0.02578125
13 0.18125 0.196875 0.14921875 0.01953125
13 0.496875 0.25078125 0.98671875 0.03359375
6 0.053125 0.31796875 0.0796875 0.05
13 0.16640625 0.3078125 0.1203125 0.02578125
13 0.18125 0.33046875 0.14921875 0.01953125
13 0.496875 0.384375 0.98671875 0.03359375
3 0.5 0.43828125 0.9734375 0.04140625
6 0.94296875 0.43828125 0.053125 0.03359375
13 0.496875 0.4921875 0.98671875 0.03359375
1 0.5 0.5421875 1 0.03359375
0 0.25 0.925 0.5 0.05
0 0.75 0.925 0.5 0.05
6 0.96015625 0.925 0.053125 0.03359375