5 0.06015625 0.059375 0.09296875 0.06640625
13 0.25234375 0.059375 0.23828125 0.028125
13 0.49921875 0.41015625 0.10078125 0.04453125
3 0.5 0.790625 0.94140625 0.08359375
11 0.33515625 0.85 0.61171875 0.025
13 0.321875 0.85 0.58515625 0.02265625
11 0.8140625 0.85 0.31328125 0.025
13 0.80078125 0.85 0.28671875 0.02265625
0 0.1765625 0.89609375 0.2953125 0.05703125
0 0.471875 0.89609375 0.2953125 0.05703125
0 0.76640625 0.89609375 0.29453125 0.05703125
6 0.94375 0.8890625 0.05390625 0.03359375
13 0.94296875 0.9140625 0.046875 0.0171875