13 0.503125 0.0203125 0.2515625 0.02421875
13 0.0828125 0.171875 0.14375 0.0296875
13 0.08125 0.32578125 0.0703125 0.01875
6 0.290625 0.115625 0.16875 0.103125
6 0.0859375 0.1015625 0.08515625 0.05390625
6 0.08203125 0.259375 0.0859375 0.06015625
6 0.68828125 0.11640625 0.17890625 0.115625
6 0.290625 0.2484375 0.1765625 0.11328125
6 0.68515625 0.2484375 0.1796875 0.11171875
6 0.28828125 0.378125 0.1765625 0.10859375
6 0.68984375 0.3828125 0.1796875 0.1125
6 0.68828125 0.51484375 0.17890625 0.1125
6 0.2890625 0.5140625 0.1828125 0.11015625