5 0.04666666666666667 0.059375 0.09333333333333334 0.058333333333333334
13 0.185 0.059375 0.17 0.028125
13 0.96 0.059375 0.08 0.05
13 0.16666666666666666 0.11770833333333333 0.3333333333333333 0.05
13 0.5 0.11770833333333333 0.3333333333333333 0.05
13 0.8333333333333334 0.11770833333333333 0.3333333333333333 0.05
13 0.5 0.16927083333333334 0.9466666666666667 0.019791666666666666
0 0.5 0.20416666666666666 0.9466666666666667 0.05
13 0.4691666666666667 0.2390625 0.7183333333333334 0.019791666666666666
0 0.5 0.28541666666666665 0.9466666666666667 0.05
13 0.3641666666666667 0.3203125 0.5083333333333333 0.019791666666666666
0 0.5 0.36666666666666664 0.9466666666666667 0.05
13 0.5395833333333333 0.4015625 0.8591666666666666 0.019791666666666666
0 0.5 0.4479166666666667 0.9466666666666667 0.05
13 0.5416666666666666 0.49140625 0.8633333333333333 0.03697916666666667
0 0.5 0.5463541666666667 0.9466666666666667 0.05
13 0.41791666666666666 0.58125 0.6158333333333333 0.019791666666666666
0 0.5 0.6276041666666666 0.9466666666666667 0.05
13 0.4891666666666667 0.6625 0.7583333333333333 0.019791666666666666