5 0.046875 0.059375 0.09296875 0.05859375
13 0.18515625 0.059375 0.1703125 0.028125
13 0.96015625 0.059375 0.0796875 0.05
13 0.16640625 0.1171875 0.3328125 0.05
13 0.5 0.11796875 0.33359375 0.05
13 0.8328125 0.1171875 0.334375 0.05
13 0.5 0.16953125 0.946875 0.01953125
0 0.5 0.20390625 0.946875 0.05
13 0.46953125 0.2390625 0.71796875 0.01953125
0 0.5 0.28515625 0.946875 0.05
13 0.3640625 0.3203125 0.50859375 0.01953125
0 0.5 0.36640625 0.946875 0.05
13 0.53984375 0.4015625 0.859375 0.01953125
0 0.5 0.44765625 0.946875 0.05
13 0.54140625 0.49140625 0.86328125 0.03671875
0 0.5 0.54609375 0.946875 0.05
13 0.41796875 0.58125 0.615625 0.01953125
0 0.5 0.62734375 0.946875 0.05
13 0.4890625 0.6625 0.75859375 0.01953125