13 0.26 0.4114583333333333 0.48 0.06666666666666667
13 0.74 0.4114583333333333 0.48 0.06666666666666667
13 0.3433333333333333 0.5114583333333333 0.10666666666666667 0.06666666666666667
13 0.5 0.5041666666666667 0.03166666666666667 0.01875
13 0.5 0.5205729166666667 0.03166666666666667 0.0140625
13 0.65625 0.5041666666666667 0.04416666666666667 0.01875
13 0.6566666666666666 0.5205729166666667 0.03166666666666667 0.0140625
0 0.36583333333333334 0.6114583333333333 0.10666666666666667 0.06875
3 0.36583333333333334 0.6708333333333333 0.10666666666666667 0.05
0 0.36583333333333334 0.7302083333333333 0.10666666666666667 0.06875
13 0.43291666666666667 0.6708333333333333 0.0075 0.017708333333333333
0 0.5 0.6114583333333333 0.10666666666666667 0.06875
3 0.5 0.6708333333333333 0.10666666666666667 0.05
0 0.5 0.7302083333333333 0.10666666666666667 0.06875
0 0.6333333333333333 0.6114583333333333 0.10666666666666667 0.06875
3 0.6333333333333333 0.6708333333333333 0.10666666666666667 0.05
6 0.10333333333333333 0.8020833333333334 0.06666666666666667 0.041666666666666664
13 0.5 0.8072916666666666 0.7266666666666667 0.017708333333333333
6 0.8966666666666666 0.8020833333333334 0.06666666666666667 0.041666666666666664
13 0.5 0.8958333333333334 0.24 0.05