13 0.26015625 0.41171875 0.4796875 0.06640625
13 0.73984375 0.41171875 0.4796875 0.06640625
13 0.34296875 0.51171875 0.10703125 0.06640625
13 0.5 0.50390625 0.03203125 0.01875
13 0.5 0.5203125 0.03203125 0.0140625
13 0.65625 0.50390625 0.04453125 0.01875
13 0.65703125 0.5203125 0.03203125 0.0140625
0 0.365625 0.61171875 0.10703125 0.06875
3 0.365625 0.67109375 0.10703125 0.05
0 0.365625 0.73046875 0.10703125 0.06875
13 0.4328125 0.67109375 0.0078125 0.01796875
0 0.5 0.61171875 0.10703125 0.06875
3 0.5 0.67109375 0.10703125 0.05
0 0.5 0.73046875 0.10703125 0.06875
0 0.63359375 0.61171875 0.10703125 0.06875
3 0.63359375 0.67109375 0.10703125 0.05
6 0.103125 0.80234375 0.06640625 0.04140625
13 0.5 0.80703125 0.7265625 0.01796875
6 0.896875 0.80234375 0.06640625 0.04140625
13 0.5 0.89609375 0.23984375 0.05