13 0.26708333333333334 0.8348958333333333 0.2675 0.028125
13 0.25916666666666666 0.8658854166666666 0.25166666666666665 0.0171875
13 0.40041666666666664 0.8658854166666666 0.030833333333333334 0.0171875
6 0.42916666666666664 0.865625 0.02666666666666667 0.016666666666666666
13 0.48541666666666666 0.8658854166666666 0.0725 0.0171875
6 0.5 0.9 1 0.2
6 0.07333333333333333 0.06770833333333333 0.04 0.025
3 0.47333333333333333 0.06770833333333333 0.72 0.05
13 0.49 0.06770833333333333 0.6866666666666666 0.05
6 0.8533333333333334 0.06770833333333333 0.04 0.025
5 0.9333333333333333 0.06770833333333333 0.08 0.05
0 0.059166666666666666 0.7546875 0.08666666666666667 0.05416666666666667
6 0.059166666666666666 0.7546875 0.08666666666666667 0.05416666666666667
6 0.14833333333333334 0.9208333333333333 0.03 0.01875
13 0.23541666666666666 0.9208333333333333 0.14416666666666667 0.019791666666666666
6 0.6775 0.9208333333333333 0.03 0.01875
13 0.7795833333333333 0.9208333333333333 0.17416666666666666 0.019791666666666666
13 0.19166666666666668 0.79140625 0.38333333333333336 0.0171875
6 0.21083333333333334 0.7546875 0.14666666666666667 0.05416666666666667
6 0.16583333333333333 0.7692708333333333 0.04 0.025
6 0.5 0.7765625 0.11 0.026041666666666668
6 0.9133333333333333 0.7541666666666667 0.10666666666666667 0.06666666666666667
6 0.9133333333333333 0.7541666666666667 0.10666666666666667 0.06666666666666667