5 0.06015625 0.059375 0.09296875 0.06640625
13 0.86640625 0.059375 0.0796875 0.05
13 0.946875 0.059375 0.0796875 0.05
6 0.5 0.17265625 1 0.159375
6 0.5 0.17265625 1 0.159375
13 0.77890625 0.2203125 0.22890625 0.01796875
6 0.93984375 0.21953125 0.053125 0.03359375
6 0.1265625 0.33515625 0.23984375 0.15
6 0.05703125 0.3796875 0.1 0.06171875
13 0.3046875 0.2734375 0.0625 0.01796875
13 0.63359375 0.29375 0.7203125 0.02265625
13 0.63359375 0.3578125 0.7203125 0.10546875
6 0.1265625 0.50234375 0.23984375 0.15
6 0.05703125 0.54609375 0.1 0.06171875
13 0.3046875 0.43984375 0.0625 0.01796875
13 0.63359375 0.471875 0.7203125 0.0453125
13 0.63359375 0.5359375 0.7203125 0.0828125
6 0.1265625 0.66875 0.23984375 0.15
6 0.05703125 0.71328125 0.1 0.06171875
13 0.3046875 0.60703125 0.0625 0.01796875
13 0.63359375 0.63828125 0.7203125 0.0453125
13 0.63359375 0.70234375 0.7203125 0.0828125
6 0.1265625 0.83515625 0.23984375 0.15
6 0.05703125 0.8796875 0.1 0.06171875
13 0.3046875 0.7734375 0.0625 0.01796875
13 0.63359375 0.8046875 0.7203125 0.0453125
13 0.63359375 0.86875 0.7203125 0.0828125
6 0.1265625 0.96328125 0.23984375 0.07265625
13 0.3046875 0.93984375 0.0625 0.01796875
13 0.63359375 0.971875 0.7203125 0.0453125
13 0.26640625 0.0578125 0.5328125 0.065625
6 0.075 0.12265625 0.08359375 0.05234375
13 0.325 0.12265625 0.41640625 0.06484375
13 0.26640625 0.18671875 0.5328125 0.0640625
6 0.075 0.25234375 0.08359375 0.05234375
13 0.325 0.25234375 0.41640625 0.06484375
6 0.075 0.31640625 0.08359375 0.05234375
13 0.325 0.31640625 0.41640625 0.06484375
6 0.075 0.38125 0.08359375 0.05234375
13 0.325 0.38125 0.41640625 0.06484375
6 0.075 0.44609375 0.08359375 0.05234375
13 0.325 0.44609375 0.41640625 0.06484375
6 0.075 0.51015625 0.08359375 0.05234375
13 0.325 0.51015625 0.41640625 0.06484375
6 0.075 0.575 0.08359375 0.05234375
13 0.325 0.575 0.41640625 0.06484375
6 0.075 0.63984375 0.08359375 0.05234375
13 0.325 0.63984375 0.41640625 0.06484375
6 0.075 0.70390625 0.08359375 0.05234375
13 0.325 0.70390625 0.41640625 0.06484375
13 0.26640625 0.76796875 0.5328125 0.0640625
6 0.075 0.83359375 0.08359375 0.05234375
13 0.325 0.83359375 0.41640625 0.06484375
6 0.075 0.89765625 0.08359375 0.05234375
13 0.325 0.89765625 0.41640625 0.06484375
6 0.075 0.9625 0.08359375 0.05234375
13 0.325 0.9625 0.41640625 0.06484375