6 0.04 0.059375 0.08 0.06666666666666667
6 0.12 0.059375 0.08 0.06666666666666667
6 0.2 0.059375 0.08 0.06666666666666667
6 0.96 0.059375 0.08 0.06666666666666667
5 0.06 0.4109375 0.09333333333333334 0.06666666666666667
13 0.8666666666666667 0.4109375 0.08 0.05
13 0.9466666666666667 0.4109375 0.08 0.05
6 0.5 0.5239583333333333 1 0.159375
6 0.5 0.5239583333333333 1 0.159375
13 0.77875 0.571875 0.22916666666666666 0.017708333333333333
6 0.94 0.5713541666666667 0.05333333333333334 0.03333333333333333
6 0.12666666666666668 0.6869791666666667 0.24 0.15
6 0.056666666666666664 0.73125 0.1 0.06145833333333333
13 0.3045833333333333 0.625 0.0625 0.017708333333333333
13 0.6333333333333333 0.6450520833333333 0.72 0.022395833333333334
13 0.6333333333333333 0.7091145833333333 0.72 0.10572916666666667
6 0.12666666666666668 0.8536458333333333 0.24 0.15
6 0.056666666666666664 0.8979166666666667 0.1 0.06145833333333333
13 0.3045833333333333 0.7916666666666666 0.0625 0.017708333333333333
13 0.6333333333333333 0.8231770833333333 0.72 0.0453125
13 0.6333333333333333 0.8872395833333333 0.72 0.0828125
6 0.12666666666666668 0.97265625 0.24 0.0546875
13 0.3045833333333333 0.9583333333333334 0.0625 0.017708333333333333