6 0.03984375 0.059375 0.0796875 0.06640625
6 0.1203125 0.059375 0.0796875 0.06640625
6 0.2 0.059375 0.0796875 0.06640625
6 0.96015625 0.059375 0.0796875 0.06640625
5 0.06015625 0.4109375 0.09296875 0.06640625
13 0.86640625 0.4109375 0.0796875 0.05
13 0.946875 0.4109375 0.0796875 0.05
6 0.5 0.52421875 1 0.159375
6 0.5 0.52421875 1 0.159375
13 0.77890625 0.571875 0.22890625 0.01796875
6 0.93984375 0.57109375 0.053125 0.03359375
6 0.1265625 0.68671875 0.23984375 0.15
6 0.05703125 0.73125 0.1 0.06171875
13 0.3046875 0.625 0.0625 0.01796875
13 0.63359375 0.6453125 0.7203125 0.02265625
13 0.63359375 0.709375 0.7203125 0.10546875
6 0.1265625 0.85390625 0.23984375 0.15
6 0.05703125 0.89765625 0.1 0.06171875
13 0.3046875 0.79140625 0.0625 0.01796875
13 0.63359375 0.8234375 0.7203125 0.0453125
13 0.63359375 0.8875 0.7203125 0.0828125
6 0.1265625 0.97265625 0.23984375 0.0546875
13 0.3046875 0.95859375 0.0625 0.01796875