6 0.13541666666666666 0.059375 0.2175 0.06666666666666667
13 0.88 0.059375 0.08 0.05
6 0.9533333333333334 0.059375 0.06666666666666667 0.05
6 0.5 0.26848958333333334 1 0.3515625
13 0.5004166666666666 0.4625 0.16916666666666666 0.019791666666666666
13 0.9179166666666667 0.4625 0.16416666666666666 0.019791666666666666
13 0.12416666666666666 0.50859375 0.08833333333333333 0.022395833333333334
13 0.19083333333333333 0.55859375 0.22166666666666668 0.022395833333333334
13 0.14791666666666667 0.60859375 0.13583333333333333 0.022395833333333334
13 0.15041666666666667 0.65859375 0.14083333333333334 0.022395833333333334
13 0.16541666666666666 0.70859375 0.17083333333333334 0.022395833333333334
13 0.10958333333333334 0.75859375 0.059166666666666666 0.022395833333333334
13 0.18583333333333332 0.80859375 0.21166666666666667 0.022395833333333334
13 0.10333333333333333 0.85859375 0.04666666666666667 0.022395833333333334
13 0.12291666666666666 0.90859375 0.08583333333333333 0.022395833333333334
13 0.18583333333333332 0.95859375 0.21166666666666667 0.022395833333333334