6 0.13515625 0.059375 0.2171875 0.06640625
13 0.8796875 0.059375 0.0796875 0.05
6 0.953125 0.059375 0.06640625 0.05
6 0.5 0.26875 1 0.3515625
13 0.50078125 0.4625 0.16953125 0.01953125
13 0.91796875 0.4625 0.1640625 0.01953125
13 0.12421875 0.50859375 0.08828125 0.02265625
13 0.190625 0.55859375 0.221875 0.02265625
13 0.14765625 0.60859375 0.1359375 0.02265625
13 0.15078125 0.65859375 0.140625 0.02265625
13 0.165625 0.70859375 0.17109375 0.02265625
13 0.109375 0.75859375 0.059375 0.02265625
13 0.1859375 0.80859375 0.21171875 0.02265625
13 0.103125 0.85859375 0.046875 0.02265625
13 0.12265625 0.90859375 0.0859375 0.02265625
13 0.1859375 0.95859375 0.21171875 0.02265625