6 0.0515625 0.05390625 0.05 0.021875
13 0.11015625 0.11171875 0.16640625 0.03203125
3 0.5 0.19296875 0.946875 0.04453125
3 0.5 0.259375 0.946875 0.04453125
3 0.39140625 0.32578125 0.7296875 0.04453125
11 0.86484375 0.32265625 0.21640625 0.03359375
13 0.8546875 0.321875 0.18359375 0.028125
0 0.5 0.79921875 0.946875 0.05
13 0.50078125 0.83984375 0.04609375 0.01796875
0 0.5 0.88125 0.946875 0.05
6 0.35 0.91953125 0.04296875 0.02734375
13 0.521875 0.91953125 0.3 0.01796875
6 0.953125 0.05546875 0.03984375 0.025