6 0.051666666666666666 0.05364583333333333 0.05 0.021875
13 0.11 0.11171875 0.16666666666666666 0.03177083333333333
3 0.5 0.19270833333333334 0.9466666666666667 0.04479166666666667
3 0.5 0.259375 0.9466666666666667 0.04479166666666667
3 0.39166666666666666 0.3260416666666667 0.73 0.04479166666666667
11 0.865 0.3223958333333333 0.21666666666666667 0.03333333333333333
13 0.855 0.321875 0.18333333333333332 0.028125
0 0.5 0.7989583333333333 0.9466666666666667 0.05
13 0.5004166666666666 0.8401041666666667 0.04583333333333333 0.017708333333333333
0 0.5 0.88125 0.9466666666666667 0.05
6 0.35 0.9197916666666667 0.043333333333333335 0.027083333333333334
13 0.5216666666666666 0.9197916666666667 0.3 0.017708333333333333
6 0.9533333333333334 0.05520833333333333 0.04 0.025