6 0.5 0.08854166666666667 0.3333333333333333 0.11041666666666666
8 0.25 0.18229166666666666 0.5 0.0625
8 0.75 0.18229166666666666 0.5 0.0625
3 0.5 0.27838541666666666 0.9 0.025520833333333333
3 0.5 0.32317708333333334 0.9 0.025520833333333333
13 0.93875 0.3203125 0.0225 0.019791666666666666
0 0.5 0.41302083333333334 0.4 0.05
13 0.5 0.46875 0.07166666666666667 0.019791666666666666
0 0.30666666666666664 0.5255208333333333 0.08333333333333333 0.052083333333333336
0 0.4033333333333333 0.5255208333333333 0.08333333333333333 0.052083333333333336
0 0.5 0.5255208333333333 0.08333333333333333 0.052083333333333336
0 0.5966666666666667 0.5255208333333333 0.08333333333333333 0.052083333333333336
0 0.6933333333333334 0.5255208333333333 0.08333333333333333 0.052083333333333336