5 0.06 0.059375 0.09333333333333334 0.058333333333333334
13 0.15875 0.059375 0.09083333333333334 0.027083333333333334
13 0.9466666666666667 0.059375 0.08 0.05
13 0.11291666666666667 0.14401041666666667 0.0425 0.019270833333333334
13 0.5 0.18307291666666667 0.8166666666666667 0.0421875
13 0.13583333333333333 0.23880208333333333 0.051666666666666666 0.019270833333333334
13 0.15916666666666668 0.25807291666666665 0.09833333333333333 0.019270833333333334
6 0.11833333333333333 0.29583333333333334 0.016666666666666666 0.008333333333333333
13 0.2966666666666667 0.284375 0.05333333333333334 0.016666666666666666
13 0.28708333333333336 0.2994791666666667 0.0725 0.013541666666666667
13 0.44 0.23880208333333333 0.09333333333333334 0.019270833333333334
13 0.44125 0.25807291666666665 0.09583333333333334 0.019270833333333334
6 0.40166666666666667 0.29583333333333334 0.016666666666666666 0.008333333333333333
13 0.5791666666666667 0.284375 0.055 0.016666666666666666
13 0.57125 0.2994791666666667 0.07083333333333333 0.013541666666666667
13 0.7245833333333334 0.23880208333333333 0.09583333333333334 0.019270833333333334
13 0.7216666666666667 0.25807291666666665 0.09 0.019270833333333334
6 0.685 0.29583333333333334 0.016666666666666666 0.008333333333333333
13 0.8575 0.284375 0.065 0.016666666666666666
13 0.8545833333333334 0.2994791666666667 0.07083333333333333 0.013541666666666667
6 0.44166666666666665 0.3359375 0.016666666666666666 0.010416666666666666
6 0.4583333333333333 0.3359375 0.016666666666666666 0.010416666666666666
6 0.475 0.3359375 0.016666666666666666 0.010416666666666666
6 0.49166666666666664 0.3359375 0.016666666666666666 0.010416666666666666
6 0.5083333333333333 0.3359375 0.016666666666666666 0.010416666666666666
6 0.525 0.3359375 0.016666666666666666 0.010416666666666666
6 0.5416666666666666 0.3359375 0.016666666666666666 0.010416666666666666
6 0.5583333333333333 0.3359375 0.016666666666666666 0.010416666666666666
13 0.29333333333333333 0.37161458333333336 0.41333333333333333 0.019270833333333334
13 0.7066666666666667 0.37161458333333336 0.41333333333333333 0.019270833333333334
6 0.5 0.48854166666666665 0.8566666666666667 0.19791666666666666
13 0.5 0.6221354166666667 0.8166666666666667 0.044270833333333336
13 0.13916666666666666 0.6606770833333333 0.095 0.016145833333333335
13 0.5 0.72890625 0.8033333333333333 0.0421875
13 0.16958333333333334 0.76640625 0.1425 0.016145833333333335
13 0.40875 0.8265625 0.6208333333333333 0.021875
13 0.1525 0.85390625 0.10833333333333334 0.016145833333333335
13 0.5 0.92421875 0.8033333333333333 0.0421875