5 0.06015625 0.059375 0.09296875 0.05859375
13 0.15859375 0.059375 0.090625 0.02734375
13 0.946875 0.059375 0.0796875 0.05
13 0.11328125 0.14375 0.0421875 0.01953125
13 0.5 0.1828125 0.81640625 0.0421875
13 0.1359375 0.2390625 0.0515625 0.01953125
13 0.159375 0.2578125 0.0984375 0.01953125
6 0.11796875 0.29609375 0.01640625 0.00859375
13 0.296875 0.284375 0.053125 0.01640625
13 0.28671875 0.29921875 0.07265625 0.01328125
13 0.43984375 0.2390625 0.09296875 0.01953125
13 0.44140625 0.2578125 0.09609375 0.01953125
6 0.4015625 0.29609375 0.01640625 0.00859375
13 0.57890625 0.284375 0.0546875 0.01640625
13 0.57109375 0.29921875 0.07109375 0.01328125
13 0.72421875 0.2390625 0.09609375 0.01953125
13 0.721875 0.2578125 0.08984375 0.01953125
6 0.68515625 0.29609375 0.01640625 0.00859375
13 0.8578125 0.284375 0.06484375 0.01640625
13 0.8546875 0.29921875 0.07109375 0.01328125
6 0.44140625 0.3359375 0.01640625 0.01015625
6 0.45859375 0.3359375 0.01640625 0.01015625
6 0.475 0.3359375 0.01640625 0.01015625
6 0.49140625 0.3359375 0.01640625 0.01015625
6 0.50859375 0.3359375 0.01640625 0.01015625
6 0.525 0.3359375 0.01640625 0.01015625
6 0.54140625 0.3359375 0.01640625 0.01015625
6 0.55859375 0.3359375 0.01640625 0.01015625
13 0.29296875 0.371875 0.41328125 0.01953125
13 0.70703125 0.371875 0.41328125 0.01953125
6 0.5 0.48828125 0.85703125 0.19765625
13 0.5 0.621875 0.81640625 0.04453125
13 0.1390625 0.6609375 0.0953125 0.01640625
13 0.5 0.72890625 0.803125 0.0421875
13 0.16953125 0.76640625 0.1421875 0.01640625
13 0.40859375 0.8265625 0.62109375 0.021875
13 0.15234375 0.85390625 0.10859375 0.01640625
13 0.5 0.92421875 0.803125 0.0421875