5 0.06015625 0.059375 0.09296875 0.06640625
13 0.5 0.059375 0.78671875 0.05
13 0.946875 0.059375 0.0796875 0.05
13 0.17734375 0.1203125 0.12890625 0.0390625
13 0.5125 0.11875 0.1546875 0.03515625
13 0.8421875 0.11875 0.15390625 0.03515625
6 0.1 0.19609375 0.2 0.07734375
13 0.5453125 0.18671875 0.65078125 0.01953125
13 0.9390625 0.178125 0.09609375 0.02578125
13 0.603125 0.20703125 0.76640625 0.01328125
13 0.05625 0.25078125 0.09921875 0.03359375
13 0.684375 0.2515625 0.01796875 0.01328125
6 0.7328125 0.2515625 0.06484375 0.0140625
13 0.80546875 0.2515625 0.06796875 0.01328125
9 0.9203125 0.25078125 0.13359375 0.01640625
6 0.1 0.31484375 0.2 0.07734375
13 0.5453125 0.30546875 0.65078125 0.01953125
13 0.9390625 0.296875 0.09609375 0.02578125
13 0.603125 0.3265625 0.76640625 0.01328125
13 0.06171875 0.3703125 0.11015625 0.03359375
13 0.684375 0.3703125 0.01796875 0.01328125
6 0.7328125 0.3703125 0.06484375 0.0140625
13 0.80546875 0.3703125 0.06796875 0.01328125
9 0.9203125 0.3703125 0.13359375 0.01640625
6 0.1 0.434375 0.2 0.07734375
13 0.5453125 0.425 0.65078125 0.01953125
13 0.9390625 0.41640625 0.09609375 0.02578125
13 0.603125 0.4453125 0.76640625 0.01328125
13 0.06171875 0.48984375 0.11015625 0.03359375
13 0.684375 0.48984375 0.01796875 0.01328125
6 0.7328125 0.48984375 0.06484375 0.0140625
13 0.80546875 0.48984375 0.06796875 0.01328125
9 0.9203125 0.48984375 0.13359375 0.01640625
6 0.1 0.55390625 0.2 0.07734375
13 0.5453125 0.54453125 0.65078125 0.01953125
13 0.9390625 0.5359375 0.09609375 0.02578125
13 0.603125 0.56484375 0.76640625 0.01328125
13 0.06171875 0.60859375 0.11015625 0.03359375
13 0.684375 0.609375 0.01796875 0.01328125
6 0.7328125 0.609375 0.06484375 0.0140625
13 0.80546875 0.609375 0.06796875 0.01328125
9 0.9203125 0.60859375 0.13359375 0.01640625
6 0.1 0.67265625 0.2 0.07734375
13 0.5453125 0.66328125 0.65078125 0.01953125
13 0.9390625 0.6546875 0.09609375 0.02578125
13 0.603125 0.684375 0.76640625 0.01328125
13 0.06171875 0.728125 0.11015625 0.03359375
13 0.684375 0.728125 0.01796875 0.01328125
6 0.7328125 0.728125 0.06484375 0.0140625
13 0.80546875 0.728125 0.06796875 0.01328125
9 0.9203125 0.728125 0.13359375 0.01640625
6 0.1 0.7921875 0.2 0.07734375
13 0.5453125 0.7828125 0.65078125 0.01953125
13 0.9390625 0.77421875 0.09609375 0.02578125
13 0.603125 0.803125 0.76640625 0.01328125
13 0.06171875 0.84765625 0.11015625 0.03359375
13 0.684375 0.84765625 0.01796875 0.01328125
6 0.7328125 0.84765625 0.06484375 0.0140625
13 0.80546875 0.84765625 0.06796875 0.01328125
9 0.9203125 0.84765625 0.13359375 0.01640625
6 0.1 0.91171875 0.2 0.07734375
13 0.5453125 0.90234375 0.65078125 0.01953125
13 0.9390625 0.89375 0.09609375 0.02578125
13 0.603125 0.92265625 0.76640625 0.01328125
13 0.34375 0.92421875 0.05078125 0.0171875
13 0.528125 0.92421875 0.3046875 0.01796875