5 0.06 0.059375 0.09333333333333334 0.06666666666666667
13 0.5 0.059375 0.7866666666666666 0.05
13 0.9466666666666667 0.059375 0.08 0.05
13 0.17708333333333334 0.12057291666666667 0.12916666666666668 0.0390625
13 0.5125 0.11848958333333333 0.155 0.034895833333333334
13 0.8420833333333333 0.11848958333333333 0.15416666666666667 0.034895833333333334
6 0.1 0.19583333333333333 0.2 0.07708333333333334
13 0.5454166666666667 0.18645833333333334 0.6508333333333334 0.019791666666666666
13 0.93875 0.17786458333333333 0.09583333333333334 0.025520833333333333
13 0.6033333333333334 0.20703125 0.7666666666666667 0.013020833333333334
13 0.05625 0.25104166666666666 0.09916666666666667 0.03333333333333333
13 0.6841666666666667 0.2513020833333333 0.018333333333333333 0.013020833333333334
6 0.7325 0.2513020833333333 0.065 0.0140625
13 0.8058333333333333 0.2513020833333333 0.06833333333333333 0.013020833333333334
9 0.92 0.25104166666666666 0.13333333333333333 0.016666666666666666
6 0.1 0.3151041666666667 0.2 0.07708333333333334
13 0.5454166666666667 0.30572916666666666 0.6508333333333334 0.019791666666666666
13 0.93875 0.29713541666666665 0.09583333333333334 0.025520833333333333
13 0.6033333333333334 0.3263020833333333 0.7666666666666667 0.013020833333333334
13 0.06166666666666667 0.3703125 0.11 0.03333333333333333
13 0.6841666666666667 0.37057291666666664 0.018333333333333333 0.013020833333333334
6 0.7325 0.37057291666666664 0.065 0.0140625
13 0.8058333333333333 0.37057291666666664 0.06833333333333333 0.013020833333333334
9 0.92 0.3703125 0.13333333333333333 0.016666666666666666
6 0.1 0.434375 0.2 0.07708333333333334
13 0.5454166666666667 0.425 0.6508333333333334 0.019791666666666666
13 0.93875 0.41640625 0.09583333333333334 0.025520833333333333
13 0.6033333333333334 0.44557291666666665 0.7666666666666667 0.013020833333333334
13 0.06166666666666667 0.4895833333333333 0.11 0.03333333333333333
13 0.6841666666666667 0.48984375 0.018333333333333333 0.013020833333333334
6 0.7325 0.48984375 0.065 0.0140625
13 0.8058333333333333 0.48984375 0.06833333333333333 0.013020833333333334
9 0.92 0.4895833333333333 0.13333333333333333 0.016666666666666666
6 0.1 0.5536458333333333 0.2 0.07708333333333334
13 0.5454166666666667 0.5442708333333334 0.6508333333333334 0.019791666666666666
13 0.93875 0.5356770833333333 0.09583333333333334 0.025520833333333333
13 0.6033333333333334 0.56484375 0.7666666666666667 0.013020833333333334
13 0.06166666666666667 0.6088541666666667 0.11 0.03333333333333333
13 0.6841666666666667 0.6091145833333333 0.018333333333333333 0.013020833333333334
6 0.7325 0.6091145833333333 0.065 0.0140625
13 0.8058333333333333 0.6091145833333333 0.06833333333333333 0.013020833333333334
9 0.92 0.6088541666666667 0.13333333333333333 0.016666666666666666
6 0.1 0.6729166666666667 0.2 0.07708333333333334
13 0.5454166666666667 0.6635416666666667 0.6508333333333334 0.019791666666666666
13 0.93875 0.6549479166666666 0.09583333333333334 0.025520833333333333
13 0.6033333333333334 0.6841145833333333 0.7666666666666667 0.013020833333333334
13 0.06166666666666667 0.728125 0.11 0.03333333333333333
13 0.6841666666666667 0.7283854166666667 0.018333333333333333 0.013020833333333334
6 0.7325 0.7283854166666667 0.065 0.0140625
13 0.8058333333333333 0.7283854166666667 0.06833333333333333 0.013020833333333334
9 0.92 0.728125 0.13333333333333333 0.016666666666666666
6 0.1 0.7921875 0.2 0.07708333333333334
13 0.5454166666666667 0.7828125 0.6508333333333334 0.019791666666666666
13 0.93875 0.77421875 0.09583333333333334 0.025520833333333333
13 0.6033333333333334 0.8033854166666666 0.7666666666666667 0.013020833333333334
13 0.06166666666666667 0.8473958333333333 0.11 0.03333333333333333
13 0.6841666666666667 0.84765625 0.018333333333333333 0.013020833333333334
6 0.7325 0.84765625 0.065 0.0140625
13 0.8058333333333333 0.84765625 0.06833333333333333 0.013020833333333334
9 0.92 0.8473958333333333 0.13333333333333333 0.016666666666666666
6 0.1 0.9114583333333334 0.2 0.07708333333333334
13 0.5454166666666667 0.9020833333333333 0.6508333333333334 0.019791666666666666
13 0.93875 0.8934895833333333 0.09583333333333334 0.025520833333333333
13 0.6033333333333334 0.92265625 0.7666666666666667 0.013020833333333334
13 0.34375 0.92421875 0.050833333333333335 0.0171875
13 0.5283333333333333 0.92421875 0.305 0.018229166666666668