6 0.5 0.13046875 1 0.20859375
13 0.5 0.26640625 0.946875 0.03046875
13 0.1421875 0.2890625 0.23046875 0.01484375
9 0.09296875 0.31171875 0.13359375 0.01484375
13 0.16953125 0.3125 0.01796875 0.01484375
6 0.2140625 0.3140625 0.071875 0.01796875
13 0.284375 0.31171875 0.06796875 0.01484375
5 0.06015625 0.059375 0.09296875 0.06640625
13 0.91328125 0.059375 0.1203125 0.03359375
13 0.36796875 0.36953125 0.0765625 0.01796875
13 0.49921875 0.36953125 0.07421875 0.01796875
13 0.63046875 0.36953125 0.090625 0.01796875
6 0.1296875 0.459375 0.259375 0.1
13 0.58046875 0.44765625 0.5875 0.03984375
13 0.94375 0.43046875 0.0859375 0.02265625
13 0.41328125 0.53359375 0.746875 0.021875
13 0.0953125 0.5734375 0.11015625 0.03359375
0 0.88671875 0.540625 0.146875 0.03671875
6 0.1296875 0.646875 0.259375 0.1
13 0.58046875 0.63515625 0.5875 0.03984375
13 0.94375 0.61796875 0.0859375 0.02265625
13 0.41328125 0.72109375 0.746875 0.021875
13 0.0953125 0.7609375 0.11015625 0.03359375
0 0.88671875 0.728125 0.146875 0.03671875
6 0.1296875 0.834375 0.259375 0.1
13 0.58046875 0.82265625 0.5875 0.03984375
13 0.94375 0.80546875 0.0859375 0.02265625
13 0.41328125 0.90859375 0.746875 0.021875
13 0.0953125 0.9484375 0.11015625 0.03359375
0 0.88671875 0.915625 0.146875 0.03671875