6 0.5 0.13020833333333334 1 0.20833333333333334
13 0.5 0.26614583333333336 0.9466666666666667 0.030208333333333334
13 0.14208333333333334 0.28880208333333335 0.23083333333333333 0.015104166666666667
9 0.09333333333333334 0.31197916666666664 0.13333333333333333 0.014583333333333334
13 0.16916666666666666 0.31223958333333335 0.018333333333333333 0.015104166666666667
6 0.21416666666666667 0.3140625 0.07166666666666667 0.017708333333333333
13 0.2841666666666667 0.31171875 0.06833333333333333 0.015104166666666667
5 0.06 0.059375 0.09333333333333334 0.06666666666666667
13 0.9133333333333333 0.059375 0.12 0.03333333333333333
13 0.36833333333333335 0.3692708333333333 0.07666666666666666 0.017708333333333333
13 0.4995833333333333 0.3692708333333333 0.07416666666666667 0.017708333333333333
13 0.6304166666666666 0.3692708333333333 0.09083333333333334 0.017708333333333333
6 0.13 0.46041666666666664 0.26 0.09895833333333333
13 0.5804166666666667 0.4473958333333333 0.5875 0.03958333333333333
13 0.94375 0.43072916666666666 0.08583333333333333 0.022916666666666665
13 0.41333333333333333 0.5333333333333333 0.7466666666666667 0.021875
13 0.095 0.5734375 0.11 0.03333333333333333
0 0.8866666666666667 0.540625 0.14666666666666667 0.036458333333333336
6 0.13 0.6479166666666667 0.26 0.09895833333333333
13 0.5804166666666667 0.6348958333333333 0.5875 0.03958333333333333
13 0.94375 0.6182291666666667 0.08583333333333333 0.022916666666666665
13 0.41333333333333333 0.7208333333333333 0.7466666666666667 0.021875
13 0.095 0.7609375 0.11 0.03333333333333333
0 0.8866666666666667 0.728125 0.14666666666666667 0.036458333333333336
6 0.13 0.8354166666666667 0.26 0.09895833333333333
13 0.5804166666666667 0.8223958333333333 0.5875 0.03958333333333333
13 0.94375 0.8057291666666667 0.08583333333333333 0.022916666666666665
13 0.41333333333333333 0.9083333333333333 0.7466666666666667 0.021875
13 0.095 0.9484375 0.11 0.03333333333333333
0 0.8866666666666667 0.915625 0.14666666666666667 0.036458333333333336