5 0.06 0.059375 0.09333333333333334 0.058333333333333334
13 0.9466666666666667 0.059375 0.08 0.05
13 0.44 0.12630208333333334 0.8266666666666667 0.033854166666666664
1 0.8866666666666667 0.12604166666666666 0.06666666666666667 0.03333333333333333
1 0.9466666666666667 0.12604166666666666 0.05333333333333334 0.03333333333333333
5 0.4995833333333333 0.21197916666666666 0.3375 0.10416666666666667
13 0.5 0.30807291666666664 0.9466666666666667 0.07135416666666666
13 0.5 0.37578125 1 0.030729166666666665
6 0.06666666666666667 0.42604166666666665 0.08 0.05
13 0.5333333333333333 0.41432291666666665 0.8533333333333334 0.0265625
13 0.5333333333333333 0.4375 0.8533333333333334 0.019791666666666666
6 0.06666666666666667 0.49322916666666666 0.08 0.05
13 0.5333333333333333 0.48151041666666666 0.8533333333333334 0.0265625
13 0.5333333333333333 0.5046875 0.8533333333333334 0.019791666666666666
6 0.06666666666666667 0.5604166666666667 0.08 0.05
13 0.5333333333333333 0.5486979166666667 0.8533333333333334 0.0265625
13 0.5333333333333333 0.571875 0.8533333333333334 0.019791666666666666
6 0.06666666666666667 0.6276041666666666 0.08 0.05
13 0.5333333333333333 0.6158854166666666 0.8533333333333334 0.0265625
13 0.5333333333333333 0.6390625 0.8533333333333334 0.019791666666666666
6 0.06666666666666667 0.6947916666666667 0.08 0.05
13 0.5333333333333333 0.6830729166666667 0.8533333333333334 0.0265625
13 0.5333333333333333 0.70625 0.8533333333333334 0.019791666666666666
6 0.06666666666666667 0.7619791666666667 0.08 0.05
13 0.5333333333333333 0.7502604166666667 0.8533333333333334 0.0265625
13 0.5333333333333333 0.7734375 0.8533333333333334 0.019791666666666666
6 0.06666666666666667 0.8291666666666667 0.08 0.05
13 0.5333333333333333 0.8174479166666667 0.8533333333333334 0.0265625
13 0.5333333333333333 0.840625 0.8533333333333334 0.019791666666666666
13 0.5 0.8963541666666667 0.6016666666666667 0.019791666666666666