5 0.06015625 0.059375 0.09296875 0.05859375
13 0.946875 0.059375 0.0796875 0.05
13 0.43984375 0.1265625 0.8265625 0.03359375
1 0.88671875 0.12578125 0.06640625 0.03359375
1 0.946875 0.12578125 0.053125 0.03359375
5 0.49921875 0.21171875 0.3375 0.10390625
13 0.5 0.3078125 0.946875 0.07109375
13 0.5 0.37578125 1 0.03046875
6 0.06640625 0.42578125 0.0796875 0.05
13 0.53359375 0.4140625 0.853125 0.0265625
13 0.53359375 0.4375 0.853125 0.01953125
6 0.06640625 0.49296875 0.0796875 0.05
13 0.53359375 0.48125 0.853125 0.0265625
13 0.53359375 0.5046875 0.853125 0.01953125
6 0.06640625 0.56015625 0.0796875 0.05
13 0.53359375 0.5484375 0.853125 0.0265625
13 0.53359375 0.571875 0.853125 0.01953125
6 0.06640625 0.62734375 0.0796875 0.05
13 0.53359375 0.615625 0.853125 0.0265625
13 0.53359375 0.6390625 0.853125 0.01953125
6 0.06640625 0.69453125 0.0796875 0.05
13 0.53359375 0.6828125 0.853125 0.0265625
13 0.53359375 0.70625 0.853125 0.01953125
6 0.06640625 0.76171875 0.0796875 0.05
13 0.53359375 0.75 0.853125 0.0265625
13 0.53359375 0.7734375 0.853125 0.01953125
6 0.06640625 0.82890625 0.0796875 0.05
13 0.53359375 0.8171875 0.853125 0.0265625
13 0.53359375 0.840625 0.853125 0.01953125
13 0.5 0.89609375 0.6015625 0.01953125