5 0.06015625 0.059375 0.09296875 0.05859375
13 0.22421875 0.059375 0.22265625 0.028125
3 0.46015625 0.134375 0.86640625 0.05
5 0.93359375 0.134375 0.0796875 0.05
13 0.07109375 0.18828125 0.075 0.02265625
5 0.1546875 0.18828125 0.0796875 0.05
13 0.271875 0.1921875 0.1140625 0.02265625
11 0.46484375 0.19296875 0.27109375 0.025
13 0.4515625 0.1921875 0.24453125 0.02265625
3 0.5 0.265625 0.946875 0.0703125
13 0.5 0.3203125 0.946875 0.02265625
13 0.05 0.35078125 0.03359375 0.02109375
3 0.48984375 0.35859375 0.846875 0.04140625
5 0.93984375 0.35390625 0.053125 0.03359375
3 0.11640625 0.4 0.1 0.04140625
11 0.2421875 0.39921875 0.1515625 0.025
13 0.22890625 0.39921875 0.125 0.01953125
1 0.134375 0.4375 0.13515625 0.03359375
1 0.28046875 0.4375 0.140625 0.03359375
13 0.05 0.478125 0.03359375 0.02109375
3 0.48984375 0.48515625 0.846875 0.04140625
5 0.93984375 0.48125 0.053125 0.03359375
3 0.11640625 0.52734375 0.1 0.04140625
11 0.2421875 0.5265625 0.1515625 0.025
13 0.22890625 0.5265625 0.125 0.01953125
1 0.134375 0.56484375 0.13515625 0.03359375
1 0.28046875 0.56484375 0.140625 0.03359375
0 0.49921875 0.61015625 0.23046875 0.05
0 0.5 0.66015625 0.946875 0.05