5 0.06 0.059375 0.09333333333333334 0.058333333333333334
13 0.22458333333333333 0.059375 0.2225 0.028125
3 0.46 0.134375 0.8666666666666667 0.05
5 0.9333333333333333 0.134375 0.08 0.05
13 0.07083333333333333 0.18828125 0.075 0.022395833333333334
5 0.155 0.18854166666666666 0.08 0.05
13 0.27208333333333334 0.19244791666666666 0.11416666666666667 0.022395833333333334
11 0.46458333333333335 0.19270833333333334 0.2708333333333333 0.025
13 0.45125 0.19244791666666666 0.24416666666666667 0.022395833333333334
3 0.5 0.26536458333333335 0.9466666666666667 0.0703125
13 0.5 0.32005208333333335 0.9466666666666667 0.022395833333333334
13 0.05 0.35104166666666664 0.03333333333333333 0.020833333333333332
3 0.49 0.35833333333333334 0.8466666666666667 0.041666666666666664
5 0.94 0.3541666666666667 0.05333333333333334 0.03333333333333333
3 0.11666666666666667 0.4 0.1 0.041666666666666664
11 0.2425 0.39947916666666666 0.15166666666666667 0.025
13 0.22916666666666666 0.39947916666666666 0.125 0.019791666666666666
1 0.13416666666666666 0.4375 0.135 0.03333333333333333
1 0.28041666666666665 0.4375 0.14083333333333334 0.03333333333333333
13 0.05 0.478125 0.03333333333333333 0.020833333333333332
3 0.49 0.48541666666666666 0.8466666666666667 0.041666666666666664
5 0.94 0.48125 0.05333333333333334 0.03333333333333333
3 0.11666666666666667 0.5270833333333333 0.1 0.041666666666666664
11 0.2425 0.5265625 0.15166666666666667 0.025
13 0.22916666666666666 0.5265625 0.125 0.019791666666666666
1 0.13416666666666666 0.5645833333333333 0.135 0.03333333333333333
1 0.28041666666666665 0.5645833333333333 0.14083333333333334 0.03333333333333333
0 0.4995833333333333 0.6104166666666667 0.23083333333333333 0.05
0 0.5 0.6604166666666667 0.9466666666666667 0.05