5 0.05 0.03203125 0.08359375 0.05234375
13 0.5 0.03203125 0.16640625 0.03046875
13 0.25 0.090625 0.5 0.05234375
6 0.25 0.115625 0.5 0.00234375
13 0.75 0.090625 0.5 0.05234375
6 0.75 0.115625 0.5 0.00234375
6 0.08671875 0.17421875 0.10703125 0.06640625
13 0.49765625 0.17421875 0.66171875 0.02265625
6 0.89765625 0.17421875 0.13828125 0.03203125
6 0.5 0.17421875 0.9734375 0.09140625
6 0.08671875 0.27265625 0.10703125 0.06640625
13 0.49765625 0.271875 0.66171875 0.02265625
6 0.89765625 0.271875 0.13828125 0.03203125
6 0.5 0.27265625 0.9734375 0.09140625
6 0.08671875 0.36953125 0.10703125 0.06640625
13 0.49765625 0.36875 0.66171875 0.02265625
6 0.89765625 0.36875 0.13828125 0.03203125
6 0.5 0.36953125 0.9734375 0.09140625
6 0.08671875 0.46640625 0.10703125 0.06640625
13 0.49765625 0.465625 0.66171875 0.02265625
6 0.89765625 0.465625 0.13828125 0.03203125
6 0.5 0.46640625 0.9734375 0.09140625
6 0.08671875 0.56328125 0.10703125 0.06640625
13 0.49765625 0.5625 0.66171875 0.02265625
6 0.89765625 0.5625 0.13828125 0.03203125
6 0.5 0.56328125 0.9734375 0.09140625
6 0.08671875 0.66015625 0.10703125 0.06640625
13 0.49765625 0.659375 0.66171875 0.02265625
6 0.89765625 0.659375 0.13828125 0.03203125
6 0.5 0.66015625 0.9734375 0.09140625
6 0.08671875 0.75703125 0.10703125 0.06640625
13 0.49765625 0.75625 0.66171875 0.02265625
6 0.89765625 0.75625 0.13828125 0.03203125
6 0.5 0.75703125 0.9734375 0.09140625
6 0.08671875 0.85390625 0.10703125 0.06640625
13 0.49765625 0.853125 0.66171875 0.02265625
6 0.89765625 0.853125 0.13828125 0.03203125
6 0.5 0.85390625 0.9734375 0.09140625
6 0.08671875 0.9515625 0.10703125 0.06640625
13 0.49765625 0.9515625 0.66171875 0.02265625
6 0.89765625 0.9515625 0.13828125 0.03203125
6 0.5 0.9515625 0.9734375 0.09140625