5 0.05 0.03229166666666667 0.08333333333333333 0.052083333333333336
13 0.5 0.03203125 0.275 0.030729166666666665
5 0.965 0.03229166666666667 0.05333333333333334 0.03333333333333333
5 0.04666666666666667 0.090625 0.09333333333333334 0.052083333333333336
13 0.18541666666666667 0.090625 0.18416666666666667 0.052083333333333336
6 0.18541666666666667 0.115625 0.18416666666666667 0.0020833333333333333
13 0.38666666666666666 0.090625 0.21833333333333332 0.052083333333333336
6 0.38666666666666666 0.115625 0.21833333333333332 0.0020833333333333333
13 0.5845833333333333 0.090625 0.1775 0.052083333333333336
6 0.5845833333333333 0.115625 0.1775 0.0020833333333333333
5 0.9533333333333334 0.090625 0.09333333333333334 0.052083333333333336
13 0.06125 0.14869791666666668 0.09583333333333334 0.025520833333333333
1 0.95 0.14895833333333333 0.04 0.025
13 0.12833333333333333 0.20546875 0.23 0.021354166666666667
1 0.95 0.20572916666666666 0.04 0.025
13 0.11958333333333333 0.26223958333333336 0.2125 0.027604166666666666
1 0.95 0.2625 0.04 0.025
13 0.11916666666666667 0.31927083333333334 0.21166666666666667 0.022916666666666665
1 0.95 0.31927083333333334 0.04 0.025
13 0.10875 0.37578125 0.19083333333333333 0.024479166666666666
1 0.95 0.37604166666666666 0.04 0.025
13 0.15458333333333332 0.43255208333333334 0.2825 0.021354166666666667
1 0.95 0.4328125 0.04 0.025
13 0.15583333333333332 0.48932291666666666 0.285 0.024479166666666666
1 0.95 0.4895833333333333 0.04 0.025
13 0.1625 0.5463541666666667 0.29833333333333334 0.023958333333333335
1 0.95 0.5463541666666667 0.04 0.025
13 0.09083333333333334 0.603125 0.155 0.023958333333333335
1 0.95 0.603125 0.04 0.025
13 0.1875 0.6598958333333333 0.34833333333333333 0.026041666666666668
1 0.95 0.6598958333333333 0.04 0.025
13 0.10541666666666667 0.7166666666666667 0.18416666666666667 0.019791666666666666
1 0.95 0.7166666666666667 0.04 0.025
13 0.12458333333333334 0.7731770833333333 0.2225 0.015104166666666667
1 0.95 0.7734375 0.04 0.025
13 0.10791666666666666 0.8302083333333333 0.18916666666666668 0.025
1 0.95 0.8302083333333333 0.04 0.025
13 0.11666666666666667 0.88671875 0.20666666666666667 0.0234375
1 0.95 0.8869791666666667 0.04 0.025
13 0.155 0.9434895833333333 0.2833333333333333 0.025520833333333333
1 0.95 0.94375 0.04 0.025