6 0.060833333333333336 0.05520833333333333 0.08 0.05
13 0.7333333333333333 0.05520833333333333 0.10666666666666667 0.058333333333333334
13 0.84 0.05520833333333333 0.10666666666666667 0.058333333333333334
13 0.9466666666666667 0.05520833333333333 0.10666666666666667 0.058333333333333334
13 0.35 0.10911458333333333 0.15166666666666667 0.0171875
13 0.6516666666666666 0.10911458333333333 0.11666666666666667 0.0171875
13 0.17625 0.15989583333333332 0.2525 0.019791666666666666
6 0.9483333333333334 0.16458333333333333 0.04 0.025
13 0.5 0.18880208333333334 0.95 0.0171875
13 0.5 0.20989583333333334 0.95 0.036458333333333336
13 0.5 0.23671875 0.95 0.0171875
13 0.5 0.2557291666666667 0.95 0.028125
13 0.5 0.27838541666666666 0.95 0.0171875
13 0.5 0.29661458333333335 0.95 0.022395833333333334
6 0.935 0.24479166666666666 0.05333333333333334 0.03333333333333333
13 0.16708333333333333 0.3458333333333333 0.23416666666666666 0.019791666666666666
6 0.9483333333333334 0.35052083333333334 0.04 0.025
13 0.5 0.37734375 0.95 0.022395833333333334
13 0.31666666666666665 0.4125 0.06 0.035416666666666666
13 0.39 0.4125 0.06 0.035416666666666666
13 0.4633333333333333 0.4125 0.06 0.035416666666666666
13 0.5366666666666666 0.4125 0.06 0.035416666666666666
13 0.61 0.4125 0.06 0.035416666666666666
13 0.6833333333333333 0.4125 0.06 0.035416666666666666
13 0.5 0.44557291666666665 0.95 0.022395833333333334
13 0.5 0.46979166666666666 0.95 0.026041666666666668
13 0.5 0.49270833333333336 0.95 0.019791666666666666
6 0.9516666666666667 0.4354166666666667 0.04 0.025
13 0.10958333333333334 0.540625 0.11916666666666667 0.019791666666666666
6 0.9483333333333334 0.5453125 0.04 0.025
13 0.18291666666666667 0.5729166666666666 0.2658333333333333 0.019791666666666666
13 0.4741666666666667 0.5729166666666666 0.31666666666666665 0.019791666666666666
13 0.7908333333333334 0.5729166666666666 0.31666666666666665 0.019791666666666666
13 0.18291666666666667 0.5963541666666666 0.2658333333333333 0.019791666666666666
13 0.4741666666666667 0.5963541666666666 0.31666666666666665 0.019791666666666666
13 0.7908333333333334 0.5963541666666666 0.31666666666666665 0.019791666666666666
13 0.18291666666666667 0.6197916666666666 0.2658333333333333 0.019791666666666666
13 0.4741666666666667 0.6197916666666666 0.31666666666666665 0.019791666666666666
13 0.7908333333333334 0.6197916666666666 0.31666666666666665 0.019791666666666666
13 0.18291666666666667 0.6432291666666666 0.2658333333333333 0.019791666666666666
13 0.4741666666666667 0.6432291666666666 0.31666666666666665 0.019791666666666666
13 0.7908333333333334 0.6432291666666666 0.31666666666666665 0.019791666666666666
13 0.18291666666666667 0.6666666666666666 0.2658333333333333 0.019791666666666666
13 0.4741666666666667 0.6666666666666666 0.31666666666666665 0.019791666666666666
13 0.7908333333333334 0.6666666666666666 0.31666666666666665 0.019791666666666666
13 0.18291666666666667 0.6901041666666666 0.2658333333333333 0.019791666666666666
13 0.4741666666666667 0.6901041666666666 0.31666666666666665 0.019791666666666666
13 0.7908333333333334 0.6901041666666666 0.31666666666666665 0.019791666666666666
13 0.18291666666666667 0.7135416666666666 0.2658333333333333 0.019791666666666666
13 0.4741666666666667 0.7135416666666666 0.31666666666666665 0.019791666666666666
13 0.7908333333333334 0.7135416666666666 0.31666666666666665 0.019791666666666666
13 0.18291666666666667 0.7369791666666666 0.2658333333333333 0.019791666666666666
13 0.4741666666666667 0.7369791666666666 0.31666666666666665 0.019791666666666666
13 0.7908333333333334 0.7369791666666666 0.31666666666666665 0.019791666666666666
13 0.18291666666666667 0.7604166666666666 0.2658333333333333 0.019791666666666666
13 0.4741666666666667 0.7604166666666666 0.31666666666666665 0.019791666666666666
13 0.7908333333333334 0.7604166666666666 0.31666666666666665 0.019791666666666666
13 0.18291666666666667 0.7838541666666666 0.2658333333333333 0.019791666666666666
13 0.4741666666666667 0.7838541666666666 0.31666666666666665 0.019791666666666666
13 0.7908333333333334 0.7838541666666666 0.31666666666666665 0.019791666666666666
13 0.4995833333333333 0.8088541666666667 0.8991666666666667 0.019791666666666666
13 0.15166666666666667 0.8583333333333333 0.20333333333333334 0.019791666666666666
6 0.9483333333333334 0.8630208333333333 0.04 0.025
13 0.5 0.890625 0.95 0.019791666666666666
13 0.5 0.91328125 0.95 0.025520833333333333
13 0.48 0.9528645833333333 0.91 0.05364583333333333