5 0.06 0.059375 0.09333333333333334 0.06666666666666667
13 0.17166666666666666 0.059375 0.11666666666666667 0.028125
0 0.5 0.1296875 0.9466666666666667 0.040625
13 0.5 0.19244791666666666 0.30833333333333335 0.022395833333333334
6 0.5 0.26458333333333334 0.16 0.10104166666666667
3 0.5 0.35963541666666665 0.9466666666666667 0.04739583333333333
3 0.5 0.41744791666666664 0.9466666666666667 0.04739583333333333
3 0.5 0.4752604166666667 0.9466666666666667 0.04739583333333333
3 0.5 0.5330729166666667 0.9466666666666667 0.04739583333333333
0 0.5 0.5921875 0.9466666666666667 0.05
0 0.5 0.6526041666666667 0.9466666666666667 0.05
13 0.21666666666666667 0.6979166666666666 0.38 0.019791666666666666
13 0.1275 0.7229166666666667 0.20166666666666666 0.019791666666666666
0 0.5 0.7786458333333334 0.9466666666666667 0.05