5 0.06015625 0.059375 0.09296875 0.06640625
13 0.171875 0.059375 0.11640625 0.028125
0 0.5 0.1296875 0.946875 0.040625
13 0.5 0.1921875 0.30859375 0.02265625
6 0.5 0.26484375 0.16015625 0.10078125
3 0.5 0.359375 0.946875 0.04765625
3 0.5 0.4171875 0.946875 0.04765625
3 0.5 0.475 0.946875 0.04765625
3 0.5 0.5328125 0.946875 0.04765625
0 0.5 0.5921875 0.946875 0.05
0 0.5 0.65234375 0.946875 0.05
13 0.21640625 0.69765625 0.3796875 0.01953125
13 0.12734375 0.72265625 0.2015625 0.01953125
0 0.5 0.77890625 0.946875 0.05