5 0.06 0.059375 0.09333333333333334 0.06666666666666667
13 0.26416666666666666 0.059375 0.26166666666666666 0.028125
13 0.5 0.13411458333333334 0.9666666666666667 0.06197916666666667
12 0.5 0.19010416666666666 0.9666666666666667 0.029166666666666667
13 0.5 0.27682291666666664 0.9666666666666667 0.08177083333333333
8 0.25833333333333336 0.34479166666666666 0.48333333333333334 0.03333333333333333
8 0.7416666666666667 0.34479166666666666 0.48333333333333334 0.03333333333333333
13 0.09166666666666666 0.39947916666666666 0.1 0.030208333333333334
13 0.22333333333333333 0.39557291666666666 0.10666666666666667 0.022395833333333334
13 0.40458333333333335 0.39557291666666666 0.2125 0.022395833333333334
13 0.22333333333333333 0.41796875 0.10666666666666667 0.022395833333333334
13 0.40458333333333335 0.41796875 0.2125 0.022395833333333334
13 0.09166666666666666 0.45989583333333334 0.1 0.030208333333333334
13 0.22333333333333333 0.45598958333333334 0.10666666666666667 0.022395833333333334
13 0.40458333333333335 0.45598958333333334 0.2125 0.022395833333333334
13 0.22333333333333333 0.4783854166666667 0.10666666666666667 0.022395833333333334
13 0.40458333333333335 0.4783854166666667 0.2125 0.022395833333333334
13 0.09166666666666666 0.5203125 0.1 0.030208333333333334
13 0.22333333333333333 0.51640625 0.10666666666666667 0.022395833333333334
13 0.40458333333333335 0.51640625 0.2125 0.022395833333333334
13 0.22333333333333333 0.5388020833333333 0.10666666666666667 0.022395833333333334
13 0.40458333333333335 0.5388020833333333 0.2125 0.022395833333333334
13 0.09166666666666666 0.5807291666666666 0.1 0.030208333333333334
13 0.22333333333333333 0.5768229166666666 0.10666666666666667 0.022395833333333334
13 0.40458333333333335 0.5768229166666666 0.2125 0.022395833333333334
13 0.22333333333333333 0.59921875 0.10666666666666667 0.022395833333333334
13 0.40458333333333335 0.59921875 0.2125 0.022395833333333334
13 0.09166666666666666 0.6411458333333333 0.1 0.030208333333333334
13 0.22333333333333333 0.6372395833333333 0.10666666666666667 0.022395833333333334
13 0.40458333333333335 0.6372395833333333 0.2125 0.022395833333333334
13 0.22333333333333333 0.6596354166666667 0.10666666666666667 0.022395833333333334
13 0.40458333333333335 0.6596354166666667 0.2125 0.022395833333333334
13 0.09166666666666666 0.7015625 0.1 0.030208333333333334
13 0.22333333333333333 0.69765625 0.10666666666666667 0.022395833333333334
13 0.39708333333333334 0.69765625 0.1975 0.022395833333333334
13 0.22333333333333333 0.7200520833333334 0.10666666666666667 0.022395833333333334
13 0.39708333333333334 0.7200520833333334 0.1975 0.022395833333333334
13 0.09166666666666666 0.7619791666666667 0.1 0.030208333333333334
13 0.22333333333333333 0.7580729166666667 0.10666666666666667 0.022395833333333334
13 0.3616666666666667 0.7580729166666667 0.12666666666666668 0.022395833333333334
13 0.22333333333333333 0.78046875 0.10666666666666667 0.022395833333333334
13 0.3616666666666667 0.78046875 0.12666666666666668 0.022395833333333334
13 0.09166666666666666 0.8223958333333333 0.1 0.030208333333333334
13 0.22333333333333333 0.8184895833333333 0.10666666666666667 0.022395833333333334
13 0.37041666666666667 0.8184895833333333 0.14416666666666667 0.022395833333333334
13 0.22333333333333333 0.8408854166666667 0.10666666666666667 0.022395833333333334
13 0.37041666666666667 0.8408854166666667 0.14416666666666667 0.022395833333333334