5 0.04666666666666667 0.059375 0.09333333333333334 0.058333333333333334
5 0.8691666666666666 0.04505208333333333 0.08666666666666667 0.0546875
5 0.95625 0.04505208333333333 0.0875 0.0546875
13 0.4995833333333333 0.10755208333333334 0.3275 0.030729166666666665
13 0.9916666666666667 0.1078125 0.016666666666666666 0.030208333333333334
5 0.025 0.15208333333333332 0.05 0.03125
13 0.4995833333333333 0.14947916666666666 0.1025 0.028125
5 0.975 0.15208333333333332 0.05 0.03125
13 0.005833333333333334 0.21484375 0.011666666666666667 0.025520833333333333
13 0.005833333333333334 0.24036458333333333 0.011666666666666667 0.025520833333333333
13 0.005833333333333334 0.26588541666666665 0.011666666666666667 0.025520833333333333
13 0.005833333333333334 0.4354166666666667 0.011666666666666667 0.028125
13 0.005833333333333334 0.46536458333333336 0.011666666666666667 0.03177083333333333
6 0.125 0.240625 0.13333333333333333 0.08333333333333333
13 0.5766666666666667 0.21484375 0.7366666666666667 0.025520833333333333
13 0.5766666666666667 0.24036458333333333 0.7366666666666667 0.025520833333333333
13 0.5766666666666667 0.26588541666666665 0.7366666666666667 0.025520833333333333
0 0.5 0.3265625 0.25 0.041666666666666664
5 0.4166666666666667 0.3265625 0.08333333333333333 0.041666666666666664
0 0.5 0.3265625 0.08333333333333333 0.041666666666666664
5 0.5833333333333334 0.3265625 0.08333333333333333 0.041666666666666664
13 0.14083333333333334 0.37447916666666664 0.17166666666666666 0.028125
13 0.44916666666666666 0.4049479166666667 0.7883333333333333 0.0328125
13 0.5 0.4354166666666667 0.89 0.028125
13 0.5 0.46536458333333336 0.89 0.03177083333333333
6 0.5 0.175 0.03333333333333333 0.011458333333333333
6 0.9958333333333333 0.240625 0.008333333333333333 0.08333333333333333
13 0.9941666666666666 0.37447916666666664 0.011666666666666667 0.028125
13 0.9941666666666666 0.4049479166666667 0.011666666666666667 0.0328125
13 0.9941666666666666 0.4354166666666667 0.011666666666666667 0.028125
13 0.9941666666666666 0.46536458333333336 0.011666666666666667 0.03177083333333333
13 0.5 0.9411458333333333 1 0.015625