5 0.046875 0.059375 0.09296875 0.05859375
5 0.86953125 0.0453125 0.08671875 0.0546875
5 0.95625 0.0453125 0.0875 0.0546875
13 0.49921875 0.1078125 0.32734375 0.03046875
13 0.99140625 0.1078125 0.01640625 0.03046875
5 0.025 0.15234375 0.05 0.03125
13 0.49921875 0.14921875 0.10234375 0.028125
5 0.975 0.15234375 0.05 0.03125
13 0.00546875 0.2140625 0.0109375 0.025
13 0.00546875 0.23984375 0.0109375 0.0265625
13 0.00546875 0.26484375 0.0109375 0.0265625
13 0.00546875 0.434375 0.0109375 0.028125
13 0.00546875 0.46484375 0.0109375 0.0328125
6 0.125 0.240625 0.13359375 0.08359375
13 0.5765625 0.21484375 0.73671875 0.02578125
13 0.5765625 0.240625 0.73671875 0.02578125
13 0.5765625 0.265625 0.73671875 0.02578125
0 0.5 0.3265625 0.25 0.04140625
5 0.41640625 0.3265625 0.08359375 0.04140625
0 0.5 0.3265625 0.08359375 0.04140625
5 0.58359375 0.3265625 0.08359375 0.04140625
13 0.140625 0.37421875 0.171875 0.028125
13 0.44921875 0.4046875 0.78828125 0.0328125
13 0.5 0.43515625 0.88984375 0.028125
13 0.5 0.465625 0.88984375 0.03203125
6 0.5 0.175 0.03359375 0.01171875
6 0.9953125 0.23984375 0.009375 0.0828125
13 0.99375 0.3734375 0.0125 0.028125
13 0.99375 0.40390625 0.0125 0.0328125
13 0.99375 0.434375 0.0125 0.028125
13 0.99375 0.46484375 0.0125 0.0328125
13 0.5 0.94140625 1 0.015625