13 0.33125 0.059375 0.11083333333333334 0.035416666666666666
13 0.7291666666666666 0.059895833333333336 0.11333333333333333 0.03333333333333333
13 0.7483333333333333 0.31484375 0.29333333333333333 0.0296875
13 0.25 0.3138020833333333 0.21666666666666667 0.027604166666666666
13 0.25166666666666665 0.5802083333333333 0.20333333333333334 0.027083333333333334
13 0.74375 0.5796875 0.30583333333333335 0.027083333333333334
13 0.25666666666666665 0.8466145833333333 0.18 0.0296875
13 0.7479166666666667 0.8453125 0.33416666666666667 0.03958333333333333
6 0.05125 0.06171875 0.08583333333333333 0.05364583333333333
6 0.24541666666666667 0.22369791666666666 0.2575 0.13802083333333334
6 0.7433333333333333 0.22161458333333334 0.15166666666666667 0.14010416666666667
6 0.26166666666666666 0.4869791666666667 0.265 0.14895833333333333
6 0.75 0.48671875 0.23 0.13177083333333334
6 0.7420833333333333 0.7546875 0.24416666666666667 0.12708333333333333
6 0.2579166666666667 0.75 0.25583333333333336 0.14375
5 0.9741666666666666 0.06380208333333333 0.035 0.0515625