13 0.33125 0.059375 0.1109375 0.03515625
13 0.72890625 0.06015625 0.11328125 0.03359375
13 0.7484375 0.31484375 0.29296875 0.0296875
13 0.25 0.3140625 0.21640625 0.02734375
13 0.2515625 0.58046875 0.203125 0.02734375
13 0.74375 0.5796875 0.30546875 0.02734375
13 0.25703125 0.846875 0.1796875 0.0296875
13 0.74765625 0.8453125 0.334375 0.03984375
6 0.0515625 0.06171875 0.0859375 0.05390625
6 0.2453125 0.2234375 0.2578125 0.13828125
6 0.74296875 0.221875 0.1515625 0.13984375
6 0.26171875 0.48671875 0.26484375 0.14921875
6 0.75 0.48671875 0.2296875 0.13203125
6 0.7421875 0.7546875 0.24453125 0.12734375
6 0.2578125 0.75 0.25546875 0.14375
5 0.97421875 0.0640625 0.03515625 0.0515625