5 0.06666666666666667 0.06354166666666666 0.09333333333333334 0.06666666666666667
13 0.7133333333333334 0.06354166666666666 0.08 0.05
13 0.7933333333333333 0.06354166666666666 0.08 0.05
13 0.8733333333333333 0.06354166666666666 0.08 0.05
6 0.9466666666666667 0.06354166666666666 0.06666666666666667 0.05
0 0.04 0.125 0.08 0.04791666666666667
0 0.9033333333333333 0.125 0.06 0.04791666666666667
0 0.9633333333333334 0.125 0.06 0.04791666666666667
0 0.0525 0.48333333333333334 0.058333333333333334 0.0375
10 0.45916666666666667 0.4822916666666667 0.745 0.025
0 0.9475 0.48333333333333334 0.058333333333333334 0.0375
0 0.5033333333333333 0.5401041666666667 0.9533333333333334 0.04479166666666667
0 0.17166666666666666 0.6026041666666667 0.16333333333333333 0.019791666666666666
0 0.9583333333333334 0.6130208333333333 0.03 0.030208333333333334
0 0.89 0.6130208333333333 0.04 0.030208333333333334
0 0.8216666666666667 0.6130208333333333 0.03 0.030208333333333334
0 0.5033333333333333 0.671875 0.9533333333333334 0.022916666666666665
5 0.44333333333333336 0.909375 0.08 0.05
5 0.5566666666666666 0.909375 0.08 0.05
6 0.4995833333333333 0.5252604166666667 0.0008333333333333334 0.0005208333333333333