5 0.06640625 0.06328125 0.09296875 0.06640625
13 0.71328125 0.06328125 0.0796875 0.05
13 0.79296875 0.06328125 0.0796875 0.05
13 0.8734375 0.06328125 0.0796875 0.05
6 0.946875 0.06328125 0.06640625 0.05
0 0.03984375 0.125 0.0796875 0.04765625
0 0.903125 0.125 0.06015625 0.04765625
0 0.96328125 0.125 0.06015625 0.04765625
0 0.05234375 0.48359375 0.05859375 0.0375
10 0.459375 0.48203125 0.7453125 0.025
0 0.94765625 0.48359375 0.05859375 0.0375
0 0.503125 0.53984375 0.953125 0.04453125
0 0.171875 0.60234375 0.16328125 0.01953125
0 0.95859375 0.61328125 0.0296875 0.03046875
0 0.88984375 0.61328125 0.03984375 0.03046875
0 0.821875 0.61328125 0.0296875 0.03046875
0 0.503125 0.671875 0.953125 0.02265625
5 0.44296875 0.909375 0.0796875 0.05
5 0.55703125 0.909375 0.0796875 0.05
6 0.49921875 0.525 0.00078125 0.00078125