5 0.046875 0.059375 0.09296875 0.05859375
5 0.8421875 0.05078125 0.08671875 0.06640625
5 0.9296875 0.05078125 0.0875 0.06640625
13 0.5 0.1078125 0.146875 0.03046875
13 0.9140625 0.1078125 0.0703125 0.03671875
6 0.96171875 0.1078125 0.025 0.015625
13 0.99140625 0.1078125 0.01640625 0.03046875
6 0.1 0.18359375 0.13359375 0.08359375
13 0.3609375 0.1546875 0.3890625 0.02578125
13 0.54140625 0.196875 0.75 0.05859375
13 0.54140625 0.2359375 0.75 0.01953125
0 0.29140625 0.26640625 0.25 0.04140625
6 0.946875 0.2171875 0.03984375 0.025
6 0.1 0.365625 0.13359375 0.08359375
13 0.33359375 0.33671875 0.334375 0.02578125
13 0.54140625 0.37890625 0.75 0.05859375
13 0.54140625 0.41796875 0.75 0.01953125
0 0.29140625 0.44921875 0.25 0.04140625
6 0.946875 0.39921875 0.03984375 0.025
6 0.1 0.54765625 0.13359375 0.08359375
13 0.54140625 0.5296875 0.75 0.04765625
13 0.54140625 0.571875 0.75 0.03671875
13 0.54140625 0.60078125 0.75 0.01953125
0 0.29140625 0.63125 0.25 0.04140625
6 0.946875 0.58203125 0.03984375 0.025
6 0.1 0.73046875 0.13359375 0.08359375
13 0.415625 0.7015625 0.4984375 0.02578125
13 0.54140625 0.74375 0.75 0.05859375
13 0.54140625 0.7828125 0.75 0.01953125
0 0.29140625 0.81328125 0.25 0.04140625
6 0.946875 0.7640625 0.03984375 0.025
6 0.1 0.9125 0.13359375 0.08359375
13 0.41015625 0.88359375 0.48671875 0.02578125
13 0.54140625 0.92578125 0.75 0.05859375
6 0.946875 0.94609375 0.03984375 0.025