5 0.04666666666666667 0.059375 0.09333333333333334 0.058333333333333334
5 0.8425 0.051041666666666666 0.08666666666666667 0.06666666666666667
5 0.9295833333333333 0.051041666666666666 0.0875 0.06666666666666667
13 0.5 0.10755208333333334 0.14666666666666667 0.030729166666666665
13 0.9141666666666667 0.1078125 0.07 0.036458333333333336
6 0.9616666666666667 0.1078125 0.025 0.015625
13 0.9916666666666667 0.1078125 0.016666666666666666 0.030208333333333334
6 0.1 0.18333333333333332 0.13333333333333333 0.08333333333333333
13 0.36125 0.15442708333333333 0.38916666666666666 0.025520833333333333
13 0.5416666666666666 0.19661458333333334 0.75 0.058854166666666666
13 0.5416666666666666 0.2359375 0.75 0.019791666666666666
0 0.2916666666666667 0.26666666666666666 0.25 0.041666666666666664
6 0.9466666666666667 0.2171875 0.04 0.025
6 0.1 0.365625 0.13333333333333333 0.08333333333333333
13 0.33375 0.33671875 0.33416666666666667 0.025520833333333333
13 0.5416666666666666 0.37890625 0.75 0.058854166666666666
13 0.5416666666666666 0.41822916666666665 0.75 0.019791666666666666
0 0.2916666666666667 0.44895833333333335 0.25 0.041666666666666664
6 0.9466666666666667 0.39947916666666666 0.04 0.025
6 0.1 0.5479166666666667 0.13333333333333333 0.08333333333333333
13 0.5416666666666666 0.5299479166666666 0.75 0.04739583333333333
13 0.5416666666666666 0.5721354166666667 0.75 0.03697916666666667
13 0.5416666666666666 0.6005208333333333 0.75 0.019791666666666666
0 0.2916666666666667 0.63125 0.25 0.041666666666666664
6 0.9466666666666667 0.5817708333333333 0.04 0.025
6 0.1 0.7302083333333333 0.13333333333333333 0.08333333333333333
13 0.41583333333333333 0.7013020833333333 0.49833333333333335 0.025520833333333333
13 0.5416666666666666 0.7434895833333334 0.75 0.058854166666666666
13 0.5416666666666666 0.7828125 0.75 0.019791666666666666
0 0.2916666666666667 0.8135416666666667 0.25 0.041666666666666664
6 0.9466666666666667 0.7640625 0.04 0.025
6 0.1 0.9125 0.13333333333333333 0.08333333333333333
13 0.41 0.88359375 0.4866666666666667 0.025520833333333333
13 0.5416666666666666 0.92578125 0.75 0.058854166666666666
6 0.9466666666666667 0.9463541666666667 0.04 0.025