5 0.04666666666666667 0.059375 0.09333333333333334 0.058333333333333334
5 0.8425 0.051041666666666666 0.08666666666666667 0.06666666666666667
5 0.9295833333333333 0.051041666666666666 0.0875 0.06666666666666667
13 0.4995833333333333 0.10755208333333334 0.23083333333333333 0.030729166666666665
13 0.9916666666666667 0.1078125 0.016666666666666666 0.030208333333333334
5 0.025 0.146875 0.05 0.03125
13 0.4995833333333333 0.146875 0.12083333333333333 0.028125
5 0.975 0.146875 0.05 0.03125
6 0.15166666666666667 0.2520833333333333 0.2 0.125
13 0.5633333333333334 0.2635416666666667 0.6066666666666667 0.10625
0 0.47583333333333333 0.38177083333333334 0.25 0.041666666666666664
13 0.1675 0.4315104166666667 0.19833333333333333 0.021354166666666667
13 0.47583333333333333 0.47239583333333335 0.815 0.03958333333333333
6 0.9925 0.2520833333333333 0.015 0.125