0 0.12916666666666668 0.4 0.10666666666666667 0.06875
3 0.12916666666666668 0.459375 0.10666666666666667 0.05
0 0.12916666666666668 0.51875 0.10666666666666667 0.06875
0 0.2625 0.4 0.10666666666666667 0.06875
3 0.2625 0.459375 0.10666666666666667 0.05
0 0.2625 0.51875 0.10666666666666667 0.06875
0 0.3958333333333333 0.4 0.10666666666666667 0.06875
3 0.3958333333333333 0.459375 0.10666666666666667 0.05
0 0.3958333333333333 0.51875 0.10666666666666667 0.06875
13 0.7066666666666667 0.33671875 0.14 0.04635416666666667
13 0.5308333333333334 0.3697916666666667 0.05 0.019791666666666666
13 0.5808333333333333 0.3697916666666667 0.05 0.019791666666666666
13 0.6308333333333334 0.3697916666666667 0.05 0.019791666666666666
13 0.6808333333333333 0.3697916666666667 0.05 0.019791666666666666
13 0.7308333333333333 0.3697916666666667 0.05 0.019791666666666666
13 0.7808333333333334 0.3697916666666667 0.05 0.019791666666666666
13 0.83125 0.3697916666666667 0.050833333333333335 0.019791666666666666
13 0.8820833333333333 0.3697916666666667 0.050833333333333335 0.019791666666666666
6 0.7066666666666667 0.38645833333333335 0.4083333333333333 0.0010416666666666667
0 0.5 0.634375 0.875 0.05625