0 0.12890625 0.4 0.10703125 0.06875
3 0.12890625 0.459375 0.10703125 0.05
0 0.12890625 0.51875 0.10703125 0.06875
0 0.2625 0.4 0.10703125 0.06875
3 0.2625 0.459375 0.10703125 0.05
0 0.2625 0.51875 0.10703125 0.06875
0 0.39609375 0.4 0.10703125 0.06875
3 0.39609375 0.459375 0.10703125 0.05
0 0.39609375 0.51875 0.10703125 0.06875
13 0.70703125 0.33671875 0.13984375 0.04609375
13 0.53046875 0.36953125 0.05 0.01953125
13 0.58046875 0.36953125 0.05 0.01953125
13 0.63046875 0.36953125 0.05 0.01953125
13 0.68046875 0.36953125 0.05 0.01953125
13 0.73046875 0.36953125 0.05 0.01953125
13 0.78046875 0.36953125 0.05 0.01953125
13 0.83125 0.36953125 0.05078125 0.01953125
13 0.88203125 0.36953125 0.05078125 0.01953125
6 0.70703125 0.38671875 0.40859375 0.00078125
0 0.5 0.634375 0.875 0.05625