13 0.0825 0.059375 0.085 0.028125
13 0.86 0.059375 0.08 0.05
13 0.94 0.059375 0.08 0.05
6 0.31333333333333335 0.11770833333333333 0.04 0.025
6 0.4066666666666667 0.11770833333333333 0.04 0.025
6 0.5 0.11770833333333333 0.04 0.025
6 0.5933333333333334 0.11770833333333333 0.04 0.025
6 0.6866666666666666 0.11770833333333333 0.04 0.025
6 0.13 0.22395833333333334 0.23166666666666666 0.14479166666666668
13 0.13 0.31927083333333334 0.23166666666666666 0.04583333333333333
6 0.37666666666666665 0.22395833333333334 0.23166666666666666 0.14479166666666668
13 0.37666666666666665 0.31927083333333334 0.23166666666666666 0.04583333333333333
6 0.6233333333333333 0.22395833333333334 0.23166666666666666 0.14479166666666668
13 0.6233333333333333 0.31927083333333334 0.23166666666666666 0.04583333333333333
6 0.87 0.22395833333333334 0.23166666666666666 0.14479166666666668
13 0.87 0.31927083333333334 0.23166666666666666 0.04583333333333333
6 0.13 0.4239583333333333 0.23166666666666666 0.14479166666666668
13 0.13 0.5192708333333333 0.23166666666666666 0.04583333333333333
6 0.37666666666666665 0.4239583333333333 0.23166666666666666 0.14479166666666668
13 0.37666666666666665 0.5192708333333333 0.23166666666666666 0.04583333333333333
6 0.6233333333333333 0.4239583333333333 0.23166666666666666 0.14479166666666668
13 0.6233333333333333 0.5192708333333333 0.23166666666666666 0.04583333333333333
6 0.87 0.4239583333333333 0.23166666666666666 0.14479166666666668
13 0.87 0.5192708333333333 0.23166666666666666 0.04583333333333333
6 0.13 0.6239583333333333 0.23166666666666666 0.14479166666666668
13 0.13 0.7192708333333333 0.23166666666666666 0.04583333333333333
6 0.37666666666666665 0.6239583333333333 0.23166666666666666 0.14479166666666668
13 0.37666666666666665 0.7192708333333333 0.23166666666666666 0.04583333333333333
6 0.6233333333333333 0.6239583333333333 0.23166666666666666 0.14479166666666668
13 0.6233333333333333 0.7192708333333333 0.23166666666666666 0.04583333333333333
6 0.87 0.6239583333333333 0.23166666666666666 0.14479166666666668
13 0.87 0.7192708333333333 0.23166666666666666 0.04583333333333333
6 0.13 0.8239583333333333 0.23166666666666666 0.14479166666666668
13 0.13 0.9192708333333334 0.23166666666666666 0.04583333333333333
6 0.37666666666666665 0.8239583333333333 0.23166666666666666 0.14479166666666668
13 0.37666666666666665 0.9192708333333334 0.23166666666666666 0.04583333333333333
6 0.6233333333333333 0.8239583333333333 0.23166666666666666 0.14479166666666668
13 0.6233333333333333 0.9192708333333334 0.23166666666666666 0.04583333333333333
6 0.87 0.8239583333333333 0.23166666666666666 0.14479166666666668
13 0.87 0.9192708333333334 0.23166666666666666 0.04583333333333333
6 0.13 0.97578125 0.23166666666666666 0.0484375