5 0.06015625 0.059375 0.09296875 0.06640625
13 0.29609375 0.059375 0.32578125 0.028125
13 0.66796875 0.059375 0.28046875 0.028125
6 0.078125 0.134375 0.103125 0.04765625
13 0.259375 0.1171875 0.259375 0.02421875
13 0.3015625 0.14609375 0.34296875 0.034375
6 0.078125 0.21796875 0.103125 0.04765625
13 0.2625 0.20078125 0.26484375 0.02421875
13 0.3015625 0.23046875 0.34296875 0.034375
6 0.078125 0.30234375 0.103125 0.04765625
13 0.2296875 0.28515625 0.19921875 0.02421875
13 0.3015625 0.3140625 0.34296875 0.034375
6 0.078125 0.3859375 0.103125 0.04765625
13 0.2484375 0.36875 0.23671875 0.02421875
13 0.3015625 0.39765625 0.34296875 0.034375
6 0.078125 0.46484375 0.103125 0.04765625
13 0.25234375 0.45546875 0.2453125 0.02421875
13 0.2546875 0.4765625 0.24921875 0.01875
6 0.078125 0.53828125 0.103125 0.04765625
13 0.2390625 0.52890625 0.21796875 0.02421875
13 0.23828125 0.55 0.215625 0.01875
6 0.25 0.62734375 0.053125 0.03359375
13 0.25 0.6609375 0.3546875 0.02421875
13 0.62578125 0.13828125 0.17109375 0.01953125
13 0.78359375 0.13828125 0.0203125 0.01953125
3 0.8765625 0.13828125 0.16640625 0.04140625
13 0.62734375 0.2140625 0.175 0.01953125
13 0.78359375 0.21328125 0.0203125 0.01953125
3 0.8765625 0.2140625 0.16640625 0.04140625
13 0.58515625 0.29296875 0.08984375 0.01953125
11 0.86640625 0.29296875 0.18671875 0.04921875
13 0.84921875 0.29140625 0.13828125 0.03671875
13 0.60859375 0.37265625 0.1375 0.01953125
3 0.8546875 0.37265625 0.1625 0.04140625
13 0.94765625 0.371875 0.02421875 0.01953125
6 0.75 0.4109375 0.4734375 0.00078125
13 0.60859375 0.4375 0.1375 0.01953125
13 0.9078125 0.4375 0.10390625 0.01953125
13 0.75 0.584375 0.48671875 0.19921875