5 0.06 0.059375 0.09333333333333334 0.06666666666666667
13 0.29625 0.059375 0.3258333333333333 0.028125
13 0.6679166666666667 0.059375 0.2808333333333333 0.028125
6 0.07833333333333334 0.134375 0.10333333333333333 0.04791666666666667
13 0.25958333333333333 0.1171875 0.25916666666666666 0.023958333333333335
13 0.3016666666666667 0.14635416666666667 0.3433333333333333 0.034375
6 0.07833333333333334 0.21822916666666667 0.10333333333333333 0.04791666666666667
13 0.2625 0.20104166666666667 0.265 0.023958333333333335
13 0.3016666666666667 0.23020833333333332 0.3433333333333333 0.034375
6 0.07833333333333334 0.3020833333333333 0.10333333333333333 0.04791666666666667
13 0.22958333333333333 0.28489583333333335 0.19916666666666666 0.023958333333333335
13 0.3016666666666667 0.3140625 0.3433333333333333 0.034375
6 0.07833333333333334 0.3859375 0.10333333333333333 0.04791666666666667
13 0.24833333333333332 0.36875 0.23666666666666666 0.023958333333333335
13 0.3016666666666667 0.39791666666666664 0.3433333333333333 0.034375
6 0.07833333333333334 0.46458333333333335 0.10333333333333333 0.04791666666666667
13 0.2525 0.4552083333333333 0.245 0.023958333333333335
13 0.25458333333333333 0.4765625 0.24916666666666668 0.01875
6 0.07833333333333334 0.5380208333333333 0.10333333333333333 0.04791666666666667
13 0.23916666666666667 0.5286458333333334 0.21833333333333332 0.023958333333333335
13 0.23791666666666667 0.55 0.21583333333333332 0.01875
6 0.25 0.6270833333333333 0.05333333333333334 0.03333333333333333
13 0.25 0.6609375 0.355 0.023958333333333335
13 0.6254166666666666 0.13854166666666667 0.17083333333333334 0.019791666666666666
13 0.7833333333333333 0.13802083333333334 0.02 0.019791666666666666
3 0.8766666666666667 0.13854166666666667 0.16666666666666666 0.041666666666666664
13 0.6275 0.2140625 0.175 0.019791666666666666
13 0.7833333333333333 0.21354166666666666 0.02 0.019791666666666666
3 0.8766666666666667 0.2140625 0.16666666666666666 0.041666666666666664
13 0.585 0.29322916666666665 0.09 0.019791666666666666
11 0.8666666666666667 0.29322916666666665 0.18666666666666668 0.04895833333333333
13 0.8491666666666666 0.2911458333333333 0.13833333333333334 0.036458333333333336
13 0.60875 0.3723958333333333 0.1375 0.019791666666666666
3 0.8545833333333334 0.3723958333333333 0.1625 0.041666666666666664
13 0.9479166666666666 0.371875 0.024166666666666666 0.019791666666666666
6 0.75 0.41067708333333336 0.47333333333333333 0.0005208333333333333
13 0.60875 0.4375 0.1375 0.019791666666666666
13 0.9079166666666667 0.4375 0.10416666666666667 0.019791666666666666
13 0.75 0.584375 0.4866666666666667 0.19895833333333332