6 0.5 0.2643229166666667 0.7066666666666667 0.3515625
13 0.5 0.47578125 0.7066666666666667 0.07135416666666666
13 0.5 0.53828125 0.7066666666666667 0.05364583333333333
6 0.9266666666666666 0.2643229166666667 0.14666666666666667 0.3515625
13 0.9266666666666666 0.4921875 0.14666666666666667 0.10416666666666667
13 0.9266666666666666 0.57109375 0.14666666666666667 0.05364583333333333
6 0.34 0.6765625 0.04 0.025
6 0.42 0.6765625 0.04 0.025
6 0.5 0.6765625 0.04 0.025
6 0.58 0.6765625 0.04 0.025
6 0.66 0.6765625 0.04 0.025
13 0.7879166666666667 0.6765625 0.13083333333333333 0.05