13 0.2265625 0.059375 0.39921875 0.028125
13 0.5 0.18203125 0.70703125 0.053125
6 0.5 0.20859375 0.70703125 0.00078125
13 0.24921875 0.24609375 0.20546875 0.053125
3 0.603125 0.24609375 0.44765625 0.04140625
6 0.5 0.284375 0.70703125 0.00078125
13 0.24921875 0.321875 0.20546875 0.053125
3 0.603125 0.321875 0.44765625 0.04140625
6 0.5 0.359375 0.70703125 0.00078125
13 0.24921875 0.42578125 0.20546875 0.053125
3 0.603125 0.39765625 0.44765625 0.04140625
13 0.603125 0.446875 0.44765625 0.05703125
6 0.5 0.4921875 0.70703125 0.00078125
0 0.5 0.54296875 0.653125 0.06640625
0 0.5 0.62578125 0.653125 0.06640625
6 0.5 0.728125 0.053125 0.03359375
13 0.5 0.76171875 0.3546875 0.02421875