13 0.22625 0.059375 0.39916666666666667 0.028125
13 0.5 0.18177083333333333 0.7066666666666667 0.053125
6 0.5 0.20859375 0.7066666666666667 0.0005208333333333333
13 0.24958333333333332 0.24635416666666668 0.20583333333333334 0.053125
3 0.6029166666666667 0.24635416666666668 0.4475 0.041666666666666664
6 0.5 0.28411458333333334 0.7066666666666667 0.0005208333333333333
13 0.24958333333333332 0.321875 0.20583333333333334 0.053125
3 0.6029166666666667 0.321875 0.4475 0.041666666666666664
6 0.5 0.35963541666666665 0.7066666666666667 0.0005208333333333333
13 0.24958333333333332 0.42604166666666665 0.20583333333333334 0.053125
3 0.6029166666666667 0.39739583333333334 0.4475 0.041666666666666664
13 0.6029166666666667 0.446875 0.4475 0.057291666666666664
6 0.5 0.49244791666666665 0.7066666666666667 0.0005208333333333333
0 0.5 0.5427083333333333 0.6533333333333333 0.06666666666666667
0 0.5 0.6260416666666667 0.6533333333333333 0.06666666666666667
6 0.5 0.728125 0.05333333333333334 0.03333333333333333
13 0.5 0.7619791666666667 0.355 0.023958333333333335