13 0.4125 0.365625 0.1078125 0.0265625
13 0.68203125 0.365625 0.07890625 0.02109375
13 0.14296875 0.36796875 0.1765625 0.01875
13 0.18828125 0.309375 0.31640625 0.02109375
13 0.24296875 0.1203125 0.4265625 0.02890625
13 0.075 0.1453125 0.08984375 0.01015625
13 0.50234375 0.584375 0.1328125 0.02265625
13 0.50390625 0.62109375 0.30234375 0.0375
13 0.49765625 0.428125 0.2453125 0.0234375
13 0.4234375 0.45546875 0.0921875 0.0171875
13 0.57421875 0.45546875 0.09609375 0.01875
13 0.93125 0.36640625 0.1328125 0.0234375
6 0.24921875 0.78203125 0.4859375 0.1125
6 0.75078125 0.7828125 0.46875 0.11015625
6 0.17109375 0.59375 0.3421875 0.23125
6 0.8640625 0.58984375 0.26875 0.2171875
6 0.1609375 0.18359375 0.2625 0.053125
6 0.7296875 0.18046875 0.50625 0.18125
6 0.4609375 0.30625 0.10234375 0.04765625
6 0.1765625 0.0546875 0.1703125 0.04921875
5 0.05859375 0.05859375 0.04765625 0.0265625
5 0.8171875 0.0578125 0.0484375 0.03203125
5 0.88515625 0.059375 0.05234375 0.03359375
5 0.95390625 0.05859375 0.0546875 0.03125
5 0.29296875 0.921875 0.07109375 0.04609375
5 0.39765625 0.9265625 0.0671875 0.04921875
5 0.603125 0.92421875 0.0609375 0.0484375
5 0.70546875 0.9234375 0.06875 0.04921875
5 0.5015625 0.91796875 0.08984375 0.05