13 0.4125 0.365625 0.1075 0.0265625
13 0.681875 0.365234375 0.07875 0.02109375
13 0.143125 0.36796875 0.17625 0.01875
13 0.188125 0.308984375 0.31625 0.02109375
13 0.243125 0.120703125 0.42625 0.02890625
13 0.075 0.145703125 0.09 0.01015625
13 0.5025 0.583984375 0.1325 0.02265625
13 0.50375 0.62109375 0.3025 0.0375
13 0.4975 0.428125 0.245 0.0234375
13 0.42375 0.45546875 0.0925 0.0171875
13 0.574375 0.45546875 0.09625 0.01875
13 0.93125 0.36640625 0.1325 0.0234375
6 0.249375 0.78203125 0.48625 0.1125
6 0.750625 0.783203125 0.46875 0.11015625
6 0.17125 0.59375 0.3425 0.23125
6 0.864375 0.58984375 0.26875 0.2171875
6 0.16125 0.18359375 0.2625 0.053125
6 0.729375 0.18046875 0.50625 0.18125
6 0.46125 0.305859375 0.1025 0.04765625
6 0.17625 0.054296875 0.17 0.04921875
5 0.05875 0.05859375 0.0475 0.0265625
5 0.816875 0.058203125 0.04875 0.03203125
5 0.885 0.058984375 0.0525 0.03359375
5 0.95375 0.05859375 0.055 0.03125
5 0.293125 0.922265625 0.07125 0.04609375
5 0.3975 0.926171875 0.0675 0.04921875
5 0.603125 0.92421875 0.06125 0.0484375
5 0.705625 0.923828125 0.06875 0.04921875
5 0.50125 0.91796875 0.09 0.05