6 0.013333333333333334 0.05520833333333333 0.02666666666666667 0.016666666666666666
6 0.060833333333333336 0.05520833333333333 0.08 0.05
13 0.18166666666666667 0.054947916666666666 0.14833333333333334 0.025520833333333333
13 0.7333333333333333 0.05520833333333333 0.10666666666666667 0.058333333333333334
13 0.84 0.05520833333333333 0.10666666666666667 0.058333333333333334
5 0.9466666666666667 0.05520833333333333 0.10666666666666667 0.058333333333333334
13 0.08666666666666667 0.109375 0.17333333333333334 0.05
13 0.27125 0.109375 0.19583333333333333 0.05
13 0.45166666666666666 0.109375 0.165 0.05
13 0.6241666666666666 0.109375 0.18 0.05
13 0.7758333333333334 0.109375 0.12333333333333334 0.05
6 0.33916666666666667 0.3255208333333333 0.6083333333333333 0.3385416666666667
6 0.8216666666666667 0.23541666666666666 0.2866666666666667 0.15833333333333333
6 0.8216666666666667 0.415625 0.2866666666666667 0.15833333333333333
6 0.17833333333333334 0.56484375 0.2866666666666667 0.09635416666666667
6 0.5 0.56484375 0.2866666666666667 0.09635416666666667
6 0.8216666666666667 0.56484375 0.2866666666666667 0.09635416666666667
13 0.15958333333333333 0.66015625 0.2791666666666667 0.024479166666666666
13 0.5983333333333334 0.6614583333333334 0.5983333333333334 0.019791666666666666
13 0.9420833333333334 0.66015625 0.07583333333333334 0.018229166666666668
6 0.14416666666666667 0.7953125 0.20833333333333334 0.19479166666666667
13 0.38416666666666666 0.7322916666666667 0.23166666666666666 0.03958333333333333
9 0.335 0.76875 0.13333333333333333 0.016666666666666666
13 0.32458333333333333 0.7846354166666667 0.1125 0.015104166666666667
6 0.29333333333333333 0.8140625 0.043333333333333335 0.027083333333333334
6 0.34 0.8140625 0.043333333333333335 0.027083333333333334
0 0.3175 0.85703125 0.09833333333333333 0.0421875
6 0.6241666666666666 0.7953125 0.20833333333333334 0.19479166666666667
13 0.8641666666666666 0.7322916666666667 0.23166666666666666 0.03958333333333333
9 0.815 0.76875 0.13333333333333333 0.016666666666666666
13 0.8041666666666667 0.7846354166666667 0.11166666666666666 0.015104166666666667
6 0.7733333333333333 0.8140625 0.043333333333333335 0.027083333333333334
6 0.82 0.8140625 0.043333333333333335 0.027083333333333334
0 0.7975 0.85703125 0.09833333333333333 0.0421875
6 0.14416666666666667 0.9591145833333333 0.20833333333333334 0.08177083333333333
13 0.38416666666666666 0.9526041666666667 0.23166666666666666 0.03958333333333333
6 0.6241666666666666 0.9591145833333333 0.20833333333333334 0.08177083333333333
13 0.8641666666666666 0.9526041666666667 0.23166666666666666 0.03958333333333333
13 0.08833333333333333 0.1015625 0.09666666666666666 0.017708333333333333
13 0.12916666666666668 0.13645833333333332 0.25833333333333336 0.025
13 0.07958333333333334 0.17916666666666667 0.07916666666666666 0.017708333333333333
13 0.1425 0.2140625 0.285 0.025
13 0.13458333333333333 0.26458333333333334 0.26916666666666667 0.025
13 0.13083333333333333 0.3151041666666667 0.26166666666666666 0.025
13 0.08166666666666667 0.3578125 0.08333333333333333 0.017708333333333333
13 0.12583333333333332 0.3927083333333333 0.25166666666666665 0.025
13 0.115 0.4432291666666667 0.23 0.025
13 0.13791666666666666 0.49375 0.2758333333333333 0.025
13 0.12 0.5442708333333334 0.24 0.025
13 0.1275 0.5947916666666667 0.255 0.025