13 0.125 0.17578125 0.14833333333333334 0.0328125
13 0.12583333333333332 0.30755208333333334 0.16666666666666666 0.03697916666666667
13 0.11541666666666667 0.44192708333333336 0.13916666666666666 0.03177083333333333
13 0.13 0.5768229166666666 0.16166666666666665 0.024479166666666666
0 0.5008333333333334 0.9127604166666666 0.9883333333333333 0.0890625
3 0.5654166666666667 0.035416666666666666 0.6991666666666667 0.06041666666666667
3 0.5779166666666666 0.11302083333333333 0.7241666666666666 0.04583333333333333
8 0.9166666666666666 0.17291666666666666 0.075 0.041666666666666664
8 0.9170833333333334 0.24036458333333333 0.059166666666666666 0.0359375
8 0.91625 0.30572916666666666 0.060833333333333336 0.04583333333333333
8 0.9175 0.5752604166666667 0.06333333333333334 0.03697916666666667
8 0.91625 0.7072916666666667 0.0575 0.04375
8 0.9183333333333333 0.43854166666666666 0.07166666666666667 0.041666666666666664