13 0.125 0.17578125 0.1484375 0.0328125
13 0.12578125 0.3078125 0.16640625 0.03671875
13 0.115625 0.4421875 0.1390625 0.03203125
13 0.1296875 0.5765625 0.16171875 0.02421875
0 0.50078125 0.9125 0.98828125 0.0890625
3 0.565625 0.03515625 0.69921875 0.06015625
3 0.578125 0.11328125 0.72421875 0.04609375
8 0.91640625 0.17265625 0.075 0.04140625
8 0.9171875 0.240625 0.059375 0.0359375
8 0.91640625 0.30546875 0.0609375 0.04609375
8 0.9171875 0.575 0.06328125 0.03671875
8 0.91640625 0.70703125 0.0578125 0.04375
8 0.91796875 0.43828125 0.071875 0.04140625