6 0.01328125 0.05546875 0.0265625 0.01640625
6 0.0609375 0.05546875 0.0796875 0.05
13 0.221875 0.0546875 0.228125 0.02578125
13 0.73359375 0.05546875 0.10703125 0.05859375
13 0.83984375 0.05546875 0.10703125 0.05859375
5 0.94609375 0.0546875 0.1078125 0.059375
13 0.06640625 0.109375 0.09296875 0.02421875
13 0.546875 0.11015625 0.86640625 0.01953125
6 0.14453125 0.21171875 0.20859375 0.13046875
13 0.384375 0.19921875 0.23203125 0.03984375
13 0.31875 0.2359375 0.10078125 0.01796875
6 0.62421875 0.21171875 0.20859375 0.13046875
13 0.8640625 0.19921875 0.23203125 0.03984375
13 0.7859375 0.2359375 0.07578125 0.01796875
6 0.14453125 0.36796875 0.20859375 0.13046875
13 0.384375 0.3546875 0.23203125 0.03984375
13 0.31875 0.39140625 0.10078125 0.01796875
6 0.62421875 0.36796875 0.20859375 0.13046875
13 0.8640625 0.3546875 0.23203125 0.03984375
13 0.7984375 0.39140625 0.10078125 0.01796875
6 0.14453125 0.5234375 0.20859375 0.13046875
13 0.384375 0.51015625 0.23203125 0.03984375
13 0.31171875 0.54765625 0.0875 0.01796875
6 0.62421875 0.5234375 0.20859375 0.13046875
13 0.8640625 0.51015625 0.23203125 0.03984375
13 0.7859375 0.54765625 0.07578125 0.01796875
13 0.06796875 0.6265625 0.096875 0.02421875
13 0.50703125 0.62734375 0.78046875 0.01953125
13 0.9421875 0.6265625 0.07578125 0.01796875
6 0.14453125 0.76171875 0.20859375 0.19453125
13 0.384375 0.6984375 0.23203125 0.03984375
9 0.33515625 0.73515625 0.13359375 0.01640625
13 0.32421875 0.75078125 0.1125 0.01484375
6 0.29296875 0.78046875 0.04296875 0.02734375
6 0.33984375 0.78046875 0.04296875 0.02734375
0 0.32265625 0.8234375 0.109375 0.0421875
6 0.62421875 0.76171875 0.20859375 0.19453125
13 0.8640625 0.6984375 0.23203125 0.03984375
9 0.81484375 0.73515625 0.13359375 0.01640625
13 0.79921875 0.75078125 0.1015625 0.01484375
6 0.7734375 0.78046875 0.04296875 0.02734375
6 0.8203125 0.78046875 0.04296875 0.02734375
0 0.803125 0.8234375 0.109375 0.0421875
6 0.14453125 0.9421875 0.20859375 0.115625
13 0.384375 0.91875 0.23203125 0.03984375
9 0.33515625 0.95546875 0.13359375 0.01640625
6 0.62421875 0.9421875 0.20859375 0.115625
13 0.8640625 0.91875 0.23203125 0.03984375
9 0.81484375 0.95546875 0.13359375 0.01640625