6 0.013333333333333334 0.05520833333333333 0.02666666666666667 0.016666666666666666
6 0.060833333333333336 0.05520833333333333 0.08 0.05
13 0.22166666666666668 0.054947916666666666 0.22833333333333333 0.025520833333333333
13 0.7333333333333333 0.05520833333333333 0.10666666666666667 0.058333333333333334
13 0.84 0.05520833333333333 0.10666666666666667 0.058333333333333334
5 0.9466666666666667 0.05520833333333333 0.10666666666666667 0.058333333333333334
13 0.06666666666666667 0.10911458333333333 0.09333333333333334 0.024479166666666666
13 0.5466666666666666 0.11041666666666666 0.8666666666666667 0.019791666666666666
6 0.14416666666666667 0.21197916666666666 0.20833333333333334 0.13020833333333334
13 0.38416666666666666 0.19895833333333332 0.23166666666666666 0.03958333333333333
13 0.31875 0.2359375 0.10083333333333333 0.017708333333333333
6 0.6241666666666666 0.21197916666666666 0.20833333333333334 0.13020833333333334
13 0.8641666666666666 0.19895833333333332 0.23166666666666666 0.03958333333333333
13 0.78625 0.2359375 0.07583333333333334 0.017708333333333333
6 0.14416666666666667 0.36770833333333336 0.20833333333333334 0.13020833333333334
13 0.38416666666666666 0.3546875 0.23166666666666666 0.03958333333333333
13 0.31875 0.39166666666666666 0.10083333333333333 0.017708333333333333
6 0.6241666666666666 0.36770833333333336 0.20833333333333334 0.13020833333333334
13 0.8641666666666666 0.3546875 0.23166666666666666 0.03958333333333333
13 0.79875 0.39166666666666666 0.10083333333333333 0.017708333333333333
6 0.14416666666666667 0.5234375 0.20833333333333334 0.13020833333333334
13 0.38416666666666666 0.5104166666666666 0.23166666666666666 0.03958333333333333
13 0.3120833333333333 0.5473958333333333 0.0875 0.017708333333333333
6 0.6241666666666666 0.5234375 0.20833333333333334 0.13020833333333334
13 0.8641666666666666 0.5104166666666666 0.23166666666666666 0.03958333333333333
13 0.78625 0.5473958333333333 0.07583333333333334 0.017708333333333333
13 0.06833333333333333 0.6263020833333334 0.09666666666666666 0.024479166666666666
13 0.5070833333333333 0.6276041666666666 0.7808333333333334 0.019791666666666666
13 0.9420833333333334 0.6263020833333334 0.07583333333333334 0.018229166666666668
6 0.14416666666666667 0.7614583333333333 0.20833333333333334 0.19479166666666667
13 0.38416666666666666 0.6984375 0.23166666666666666 0.03958333333333333
9 0.335 0.7348958333333333 0.13333333333333333 0.016666666666666666
13 0.32458333333333333 0.75078125 0.1125 0.015104166666666667
6 0.29333333333333333 0.7802083333333333 0.043333333333333335 0.027083333333333334
6 0.34 0.7802083333333333 0.043333333333333335 0.027083333333333334
0 0.3229166666666667 0.8231770833333333 0.10916666666666666 0.0421875
6 0.6241666666666666 0.7614583333333333 0.20833333333333334 0.19479166666666667
13 0.8641666666666666 0.6984375 0.23166666666666666 0.03958333333333333
9 0.815 0.7348958333333333 0.13333333333333333 0.016666666666666666
13 0.7991666666666667 0.75078125 0.10166666666666667 0.015104166666666667
6 0.7733333333333333 0.7802083333333333 0.043333333333333335 0.027083333333333334
6 0.82 0.7802083333333333 0.043333333333333335 0.027083333333333334
0 0.8029166666666666 0.8231770833333333 0.10916666666666666 0.0421875
6 0.14416666666666667 0.9421875 0.20833333333333334 0.115625
13 0.38416666666666666 0.91875 0.23166666666666666 0.03958333333333333
9 0.335 0.9552083333333333 0.13333333333333333 0.016666666666666666
6 0.6241666666666666 0.9421875 0.20833333333333334 0.115625
13 0.8641666666666666 0.91875 0.23166666666666666 0.03958333333333333
9 0.815 0.9552083333333333 0.13333333333333333 0.016666666666666666