5 0.06 0.059375 0.09333333333333334 0.06666666666666667
13 0.16875 0.059375 0.07083333333333333 0.028125
13 0.9466666666666667 0.059375 0.08 0.05
6 0.5 0.26848958333333334 1 0.3515625
5 0.5 0.2682291666666667 0.15 0.09375
13 0.22 0.46901041666666665 0.38 0.03177083333333333
13 0.66 0.46901041666666665 0.38 0.0421875
13 0.955 0.46901041666666665 0.09 0.03177083333333333
13 0.5 0.5403645833333334 0.9733333333333334 0.033854166666666664
13 0.5 0.5841145833333333 0.26166666666666666 0.0203125
13 0.5 0.61875 0.26166666666666666 0.040625
13 0.5 0.7427083333333333 1 0.11145833333333334
13 0.5 0.8278645833333333 1 0.058854166666666666
13 0.5 0.9325520833333333 1 0.13489583333333333
5 0.9266666666666666 0.9041666666666667 0.13333333333333333 0.09583333333333334