5 0.06015625 0.059375 0.09296875 0.06640625
13 0.18984375 0.059375 0.11328125 0.028125
6 0.5 0.19140625 0.475 0.16015625
0 0.5 0.30703125 0.90703125 0.05
13 0.49921875 0.35546875 0.090625 0.02578125
3 0.5 0.39921875 0.90703125 0.04140625
3 0.5 0.45 0.90703125 0.04140625
3 0.44453125 0.5 0.7953125 0.04140625
1 0.89765625 0.49609375 0.11171875 0.03359375
3 0.40703125 0.55 0.7203125 0.04140625
0 0.86328125 0.54921875 0.1796875 0.03984375
0 0.5 0.60390625 0.90703125 0.05
13 0.5 0.665625 0.90703125 0.02890625