5 0.06208333333333333 0.05911458333333333 0.059166666666666666 0.022395833333333334
13 0.11916666666666667 0.15130208333333334 0.08833333333333333 0.0265625
13 0.12833333333333333 0.27005208333333336 0.10333333333333333 0.0296875
13 0.12916666666666668 0.41744791666666664 0.10166666666666667 0.022395833333333334
13 0.056666666666666664 0.37526041666666665 0.09333333333333334 0.027604166666666666
13 0.07958333333333334 0.46484375 0.13583333333333333 0.0265625
13 0.13458333333333333 0.68828125 0.11916666666666667 0.0328125
13 0.07208333333333333 0.79453125 0.12083333333333333 0.0203125
13 0.14833333333333334 0.83671875 0.15666666666666668 0.027604166666666666
6 0.035416666666666666 0.14817708333333332 0.050833333333333335 0.028645833333333332
6 0.03375 0.20963541666666666 0.05416666666666667 0.030729166666666665
6 0.03625 0.27057291666666666 0.059166666666666666 0.0328125
6 0.0375 0.3294270833333333 0.065 0.027604166666666666
6 0.037083333333333336 0.5091145833333334 0.050833333333333335 0.0234375
6 0.037083333333333336 0.42109375 0.04416666666666667 0.03177083333333333
6 0.04375 0.6268229166666667 0.050833333333333335 0.03177083333333333
6 0.035416666666666666 0.8380208333333333 0.05416666666666667 0.03958333333333333