5 0.06 0.059375 0.09333333333333334 0.06666666666666667
13 0.19 0.059375 0.11333333333333333 0.028125
6 0.5 0.19166666666666668 0.475 0.16041666666666668
0 0.5 0.3072916666666667 0.9066666666666666 0.05
13 0.4995833333333333 0.35546875 0.09083333333333334 0.025520833333333333
3 0.5 0.39921875 0.9066666666666666 0.04114583333333333
3 0.5 0.44973958333333336 0.9066666666666666 0.04114583333333333
3 0.44416666666666665 0.5002604166666667 0.795 0.04114583333333333
1 0.8975 0.49635416666666665 0.11166666666666666 0.03333333333333333
3 0.4066666666666667 0.5497395833333333 0.72 0.04114583333333333
0 0.8633333333333333 0.5489583333333333 0.18 0.03958333333333333
0 0.5 0.6036458333333333 0.9066666666666666 0.05
13 0.5 0.6658854166666667 0.9066666666666666 0.028645833333333332