13 0.180625 0.061328125 0.11875 0.03046875
13 0.1375 0.11875 0.1275 0.0296875
13 0.403125 0.122265625 0.15625 0.02734375
13 0.6625 0.119921875 0.195 0.03515625
13 0.915 0.11796875 0.1475 0.0296875
13 0.421875 0.178125 0.08875 0.0390625
13 0.421875 0.5015625 0.08125 0.040625
13 0.421875 0.719921875 0.08125 0.03828125
6 0.18125 0.167578125 0.08 0.04609375
6 0.181875 0.388671875 0.08125 0.04609375
6 0.180625 0.562890625 0.09875 0.04765625
6 0.181875 0.782421875 0.08375 0.04921875
5 0.915625 0.888671875 0.07375 0.04453125
5 0.88375 0.059765625 0.0625 0.03515625
5 0.950625 0.062109375 0.03625 0.03203125
5 0.06375 0.06015625 0.055 0.0265625