13 0.12625 0.059375 0.19916666666666666 0.028125
13 0.72 0.059375 0.08 0.05
13 0.8 0.059375 0.08 0.05
13 0.88 0.059375 0.08 0.05
6 0.9533333333333334 0.059375 0.06666666666666667 0.05
1 0.18666666666666668 0.14088541666666668 0.30666666666666664 0.0546875
10 0.5 0.19947916666666668 0.9333333333333333 0.0625
1 0.16333333333333333 0.26848958333333334 0.26 0.0546875
11 0.655 0.27447916666666666 0.6233333333333333 0.025
13 0.6416666666666667 0.27421875 0.5966666666666667 0.022395833333333334
13 0.12666666666666668 0.32734375 0.18666666666666668 0.05260416666666667
10 0.12666666666666668 0.64140625 0.1 0.5755208333333334
13 0.31333333333333335 0.32734375 0.18666666666666668 0.05260416666666667
10 0.31333333333333335 0.64140625 0.1 0.5755208333333334
13 0.5 0.32734375 0.18666666666666668 0.05260416666666667
10 0.5 0.64140625 0.1 0.5755208333333334
13 0.6866666666666666 0.32734375 0.18666666666666668 0.05260416666666667
10 0.6866666666666666 0.64140625 0.1 0.5755208333333334
13 0.8733333333333333 0.32734375 0.18666666666666668 0.05260416666666667
10 0.8733333333333333 0.64140625 0.1 0.5755208333333334