6 0.604375 0.46484375 0.70875 0.175
13 0.588125 0.735546875 0.70625 0.19453125
0 0.289375 0.883984375 0.09875 0.02109375
3 0.528125 0.153515625 0.59625 0.02890625
0 0.940625 0.152734375 0.07875 0.02578125
0 0.100625 0.184765625 0.19875 0.03828125
0 0.494375 0.274609375 0.08625 0.02890625
6 0.34125 0.277734375 0.2075 0.12421875
5 0.045625 0.108984375 0.05125 0.02578125
5 0.1225 0.11015625 0.05 0.0265625
5 0.209375 0.1109375 0.05375 0.028125
5 0.27625 0.109765625 0.05 0.02734375
5 0.331875 0.109375 0.04125 0.0265625
5 0.7975 0.10859375 0.0575 0.034375
5 0.88 0.112109375 0.06 0.03359375
5 0.9625 0.1109375 0.0475 0.03125
5 0.944375 0.05546875 0.03625 0.028125
13 0.294375 0.93203125 0.11375 0.0265625
13 0.554375 0.1109375 0.38625 0.0265625
5 0.87625 0.153515625 0.025 0.01953125
13 0.620625 0.23046875 0.33375 0.0375
13 0.07125 0.384375 0.11 0.1046875
13 0.06625 0.234765625 0.0525 0.01953125
0 0.889375 0.609375 0.09875 0.0265625
13 0.49625 0.606640625 0.375 0.01640625