6 0.6046875 0.46484375 0.70859375 0.175
13 0.58828125 0.7359375 0.70625 0.19453125
0 0.2890625 0.884375 0.0984375 0.02109375
3 0.528125 0.153125 0.59609375 0.02890625
0 0.940625 0.153125 0.07890625 0.02578125
0 0.10078125 0.184375 0.1984375 0.03828125
0 0.49453125 0.275 0.0859375 0.02890625
6 0.34140625 0.278125 0.2078125 0.12421875
5 0.0453125 0.109375 0.0515625 0.02578125
5 0.12265625 0.11015625 0.05 0.0265625
5 0.209375 0.1109375 0.05390625 0.028125
5 0.2765625 0.109375 0.05 0.02734375
5 0.33203125 0.109375 0.04140625 0.0265625
5 0.79765625 0.10859375 0.0578125 0.034375
5 0.8796875 0.1125 0.06015625 0.03359375
5 0.9625 0.1109375 0.04765625 0.03125
5 0.94453125 0.05546875 0.0359375 0.028125
13 0.29453125 0.93203125 0.1140625 0.0265625
13 0.5546875 0.1109375 0.3859375 0.0265625
5 0.8765625 0.153125 0.025 0.01953125
13 0.6203125 0.23046875 0.33359375 0.0375
13 0.07109375 0.384375 0.11015625 0.1046875
13 0.06640625 0.234375 0.05234375 0.01953125
0 0.8890625 0.609375 0.0984375 0.0265625
13 0.49609375 0.60625 0.375 0.01640625