6 0.5 0.08359375 0.08984375 0.05625
5 0.46953125 0.22578125 0.05 0.0625
5 0.53046875 0.22578125 0.05 0.0625
13 0.38828125 0.3625 0.10390625 0.01953125
6 0.5 0.3625 0.0796875 0.05
13 0.62265625 0.3625 0.125 0.01953125
13 0.49921875 0.4734375 0.15078125 0.01953125
0 0.42578125 0.51328125 0.1203125 0.04375
0 0.57421875 0.51328125 0.1203125 0.04375
3 0.23046875 0.73125 0.38203125 0.04140625
13 0.23046875 0.7609375 0.38203125 0.02890625
6 0.4546875 0.73671875 0.03984375 0.025
6 0.54296875 0.73671875 0.03984375 0.025
3 0.76796875 0.73125 0.38359375 0.04140625
13 0.76796875 0.7609375 0.38359375 0.02890625
6 0.5 0.89296875 0.08984375 0.05625