0 0.375 0.5278645833333333 0.205 0.050520833333333334
0 0.60625 0.52734375 0.23583333333333334 0.0515625
6 0.4970833333333333 0.18333333333333332 0.18916666666666668 0.1
6 0.25708333333333333 0.59296875 0.4525 0.0546875
6 0.7425 0.5888020833333333 0.455 0.049479166666666664
6 0.25416666666666665 0.79140625 0.45666666666666667 0.19010416666666666
6 0.7395833333333334 0.79375 0.4525 0.18541666666666667
13 0.505 0.45625 0.2683333333333333 0.03125
13 0.5004166666666666 0.25416666666666665 0.16583333333333333 0.028125
13 0.4975 0.3177083333333333 0.71 0.04895833333333333
0 0.9129166666666667 0.18723958333333332 0.1575 0.049479166666666664
5 0.06375 0.05677083333333333 0.059166666666666666 0.026041666666666668
5 0.9525 0.06015625 0.03833333333333333 0.0296875
13 0.16666666666666666 0.38177083333333334 0.09333333333333334 0.035416666666666666
13 0.5 0.38359375 0.06833333333333333 0.0328125
13 0.8320833333333333 0.38359375 0.0775 0.03177083333333333
13 0.39708333333333334 0.64140625 0.16583333333333333 0.033854166666666664
13 0.9095833333333333 0.9096354166666667 0.11416666666666667 0.0359375
13 0.4195833333333333 0.9098958333333333 0.11583333333333333 0.03958333333333333
13 0.8970833333333333 0.6390625 0.1325 0.03958333333333333