0 0.375 0.528125 0.2046875 0.05078125
0 0.60625 0.52734375 0.2359375 0.0515625
6 0.496875 0.18359375 0.1890625 0.1
6 0.25703125 0.59296875 0.45234375 0.0546875
6 0.7421875 0.5890625 0.4546875 0.04921875
6 0.25390625 0.79140625 0.45703125 0.18984375
6 0.73984375 0.79375 0.45234375 0.18515625
13 0.5046875 0.45625 0.26796875 0.03125
13 0.50078125 0.25390625 0.165625 0.028125
13 0.49765625 0.31796875 0.71015625 0.04921875
0 0.91328125 0.1875 0.1578125 0.04921875
5 0.0640625 0.05703125 0.059375 0.02578125
5 0.95234375 0.06015625 0.03828125 0.0296875
13 0.16640625 0.38203125 0.09296875 0.03515625
13 0.5 0.38359375 0.06796875 0.0328125
13 0.83203125 0.38359375 0.07734375 0.03203125
13 0.396875 0.64140625 0.165625 0.03359375
13 0.909375 0.909375 0.1140625 0.0359375
13 0.41953125 0.91015625 0.115625 0.03984375
13 0.896875 0.6390625 0.1328125 0.03984375