13 0.0953125 0.03828125 0.13984375 0.01875
6 0.06484375 0.096875 0.0796875 0.05
13 0.209375 0.0796875 0.1421875 0.02578125
13 0.43515625 0.10703125 0.59453125 0.01875
13 0.5 0.16953125 1 0.06328125
0 0.253125 0.22578125 0.465625 0.05
0 0.73984375 0.22578125 0.48046875 0.05
6 0.06484375 0.31328125 0.0796875 0.05
13 0.2 0.2953125 0.1234375 0.02578125
13 0.55703125 0.33046875 0.83671875 0.034375
13 0.5 0.3953125 1 0.06328125
0 0.253125 0.45234375 0.465625 0.05
0 0.73984375 0.45234375 0.48046875 0.05