13 0.095 0.03854166666666667 0.14 0.01875
6 0.065 0.096875 0.08 0.05
13 0.20958333333333334 0.07942708333333333 0.1425 0.025520833333333333
13 0.4354166666666667 0.10677083333333333 0.5941666666666666 0.01875
13 0.5 0.16953125 1 0.06302083333333333
0 0.2529166666666667 0.22604166666666667 0.4658333333333333 0.05
0 0.7395833333333334 0.22604166666666667 0.48083333333333333 0.05
6 0.065 0.31302083333333336 0.08 0.05
13 0.2 0.2955729166666667 0.12333333333333334 0.025520833333333333
13 0.5566666666666666 0.3307291666666667 0.8366666666666667 0.034375
13 0.5 0.39557291666666666 1 0.06302083333333333
0 0.2529166666666667 0.45208333333333334 0.4658333333333333 0.05
0 0.7395833333333334 0.45208333333333334 0.48083333333333333 0.05