13 0.090625 0.12421875 0.05859375 0.0234375
13 0.0953125 0.2625 0.06875 0.0265625
13 0.09140625 0.4625 0.06484375 0.02421875
13 0.096875 0.73203125 0.0734375 0.03125
13 0.19453125 0.075 0.2734375 0.02265625
1 0.884375 0.1265625 0.04140625 0.02890625
1 0.8828125 0.19453125 0.0484375 0.034375
1 0.8828125 0.2625 0.04609375 0.02890625
1 0.88359375 0.3265625 0.05234375 0.02890625
1 0.88515625 0.4625 0.0421875 0.03046875
1 0.884375 0.5296875 0.0484375 0.0296875
1 0.88515625 0.665625 0.0421875 0.02734375
1 0.8859375 0.79921875 0.0515625 0.0265625