13 0.090625 0.12421875 0.05875 0.0234375
13 0.095625 0.2625 0.06875 0.0265625
13 0.09125 0.462109375 0.065 0.02421875
13 0.096875 0.73203125 0.07375 0.03125
13 0.194375 0.074609375 0.27375 0.02265625
1 0.884375 0.126953125 0.04125 0.02890625
1 0.883125 0.19453125 0.04875 0.034375
1 0.883125 0.262109375 0.04625 0.02890625
1 0.88375 0.326953125 0.0525 0.02890625
1 0.885 0.462890625 0.0425 0.03046875
1 0.884375 0.5296875 0.04875 0.0296875
1 0.885 0.665234375 0.0425 0.02734375
1 0.885625 0.79921875 0.05125 0.0265625