13 0.03515625 0.5828125 0.0453125 0.59921875
13 0.5875 0.3 0.1203125 0.01953125
13 0.5890625 0.4265625 0.11640625 0.02265625
13 0.40625 0.525 0.12265625 0.02578125
13 0.5828125 0.65 0.10625 0.0234375
13 0.39296875 0.7484375 0.14140625 0.02265625
13 0.1796875 0.90546875 0.2078125 0.01875
13 0.40625 0.928125 0.67265625 0.01484375
13 0.5859375 0.8125 0.1125 0.021875
13 0.46328125 0.1125 0.06640625 0.02421875
13 0.49921875 0.059375 0.23125 0.03046875
13 0.54140625 0.1953125 0.6875 0.03359375
13 0.9234375 0.2359375 0.1375 0.021875
5 0.9625 0.91875 0.04765625 0.03203125
5 0.0578125 0.0578125 0.05625 0.02578125
5 0.034375 0.19453125 0.05390625 0.046875
5 0.96328125 0.19375 0.04140625 0.04296875
5 0.6234375 0.11171875 0.0390625 0.0234375
5 0.7921875 0.11171875 0.0515625 0.028125
5 0.9640625 0.1125 0.0390625 0.02265625
5 0.94453125 0.05859375 0.04609375 0.03125