5 0.06015625 0.06875 0.09296875 0.06640625
13 0.27578125 0.06875 0.284375 0.028125
13 0.1328125 0.12734375 0.09609375 0.01953125
13 0.39921875 0.12734375 0.0625 0.01953125
13 0.66640625 0.12734375 0.1046875 0.01953125
13 0.9328125 0.12734375 0.09765625 0.01953125
13 0.5 0.21328125 0.91171875 0.028125
13 0.5 0.29921875 0.91171875 0.028125
13 0.5 0.384375 0.91171875 0.028125
13 0.5 0.46953125 0.91171875 0.028125
13 0.5 0.55546875 0.91171875 0.028125
13 0.5 0.640625 0.91171875 0.028125
13 0.5 0.72578125 0.91171875 0.028125
13 0.5 0.81171875 0.91171875 0.028125
13 0.5 0.896875 0.91171875 0.028125