5 0.06 0.06875 0.09333333333333334 0.06666666666666667
13 0.27541666666666664 0.06875 0.2841666666666667 0.028125
13 0.13291666666666666 0.12708333333333333 0.09583333333333334 0.019791666666666666
13 0.39958333333333335 0.12708333333333333 0.0625 0.019791666666666666
13 0.6666666666666666 0.12708333333333333 0.105 0.019791666666666666
13 0.9329166666666666 0.12708333333333333 0.0975 0.019791666666666666
13 0.5 0.21354166666666666 0.9116666666666666 0.028125
13 0.5 0.2989583333333333 0.9116666666666666 0.028125
13 0.5 0.384375 0.9116666666666666 0.028125
13 0.5 0.46979166666666666 0.9116666666666666 0.028125
13 0.5 0.5552083333333333 0.9116666666666666 0.028125
13 0.5 0.640625 0.9116666666666666 0.028125
13 0.5 0.7260416666666667 0.9116666666666666 0.028125
13 0.5 0.8114583333333333 0.9116666666666666 0.028125
13 0.5 0.896875 0.9116666666666666 0.028125