6 0.2504166666666667 0.33098958333333334 0.49416666666666664 0.36822916666666666
6 0.7491666666666666 0.3294270833333333 0.4866666666666667 0.3651041666666667
6 0.25875 0.7515625 0.4841666666666667 0.36354166666666665
6 0.74875 0.7481770833333333 0.4708333333333333 0.35572916666666665
6 0.36 0.11223958333333334 0.07 0.034895833333333334
6 0.50625 0.11223958333333334 0.10083333333333333 0.0390625
13 0.25416666666666665 0.5380208333333333 0.11333333333333333 0.022916666666666665
13 0.7504166666666666 0.5393229166666667 0.1225 0.025520833333333333
13 0.21958333333333332 0.06015625 0.3641666666666667 0.025520833333333333
13 0.6995833333333333 0.05859375 0.0725 0.018229166666666668
13 0.695 0.10833333333333334 0.07 0.023958333333333335