6 0.7 0.11979166666666667 0.6 0.1875
5 0.06 0.059375 0.09333333333333334 0.06666666666666667
13 0.2475 0.05364583333333333 0.22833333333333333 0.028125
13 0.9466666666666667 0.059375 0.08 0.05
6 0.08 0.121875 0.08 0.05
13 0.5 0.121875 0.76 0.05
5 0.92 0.121875 0.08 0.05
0 0.36 0.171875 0.14666666666666667 0.05
12 0.5 0.171875 0.08 0.028125
0 0.64 0.171875 0.14666666666666667 0.05
6 0.050833333333333335 0.24635416666666668 0.03666666666666667 0.022916666666666665
13 0.16666666666666666 0.24635416666666668 0.16833333333333333 0.019791666666666666
13 0.8770833333333333 0.24635416666666668 0.18083333333333335 0.019791666666666666
6 0.5 0.3859375 0.9616666666666667 0.23958333333333334
6 0.9341666666666667 0.4765625 0.04 0.025
6 0.05416666666666667 0.5369791666666667 0.03666666666666667 0.022916666666666665
13 0.14 0.5369791666666667 0.10833333333333334 0.019791666666666666
13 0.4266666666666667 0.56953125 0.7816666666666666 0.025520833333333333
6 0.8975 0.5671875 0.13333333333333333 0.08333333333333333
6 0.05416666666666667 0.6505208333333333 0.03666666666666667 0.022916666666666665
13 0.10958333333333334 0.6505208333333333 0.0475 0.019791666666666666
13 0.4266666666666667 0.6830729166666667 0.7816666666666666 0.025520833333333333
6 0.8975 0.6807291666666667 0.13333333333333333 0.08333333333333333
6 0.05416666666666667 0.7640625 0.03666666666666667 0.022916666666666665
13 0.14 0.7640625 0.10833333333333334 0.019791666666666666
13 0.4266666666666667 0.7966145833333333 0.7816666666666666 0.025520833333333333
6 0.8975 0.7942708333333334 0.13333333333333333 0.08333333333333333
6 0.05416666666666667 0.8776041666666666 0.03666666666666667 0.022916666666666665
13 0.10958333333333334 0.8776041666666666 0.0475 0.019791666666666666
13 0.4266666666666667 0.91015625 0.7816666666666666 0.025520833333333333
6 0.8975 0.9078125 0.13333333333333333 0.08333333333333333