13 0.26484375 0.54140625 0.1375 0.0296875
13 0.73671875 0.546875 0.0859375 0.03046875
13 0.3109375 0.48984375 0.48359375 0.025
13 0.13203125 0.4359375 0.15859375 0.03515625
13 0.17109375 0.1796875 0.1515625 0.04296875
13 0.17421875 0.3125 0.17109375 0.05078125
13 0.20390625 0.76484375 0.22109375 0.0484375
13 0.178125 0.8984375 0.165625 0.0484375
6 0.05234375 0.7640625 0.06796875 0.03828125
6 0.053125 0.8953125 0.05546875 0.04453125
6 0.05234375 0.828125 0.05546875 0.03828125
6 0.0484375 0.634375 0.0578125 0.03515625
6 0.05078125 0.17578125 0.0453125 0.03359375
6 0.05078125 0.2421875 0.06328125 0.03359375
6 0.05078125 0.30703125 0.05234375 0.0296875
5 0.03984375 0.05390625 0.053125 0.025
5 0.77109375 0.05234375 0.0703125 0.03359375
5 0.871875 0.0546875 0.034375 0.028125
5 0.95703125 0.05546875 0.05390625 0.03359375
5 0.96328125 0.69765625 0.028125 0.03515625
5 0.9640625 0.63359375 0.034375 0.03359375
5 0.96171875 0.17734375 0.0328125 0.028125
13 0.159375 0.05546875 0.1328125 0.02890625
13 0.3234375 0.103125 0.45234375 0.028125