13 0.20666666666666667 0.059375 0.36 0.028125
13 0.9466666666666667 0.059375 0.08 0.05
6 0.16666666666666666 0.11770833333333333 0.04 0.025
6 0.16666666666666666 0.14166666666666666 0.3333333333333333 0.0020833333333333333
6 0.5 0.11770833333333333 0.04 0.025
6 0.5 0.14166666666666666 0.3333333333333333 0.0020833333333333333
6 0.8333333333333334 0.11770833333333333 0.04 0.025
6 0.8333333333333334 0.14166666666666666 0.3333333333333333 0.0020833333333333333
6 0.085 0.19739583333333333 0.13333333333333333 0.08333333333333333
13 0.3333333333333333 0.19713541666666667 0.3466666666666667 0.025520833333333333
6 0.085 0.3015625 0.13333333333333333 0.08333333333333333
13 0.2866666666666667 0.30130208333333336 0.25333333333333335 0.025520833333333333
6 0.085 0.40572916666666664 0.13333333333333333 0.08333333333333333
13 0.47 0.40546875 0.62 0.025520833333333333
6 0.085 0.5098958333333333 0.13333333333333333 0.08333333333333333
13 0.28583333333333333 0.5096354166666667 0.25166666666666665 0.025520833333333333
6 0.085 0.6140625 0.13333333333333333 0.08333333333333333
13 0.33541666666666664 0.6138020833333333 0.35083333333333333 0.025520833333333333
6 0.085 0.7182291666666667 0.13333333333333333 0.08333333333333333
13 0.32666666666666666 0.71796875 0.3333333333333333 0.025520833333333333