6 0.49921875 0.3125 0.9859375 0.46640625
13 0.3546875 0.5703125 0.68984375 0.0296875
13 0.10625 0.64296875 0.18515625 0.0234375
13 0.47578125 0.671875 0.7984375 0.01796875
13 0.3328125 0.70625 0.5125 0.02265625
13 0.1578125 0.796875 0.10859375 0.02421875
13 0.45078125 0.8 0.11640625 0.02578125
13 0.7453125 0.7984375 0.11015625 0.0265625
13 0.4984375 0.86171875 0.1125 0.0234375
13 0.35703125 0.8625 0.11640625 0.02421875
5 0.934375 0.05625 0.06875 0.03671875
5 0.046875 0.059375 0.0640625 0.034375
0 0.4984375 0.92890625 0.98984375 0.0515625
13 0.93203125 0.59453125 0.07109375 0.028125
6 0.6421875 0.7984375 0.0453125 0.02578125
6 0.35390625 0.79609375 0.05 0.028125
6 0.065625 0.7984375 0.04609375 0.02890625