6 0.16666666666666666 0.051041666666666666 0.04 0.025
6 0.16666666666666666 0.075 0.3333333333333333 0.0020833333333333333
6 0.5 0.051041666666666666 0.04 0.025
6 0.5 0.075 0.3333333333333333 0.0020833333333333333
6 0.8333333333333334 0.051041666666666666 0.04 0.025
6 0.8333333333333334 0.075 0.3333333333333333 0.0020833333333333333
6 0.065 0.13385416666666666 0.1 0.0625
13 0.20458333333333334 0.11015625 0.1625 0.025520833333333333
13 0.23041666666666666 0.13151041666666666 0.21416666666666667 0.0171875
6 0.9083333333333333 0.17708333333333334 0.03333333333333333 0.01875
13 0.955 0.17630208333333333 0.043333333333333335 0.0171875