0 0.06333333333333334 0.059375 0.1 0.04583333333333333
6 0.5 0.059375 0.31333333333333335 0.058333333333333334
5 0.9416666666666667 0.059375 0.07333333333333333 0.04583333333333333
6 0.0575 0.12864583333333332 0.09166666666666666 0.057291666666666664
13 0.23083333333333333 0.10989583333333333 0.22833333333333333 0.023958333333333335
13 0.5216666666666666 0.14036458333333332 0.81 0.03697916666666667
13 0.9591666666666666 0.14036458333333332 0.065 0.03697916666666667
6 0.0575 0.20052083333333334 0.09166666666666666 0.057291666666666664
13 0.18041666666666667 0.18177083333333333 0.1275 0.023958333333333335
13 0.5216666666666666 0.21223958333333334 0.81 0.03697916666666667
13 0.9591666666666666 0.21223958333333334 0.065 0.03697916666666667
6 0.0575 0.27239583333333334 0.09166666666666666 0.057291666666666664
13 0.24625 0.25364583333333335 0.25916666666666666 0.023958333333333335
13 0.51625 0.28411458333333334 0.7991666666666667 0.03697916666666667
13 0.95375 0.28411458333333334 0.07583333333333334 0.03697916666666667
6 0.0575 0.34427083333333336 0.09166666666666666 0.057291666666666664
13 0.17375 0.3255208333333333 0.11416666666666667 0.023958333333333335
13 0.5216666666666666 0.35598958333333336 0.81 0.03697916666666667
13 0.9591666666666666 0.35598958333333336 0.065 0.03697916666666667
6 0.0575 0.4161458333333333 0.09166666666666666 0.057291666666666664
13 0.25666666666666665 0.39739583333333334 0.28 0.023958333333333335
13 0.5216666666666666 0.4278645833333333 0.81 0.03697916666666667
13 0.9591666666666666 0.4278645833333333 0.065 0.03697916666666667
6 0.0575 0.48802083333333335 0.09166666666666666 0.057291666666666664
13 0.3129166666666667 0.46927083333333336 0.3925 0.023958333333333335
13 0.5216666666666666 0.49973958333333335 0.81 0.03697916666666667
13 0.9591666666666666 0.49973958333333335 0.065 0.03697916666666667
6 0.0575 0.5598958333333334 0.09166666666666666 0.057291666666666664
13 0.19125 0.5411458333333333 0.14916666666666667 0.023958333333333335
13 0.51625 0.5716145833333334 0.7991666666666667 0.03697916666666667
13 0.95375 0.5716145833333334 0.07583333333333334 0.03697916666666667
6 0.0575 0.6317708333333333 0.09166666666666666 0.057291666666666664
13 0.25625 0.6130208333333333 0.2791666666666667 0.023958333333333335
13 0.51625 0.6434895833333333 0.7991666666666667 0.03697916666666667
13 0.95375 0.6434895833333333 0.07583333333333334 0.03697916666666667
6 0.0575 0.7036458333333333 0.09166666666666666 0.057291666666666664
13 0.16041666666666668 0.6848958333333334 0.0875 0.023958333333333335
13 0.51625 0.7153645833333333 0.7991666666666667 0.03697916666666667
13 0.95375 0.7153645833333333 0.07583333333333334 0.03697916666666667
6 0.0575 0.7755208333333333 0.09166666666666666 0.057291666666666664
13 0.3358333333333333 0.7567708333333333 0.43833333333333335 0.023958333333333335
13 0.51625 0.7872395833333333 0.7991666666666667 0.03697916666666667
13 0.95375 0.7872395833333333 0.07583333333333334 0.03697916666666667
6 0.0575 0.8473958333333333 0.09166666666666666 0.057291666666666664
13 0.22833333333333333 0.8286458333333333 0.22333333333333333 0.023958333333333335
13 0.51625 0.8591145833333333 0.7991666666666667 0.03697916666666667
13 0.95375 0.8591145833333333 0.07583333333333334 0.03697916666666667
6 0.0575 0.9192708333333334 0.09166666666666666 0.057291666666666664
13 0.22958333333333333 0.9005208333333333 0.22583333333333333 0.023958333333333335
13 0.51625 0.9309895833333334 0.7991666666666667 0.03697916666666667
13 0.95375 0.9309895833333334 0.07583333333333334 0.03697916666666667
6 0.5 0.5213541666666667 1 0.8572916666666667