13 0.2671875 0.83515625 0.26796875 0.028125
13 0.26015625 0.865625 0.25390625 0.0171875
13 0.403125 0.865625 0.03046875 0.0171875
6 0.43203125 0.865625 0.0265625 0.01640625
13 0.48828125 0.865625 0.07265625 0.0171875
6 0.0734375 0.06796875 0.03984375 0.025
3 0.51328125 0.06796875 0.8 0.05
13 0.5296875 0.06796875 0.76640625 0.05
5 0.93359375 0.06796875 0.0796875 0.05
0 0.059375 0.7546875 0.08671875 0.05390625
6 0.059375 0.7546875 0.08671875 0.05390625
6 0.1484375 0.92109375 0.0296875 0.01875
13 0.23515625 0.92109375 0.14453125 0.01953125
6 0.67734375 0.92109375 0.0296875 0.01875
13 0.7796875 0.92109375 0.17421875 0.01953125
13 0.19140625 0.79140625 0.3828125 0.0171875
6 0.5 0.7765625 0.11015625 0.02578125
6 0.91328125 0.75390625 0.10703125 0.06640625
6 0.91328125 0.75390625 0.10703125 0.06640625