13 0.5015625 0.41953125 0.3234375 0.06171875
0 0.4421875 0.09609375 0.109375 0.06328125
0 0.56015625 0.09609375 0.1109375 0.0671875
0 0.32734375 0.1765625 0.1140625 0.06953125
0 0.4453125 0.175 0.1015625 0.06640625
0 0.55703125 0.17578125 0.103125 0.0671875
0 0.67265625 0.175 0.1078125 0.06796875
5 0.85859375 0.04140625 0.0375 0.0296875
5 0.91171875 0.04140625 0.04921875 0.02734375
5 0.9640625 0.04375 0.0421875 0.02734375
13 0.17109375 0.0484375 0.1921875 0.02734375
6 0.03984375 0.046875 0.05546875 0.03828125
10 0.53359375 0.29921875 0.41640625 0.040625
10 0.53359375 0.246875 0.41640625 0.046875