6 0.04765625 0.059375 0.03984375 0.025
6 0.9265625 0.059375 0.03984375 0.025
5 0.88671875 0.340625 0.13359375 0.08359375
9 0.11875 0.3765625 0.2375 0.03046875
13 0.265625 0.38046875 0.028125 0.01953125
13 0.0921875 0.4265625 0.17734375 0.05234375
2 0.5 0.47265625 0.99296875 0.04140625
2 0.5 0.5140625 0.99296875 0.04140625
2 0.5 0.55546875 0.99296875 0.04140625
2 0.5 0.59609375 0.99296875 0.04140625
2 0.5 0.6375 0.99296875 0.04140625
2 0.5 0.67890625 0.99296875 0.04140625
2 0.5 0.71953125 0.99296875 0.04140625
2 0.5 0.7609375 0.99296875 0.04140625
2 0.5 0.80234375 0.99296875 0.04140625
2 0.5 0.84296875 0.99296875 0.04140625
2 0.5 0.884375 0.99296875 0.04140625
13 0.08359375 0.93125 0.1609375 0.05234375
13 0.384375 0.31953125 0.71484375 0.06640625
6 0.5 0.22265625 1 0.26015625