6 0.0475 0.059375 0.04 0.025
6 0.9266666666666666 0.059375 0.04 0.025
5 0.8866666666666667 0.340625 0.13333333333333333 0.08333333333333333
9 0.11875 0.3765625 0.2375 0.030208333333333334
13 0.2658333333333333 0.3802083333333333 0.028333333333333332 0.019791666666666666
13 0.09208333333333334 0.42630208333333336 0.1775 0.05260416666666667
2 0.5 0.47291666666666665 0.9933333333333333 0.041666666666666664
2 0.5 0.5140625 0.9933333333333333 0.041666666666666664
2 0.5 0.5552083333333333 0.9933333333333333 0.041666666666666664
2 0.5 0.5963541666666666 0.9933333333333333 0.041666666666666664
2 0.5 0.6375 0.9933333333333333 0.041666666666666664
2 0.5 0.6786458333333333 0.9933333333333333 0.041666666666666664
2 0.5 0.7197916666666667 0.9933333333333333 0.041666666666666664
2 0.5 0.7609375 0.9933333333333333 0.041666666666666664
2 0.5 0.8020833333333334 0.9933333333333333 0.041666666666666664
2 0.5 0.8432291666666667 0.9933333333333333 0.041666666666666664
2 0.5 0.884375 0.9933333333333333 0.041666666666666664
13 0.08375 0.9309895833333334 0.16083333333333333 0.05260416666666667
13 0.38416666666666666 0.31979166666666664 0.715 0.06666666666666667
6 0.5 0.22291666666666668 1 0.2604166666666667