5 0.06 0.03333333333333333 0.09333333333333334 0.058333333333333334
13 0.18083333333333335 0.03333333333333333 0.135 0.028125
13 0.8666666666666667 0.03333333333333333 0.08 0.05
13 0.9466666666666667 0.03333333333333333 0.08 0.05
8 0.03 0.8799479166666667 0.06 0.05677083333333333
8 0.09 0.8799479166666667 0.06 0.05677083333333333
8 0.15 0.8799479166666667 0.06 0.05677083333333333
8 0.21 0.8799479166666667 0.06 0.05677083333333333
8 0.27 0.8799479166666667 0.06 0.05677083333333333
8 0.33 0.8799479166666667 0.06 0.05677083333333333
8 0.39 0.8799479166666667 0.06 0.05677083333333333
8 0.45 0.8799479166666667 0.06 0.05677083333333333
8 0.51 0.8799479166666667 0.06 0.05677083333333333
6 0.97 0.8895833333333333 0.06 0.0375
6 0.065 0.9291666666666667 0.125 0.03854166666666667
6 0.19 0.9291666666666667 0.125 0.03854166666666667
6 0.315 0.9291666666666667 0.125 0.03854166666666667
6 0.44 0.9291666666666667 0.125 0.03854166666666667
6 0.565 0.9291666666666667 0.125 0.03854166666666667
6 0.69 0.9291666666666667 0.125 0.03854166666666667
6 0.815 0.9291666666666667 0.125 0.03854166666666667
6 0.93875 0.9291666666666667 0.1225 0.03854166666666667
6 0.07 0.8145833333333333 0.08666666666666667 0.05416666666666667