6 0.04666666666666667 0.053125 0.05333333333333334 0.03333333333333333
5 0.5 0.05520833333333333 0.1 0.05
13 0.9533333333333334 0.053125 0.05333333333333334 0.03333333333333333
6 0.9466666666666667 0.3229166666666667 0.10666666666666667 0.35208333333333336
13 0.96 0.521875 0.08 0.04583333333333333
6 0.9466666666666667 0.5958333333333333 0.10666666666666667 0.09375
6 0.9466666666666667 0.8229166666666666 0.10666666666666667 0.35208333333333336
6 0.9566666666666667 0.35208333333333336 0.08666666666666667 0.29375
6 0.9566666666666667 0.35208333333333336 0.08666666666666667 0.29375
13 0.9566666666666667 0.5231770833333333 0.08666666666666667 0.0234375
6 0.9566666666666667 0.7 0.08666666666666667 0.29375
6 0.9566666666666667 0.7 0.08666666666666667 0.29375
13 0.9566666666666667 0.87109375 0.08666666666666667 0.0234375
6 0.9566666666666667 0.9505208333333334 0.08666666666666667 0.09895833333333333
6 0.9566666666666667 0.9505208333333334 0.08666666666666667 0.09895833333333333
13 0.44666666666666666 0.16979166666666667 0.8933333333333333 0.04583333333333333
13 0.44666666666666666 0.275 0.8933333333333333 0.05416666666666667
13 0.44666666666666666 0.3302083333333333 0.8933333333333333 0.05416666666666667
13 0.44666666666666666 0.3854166666666667 0.8933333333333333 0.05416666666666667
13 0.44666666666666666 0.440625 0.8933333333333333 0.05416666666666667
13 0.44666666666666666 0.49583333333333335 0.8933333333333333 0.05416666666666667
13 0.44666666666666666 0.5510416666666667 0.8933333333333333 0.05416666666666667
13 0.44666666666666666 0.60625 0.8933333333333333 0.05416666666666667
13 0.44666666666666666 0.6614583333333334 0.8933333333333333 0.05416666666666667
13 0.44666666666666666 0.7166666666666667 0.8933333333333333 0.05416666666666667
13 0.44666666666666666 0.21979166666666666 0.8933333333333333 0.05416666666666667
13 0.96 0.16979166666666667 0.08 0.025
6 0.5 0.109375 0.1 0.05