6 0.046875 0.053125 0.053125 0.03359375
5 0.5 0.05546875 0.1 0.05
13 0.953125 0.053125 0.053125 0.03359375
6 0.94609375 0.321875 0.1078125 0.353125
13 0.96015625 0.521875 0.0796875 0.04609375
6 0.94609375 0.5953125 0.1078125 0.09375
6 0.94609375 0.821875 0.1078125 0.353125
6 0.95625 0.3515625 0.0875 0.29375
6 0.95625 0.3515625 0.0875 0.29375
13 0.95625 0.52265625 0.0875 0.0234375
6 0.95625 0.7 0.0875 0.29375
6 0.95625 0.7 0.0875 0.29375
13 0.95625 0.87109375 0.0875 0.0234375
6 0.95625 0.95 0.0875 0.1
6 0.95625 0.95 0.0875 0.1
13 0.446875 0.16953125 0.89296875 0.04609375
13 0.446875 0.275 0.89296875 0.05390625
13 0.446875 0.33046875 0.89296875 0.05390625
13 0.446875 0.38515625 0.89296875 0.05390625
13 0.446875 0.440625 0.89296875 0.05390625
13 0.446875 0.49609375 0.89296875 0.05390625
13 0.446875 0.55078125 0.89296875 0.05390625
13 0.446875 0.60625 0.89296875 0.05390625
13 0.446875 0.66171875 0.89296875 0.05390625
13 0.446875 0.71640625 0.89296875 0.05390625
13 0.446875 0.21953125 0.89296875 0.05390625
13 0.96015625 0.16953125 0.0796875 0.025
6 0.5 0.109375 0.1 0.05