0 0.5 0.26197916666666665 0.88 0.030208333333333334
0 0.5 0.31302083333333336 0.44 0.030208333333333334
0 0.16666666666666666 0.8755208333333333 0.3333333333333333 0.06145833333333333
0 0.5 0.8755208333333333 0.3333333333333333 0.06145833333333333
0 0.8333333333333334 0.8755208333333333 0.3333333333333333 0.06145833333333333
5 0.04666666666666667 0.096875 0.08 0.058333333333333334
5 0.12666666666666668 0.096875 0.08 0.058333333333333334
5 0.20666666666666667 0.096875 0.08 0.058333333333333334
5 0.2833333333333333 0.09635416666666667 0.06666666666666667 0.042708333333333334
3 0.555 0.09635416666666667 0.4766666666666667 0.036458333333333336
5 0.8266666666666667 0.09635416666666667 0.06666666666666667 0.042708333333333334
5 0.8933333333333333 0.09635416666666667 0.06666666666666667 0.042708333333333334
5 0.9641666666666666 0.096875 0.07166666666666667 0.058333333333333334
6 0.5 0.12708333333333333 1 0.0020833333333333333