0 0.5 0.26171875 0.8796875 0.03046875
0 0.5 0.31328125 0.43984375 0.03046875
0 0.16640625 0.875 0.3328125 0.0625
0 0.5 0.87578125 0.33359375 0.06171875
0 0.8328125 0.875 0.334375 0.0625
5 0.046875 0.096875 0.0796875 0.05859375
5 0.1265625 0.096875 0.0796875 0.05859375
5 0.20703125 0.096875 0.0796875 0.05859375
5 0.28359375 0.09609375 0.06640625 0.04296875
3 0.5546875 0.09609375 0.4765625 0.03671875
5 0.8265625 0.09609375 0.06640625 0.04296875
5 0.89296875 0.09609375 0.06640625 0.04296875
5 0.9640625 0.096875 0.071875 0.05859375
6 0.5 0.12734375 1 0.00234375