13 0.223125 0.13515625 0.20875 0.05625
13 0.14875 0.219921875 0.07 0.05234375
13 0.221875 0.3078125 0.21125 0.05625
13 0.1475 0.3921875 0.0675 0.053125
13 0.20625 0.478125 0.1875 0.053125
13 0.210625 0.547265625 0.20125 0.02890625
7 0.545625 0.581640625 0.86875 0.03203125
5 0.72375 0.05703125 0.0525 0.0328125
5 0.8025 0.05859375 0.0475 0.034375
5 0.878125 0.0578125 0.04625 0.0328125
5 0.948125 0.058984375 0.02875 0.03046875
13 0.1275 0.058984375 0.22 0.03515625
6 0.059375 0.13515625 0.06125 0.046875
6 0.055625 0.219140625 0.07125 0.04921875
6 0.058125 0.3078125 0.06125 0.04375
6 0.060625 0.39140625 0.07625 0.034375
6 0.06 0.47734375 0.0625 0.0421875
6 0.060625 0.56640625 0.07625 0.0421875