5 0.06015625 0.05546875 0.09296875 0.05859375
6 0.20546875 0.05546875 0.1453125 0.025
13 0.8734375 0.05546875 0.09296875 0.05
6 0.953125 0.05546875 0.06640625 0.05
6 0.3125 0.16015625 0.3484375 0.12265625
6 0.46171875 0.20234375 0.05 0.03125
13 0.3125 0.24765625 0.31484375 0.05234375
13 0.1953125 0.2859375 0.0796875 0.02578125
6 0.6875 0.16015625 0.3484375 0.12265625
6 0.83671875 0.20234375 0.05 0.03125
13 0.6875 0.24765625 0.31484375 0.05234375
13 0.5703125 0.2859375 0.0796875 0.02578125
6 0.3125 0.37890625 0.3484375 0.12265625
6 0.46171875 0.42109375 0.05 0.03125
13 0.3125 0.46640625 0.31484375 0.05234375
13 0.1953125 0.5046875 0.0796875 0.02578125
6 0.6875 0.37890625 0.3484375 0.12265625
6 0.83671875 0.42109375 0.05 0.03125
13 0.6875 0.46640625 0.31484375 0.05234375
13 0.5703125 0.5046875 0.0796875 0.02578125
6 0.3125 0.61875 0.3484375 0.12265625
6 0.46171875 0.66015625 0.05 0.03125
13 0.3125 0.70546875 0.31484375 0.05234375
13 0.20078125 0.74453125 0.090625 0.02578125
6 0.6875 0.61875 0.3484375 0.12265625
13 0.6875 0.70546875 0.31484375 0.05234375
13 0.57578125 0.74453125 0.090625 0.02578125
6 0.3125 0.8375 0.3484375 0.12265625
6 0.6875 0.8375 0.3484375 0.12265625
6 0.83671875 0.87890625 0.05 0.03125