5 0.06 0.05520833333333333 0.09333333333333334 0.058333333333333334
6 0.20583333333333334 0.05520833333333333 0.145 0.025
13 0.8733333333333333 0.05520833333333333 0.09333333333333334 0.05
6 0.9533333333333334 0.05520833333333333 0.06666666666666667 0.05
6 0.3125 0.16015625 0.34833333333333333 0.12239583333333333
6 0.46166666666666667 0.20208333333333334 0.05 0.03125
13 0.3125 0.24739583333333334 0.315 0.052083333333333336
13 0.195 0.28619791666666666 0.08 0.025520833333333333
6 0.6875 0.16015625 0.34833333333333333 0.12239583333333333
6 0.8366666666666667 0.20208333333333334 0.05 0.03125
13 0.6875 0.24739583333333334 0.315 0.052083333333333336
13 0.57 0.28619791666666666 0.08 0.025520833333333333
6 0.3125 0.37890625 0.34833333333333333 0.12239583333333333
6 0.46166666666666667 0.42083333333333334 0.05 0.03125
13 0.3125 0.4661458333333333 0.315 0.052083333333333336
13 0.195 0.5049479166666667 0.08 0.025520833333333333
6 0.6875 0.37890625 0.34833333333333333 0.12239583333333333
6 0.8366666666666667 0.42083333333333334 0.05 0.03125
13 0.6875 0.4661458333333333 0.315 0.052083333333333336
13 0.57 0.5049479166666667 0.08 0.025520833333333333
6 0.3125 0.6184895833333334 0.34833333333333333 0.12239583333333333
6 0.46166666666666667 0.6604166666666667 0.05 0.03125
13 0.3125 0.7057291666666666 0.315 0.052083333333333336
13 0.20041666666666666 0.74453125 0.09083333333333334 0.025520833333333333
6 0.6875 0.6184895833333334 0.34833333333333333 0.12239583333333333
13 0.6875 0.7057291666666666 0.315 0.052083333333333336
13 0.5754166666666667 0.74453125 0.09083333333333334 0.025520833333333333
6 0.3125 0.8372395833333334 0.34833333333333333 0.12239583333333333
6 0.6875 0.8372395833333334 0.34833333333333333 0.12239583333333333
6 0.8366666666666667 0.8791666666666667 0.05 0.03125