5 0.06015625 0.03359375 0.09296875 0.05859375
13 0.18046875 0.03359375 0.13515625 0.028125
13 0.946875 0.03359375 0.0796875 0.05
8 0.0296875 0.87890625 0.059375 0.0578125
8 0.08984375 0.8796875 0.06015625 0.05703125
8 0.15 0.8796875 0.06015625 0.05703125
8 0.21015625 0.8796875 0.06015625 0.05703125
8 0.2703125 0.8796875 0.06015625 0.05703125
8 0.3296875 0.8796875 0.06015625 0.05703125
8 0.38984375 0.8796875 0.06015625 0.05703125
8 0.45 0.8796875 0.06015625 0.05703125
8 0.51015625 0.8796875 0.06015625 0.05703125
6 0.97109375 0.890625 0.0578125 0.03515625
6 0.06484375 0.92890625 0.125 0.03828125
6 0.18984375 0.92890625 0.125 0.03828125
6 0.31484375 0.92890625 0.125 0.03828125
6 0.43984375 0.92890625 0.125 0.03828125
6 0.56484375 0.92890625 0.125 0.03828125
6 0.68984375 0.92890625 0.125 0.03828125
6 0.81484375 0.92890625 0.125 0.03828125
6 0.93828125 0.928125 0.1234375 0.0375
6 0.0703125 0.81484375 0.08671875 0.05390625