6 0.49765625 0.50703125 0.30234375 0.046875
6 0.14140625 0.21171875 0.190625 0.06796875
12 0.86796875 0.3078125 0.178125 0.0328125
0 0.46015625 0.90703125 0.8875 0.05859375
0 0.94765625 0.90703125 0.06796875 0.05859375
13 0.49921875 0.45 0.359375 0.0296875
13 0.45703125 0.18203125 0.4296875 0.040625
13 0.9140625 0.17421875 0.1 0.02109375
13 0.94765625 0.0515625 0.08828125 0.02265625
13 0.11171875 0.05234375 0.0609375 0.02578125
13 0.1296875 0.31015625 0.175 0.040625
13 0.24921875 0.1296875 0.44453125 0.02109375
5 0.03515625 0.05078125 0.05078125 0.0296875