6 0.4979166666666667 0.5072916666666667 0.3025 0.046875
6 0.14125 0.21171875 0.19083333333333333 0.06822916666666666
12 0.8683333333333333 0.30755208333333334 0.17833333333333334 0.0328125
0 0.46041666666666664 0.9072916666666667 0.8875 0.058333333333333334
0 0.9475 0.9072916666666667 0.06833333333333333 0.058333333333333334
13 0.4995833333333333 0.44973958333333336 0.3591666666666667 0.0296875
13 0.45666666666666667 0.18177083333333333 0.43 0.040625
13 0.9141666666666667 0.17421875 0.1 0.021354166666666667
13 0.9475 0.05182291666666667 0.08833333333333333 0.022395833333333334
13 0.11208333333333333 0.05234375 0.060833333333333336 0.025520833333333333
13 0.13 0.3104166666666667 0.175 0.040625
13 0.24958333333333332 0.12994791666666666 0.44416666666666665 0.021354166666666667
5 0.035416666666666666 0.05078125 0.050833333333333335 0.0296875