6 0.2925 0.10833333333333334 0.08 0.05
13 0.44708333333333333 0.10807291666666667 0.19583333333333333 0.025520833333333333
6 0.2925 0.16875 0.08 0.05
13 0.46416666666666667 0.16848958333333333 0.23 0.025520833333333333
6 0.2925 0.22916666666666666 0.08 0.05
13 0.4633333333333333 0.22890625 0.22833333333333333 0.025520833333333333
6 0.2925 0.28958333333333336 0.08 0.05
13 0.5445833333333333 0.28932291666666665 0.3908333333333333 0.025520833333333333
6 0.2925 0.35 0.08 0.05
13 0.5483333333333333 0.3497395833333333 0.3983333333333333 0.025520833333333333
6 0.2925 0.41041666666666665 0.08 0.05
13 0.45125 0.41015625 0.20416666666666666 0.025520833333333333
6 0.2925 0.4708333333333333 0.08 0.05
13 0.4454166666666667 0.4705729166666667 0.1925 0.025520833333333333
6 0.2925 0.53125 0.08 0.05
13 0.48 0.5309895833333333 0.26166666666666666 0.025520833333333333
6 0.2925 0.5916666666666667 0.08 0.05
13 0.48125 0.59140625 0.26416666666666666 0.025520833333333333
6 0.195 0.059895833333333336 0.37333333333333335 0.026041666666666668
5 0.5975 0.7989583333333333 0.22166666666666668 0.052083333333333336
13 0.7779166666666667 0.7307291666666667 0.1225 0.019791666666666666
13 0.91125 0.7307291666666667 0.14416666666666667 0.019791666666666666
0 0.7833333333333333 0.7802083333333333 0.13333333333333333 0.06875
3 0.7833333333333333 0.8395833333333333 0.13333333333333333 0.05
0 0.7833333333333333 0.8989583333333333 0.13333333333333333 0.06875
0 0.9166666666666666 0.7802083333333333 0.13333333333333333 0.06875
3 0.9166666666666666 0.8395833333333333 0.13333333333333333 0.05
0 0.9166666666666666 0.8989583333333333 0.13333333333333333 0.06875
5 0.9416666666666667 0.0625 0.05 0.03125
6 0.9333333333333333 0.9385416666666667 0.11666666666666667 0.0125