6 0.2921875 0.10859375 0.0796875 0.05
13 0.446875 0.1078125 0.19609375 0.02578125
6 0.2921875 0.16875 0.0796875 0.05
13 0.4640625 0.16875 0.2296875 0.02578125
6 0.2921875 0.22890625 0.0796875 0.05
13 0.46328125 0.22890625 0.228125 0.02578125
6 0.2921875 0.28984375 0.0796875 0.05
13 0.54453125 0.2890625 0.390625 0.02578125
6 0.2921875 0.35 0.0796875 0.05
13 0.5484375 0.35 0.3984375 0.02578125
6 0.2921875 0.41015625 0.0796875 0.05
13 0.4515625 0.41015625 0.20390625 0.02578125
6 0.2921875 0.47109375 0.0796875 0.05
13 0.4453125 0.4703125 0.1921875 0.02578125
6 0.2921875 0.53125 0.0796875 0.05
13 0.4796875 0.53125 0.26171875 0.02578125
6 0.2921875 0.59140625 0.0796875 0.05
13 0.48125 0.59140625 0.2640625 0.02578125
6 0.1953125 0.06015625 0.3734375 0.02578125
5 0.59765625 0.79921875 0.221875 0.05234375
13 0.778125 0.73046875 0.12265625 0.01953125
13 0.9109375 0.73046875 0.14453125 0.01953125
0 0.78359375 0.78046875 0.13359375 0.06875
3 0.78359375 0.83984375 0.13359375 0.05
0 0.78359375 0.89921875 0.13359375 0.06875
0 0.91640625 0.78046875 0.13359375 0.06875
3 0.91640625 0.83984375 0.13359375 0.05
0 0.91640625 0.89921875 0.13359375 0.06875
5 0.94140625 0.0625 0.05 0.03125
6 0.93359375 0.93828125 0.11640625 0.0125