6 0.13984375 0.79453125 0.15 0.08984375
6 0.334375 0.79453125 0.1390625 0.0796875
6 0.5140625 0.7984375 0.15859375 0.08359375
6 0.6953125 0.7984375 0.1328125 0.08203125
6 0.8640625 0.796875 0.146875 0.08359375
6 0.1515625 0.89453125 0.103125 0.05546875
6 0.290625 0.89296875 0.1078125 0.05625
6 0.56484375 0.88984375 0.1328125 0.06171875
6 0.70390625 0.8875 0.11953125 0.06328125
6 0.84609375 0.484375 0.2703125 0.20546875
6 0.3515625 0.36015625 0.634375 0.3953125
5 0.0421875 0.02734375 0.05390625 0.03203125