6 0.14 0.79453125 0.15 0.09010416666666667
6 0.33458333333333334 0.79453125 0.13916666666666666 0.0796875
6 0.5141666666666667 0.7986979166666667 0.15833333333333333 0.08385416666666666
6 0.6954166666666667 0.7986979166666667 0.1325 0.08177083333333333
6 0.8641666666666666 0.7966145833333333 0.14666666666666667 0.08385416666666666
6 0.15166666666666667 0.8947916666666667 0.10333333333333333 0.05520833333333333
6 0.29041666666666666 0.8932291666666666 0.1075 0.05625
6 0.5645833333333333 0.8895833333333333 0.1325 0.06145833333333333
6 0.70375 0.8875 0.11916666666666667 0.06354166666666666
6 0.8458333333333333 0.484375 0.27 0.20520833333333333
6 0.35125 0.36015625 0.6341666666666667 0.3953125
5 0.042083333333333334 0.02734375 0.05416666666666667 0.03177083333333333