5 0.05 0.059375 0.1 0.06666666666666667
13 0.4995833333333333 0.059375 0.22083333333333333 0.03333333333333333
3 0.5 0.13333333333333333 0.9466666666666667 0.041666666666666664
3 0.5 0.17552083333333332 0.9466666666666667 0.041666666666666664
3 0.425 0.21770833333333334 0.7966666666666666 0.041666666666666664
3 0.8983333333333333 0.21770833333333334 0.15 0.041666666666666664
3 0.5 0.2598958333333333 0.9466666666666667 0.041666666666666664
3 0.5 0.3265625 0.9466666666666667 0.041666666666666664
3 0.5 0.36875 0.9466666666666667 0.041666666666666664
3 0.5 0.4109375 0.9466666666666667 0.041666666666666664
6 0.0475 0.4557291666666667 0.041666666666666664 0.026041666666666668
13 0.49833333333333335 0.45286458333333335 0.8433333333333334 0.0203125
13 0.47333333333333333 0.4817708333333333 0.8933333333333333 0.015625
1 0.9466666666666667 0.44895833333333335 0.05333333333333334 0.03333333333333333
6 0.9466666666666667 0.47604166666666664 0.03333333333333333 0.020833333333333332
6 0.0475 0.5432291666666667 0.041666666666666664 0.026041666666666668
13 0.2529166666666667 0.54296875 0.3525 0.0203125
13 0.2975 0.5692708333333333 0.5416666666666666 0.015625
13 0.2975 0.596875 0.5416666666666666 0.029166666666666667
13 0.10958333333333334 0.62578125 0.16583333333333333 0.018229166666666668
1 0.9466666666666667 0.5416666666666666 0.05333333333333334 0.03333333333333333
6 0.9466666666666667 0.56875 0.03333333333333333 0.020833333333333332
13 0.47333333333333333 0.68515625 0.8933333333333333 0.030729166666666665
1 0.9466666666666667 0.67734375 0.05333333333333334 0.030729166666666665
0 0.5 0.7359375 0.9466666666666667 0.046875
13 0.5 0.7765625 0.9466666666666667 0.015625