5 0.05 0.059375 0.1 0.06640625
13 0.49921875 0.059375 0.22109375 0.03359375
3 0.5 0.13359375 0.946875 0.04140625
3 0.5 0.17578125 0.946875 0.04140625
3 0.425 0.21796875 0.796875 0.04140625
3 0.8984375 0.21796875 0.15 0.04140625
3 0.5 0.26015625 0.946875 0.04140625
3 0.5 0.3265625 0.946875 0.04140625
3 0.5 0.36875 0.946875 0.04140625
3 0.5 0.4109375 0.946875 0.04140625
6 0.04765625 0.45546875 0.04140625 0.02578125
13 0.4984375 0.453125 0.84296875 0.0203125
13 0.4734375 0.48203125 0.89296875 0.015625
1 0.946875 0.44921875 0.053125 0.03359375
6 0.946875 0.47578125 0.03359375 0.02109375
6 0.04765625 0.54296875 0.04140625 0.02578125
13 0.253125 0.54296875 0.35234375 0.0203125
13 0.29765625 0.56953125 0.54140625 0.015625
13 0.29765625 0.596875 0.54140625 0.02890625
13 0.109375 0.62578125 0.165625 0.01796875
1 0.946875 0.54140625 0.053125 0.03359375
6 0.946875 0.56875 0.03359375 0.02109375
13 0.4734375 0.68515625 0.89296875 0.03046875
1 0.946875 0.67734375 0.053125 0.03046875
0 0.5 0.7359375 0.946875 0.046875
13 0.5 0.7765625 0.946875 0.015625