0 0.33666666666666667 0.49973958333333335 0.095 0.5546875
3 0.48583333333333334 0.49713541666666666 0.09833333333333333 0.5567708333333333
13 0.6129166666666667 0.4979166666666667 0.04583333333333333 0.15625
13 0.88875 0.35598958333333336 0.05583333333333333 0.17239583333333333
13 0.9020833333333333 0.09375 0.0525 0.10625
5 0.8904166666666666 0.24348958333333334 0.04583333333333333 0.0234375
5 0.89375 0.18307291666666667 0.0425 0.0234375
5 0.90625 0.018489583333333334 0.050833333333333335 0.0265625
5 0.725 0.96875 0.065 0.03958333333333333
5 0.6445833333333333 0.9705729166666667 0.060833333333333336 0.03802083333333333
5 0.57 0.96875 0.065 0.041666666666666664
13 0.9029166666666667 0.9338541666666667 0.04416666666666667 0.09895833333333333