6 0.5 0.2140625 1 0.29140625
6 0.5 0.109375 0.16640625 0.10390625
13 0.5078125 0.3140625 0.984375 0.021875
13 0.5078125 0.334375 0.984375 0.01875
13 0.5078125 0.35390625 0.984375 0.0203125
5 0.9203125 0.27421875 0.09296875 0.05859375
13 0.03203125 0.28515625 0.05 0.04140625
13 0.46328125 0.28515625 0.81328125 0.01875
13 0.903125 0.28515625 0.06640625 0.0171875
6 0.96796875 0.28515625 0.05 0.025
13 0.03203125 0.43203125 0.05 0.04140625
13 0.46328125 0.43203125 0.81328125 0.01875
13 0.903125 0.43203125 0.06640625 0.0171875
6 0.96796875 0.43203125 0.05 0.025
13 0.03203125 0.475 0.05 0.04140625
13 0.46328125 0.475 0.81328125 0.01875
13 0.903125 0.475 0.06640625 0.0171875
6 0.96796875 0.475 0.05 0.025
13 0.03203125 0.51796875 0.05 0.04140625
13 0.46328125 0.51796875 0.81328125 0.01875
13 0.903125 0.5171875 0.06640625 0.0171875
6 0.96796875 0.51796875 0.05 0.025
13 0.03203125 0.56015625 0.05 0.04140625
13 0.46328125 0.56015625 0.81328125 0.01875
13 0.903125 0.56015625 0.06640625 0.0171875
6 0.96796875 0.56015625 0.05 0.025
13 0.03203125 0.603125 0.05 0.04140625
13 0.46328125 0.603125 0.81328125 0.01875
13 0.903125 0.603125 0.06640625 0.0171875
6 0.96796875 0.603125 0.05 0.025
13 0.03203125 0.64609375 0.05 0.04140625
13 0.46328125 0.64609375 0.81328125 0.01875
13 0.903125 0.6453125 0.06640625 0.0171875
6 0.96796875 0.64609375 0.05 0.025
13 0.03203125 0.584375 0.05 0.04140625
13 0.46328125 0.584375 0.81328125 0.01875
13 0.903125 0.584375 0.06640625 0.0171875
6 0.96796875 0.584375 0.05 0.025
13 0.03203125 0.73125 0.05 0.04140625
13 0.46328125 0.73125 0.81328125 0.01875
13 0.903125 0.73125 0.06640625 0.0171875
6 0.96796875 0.73125 0.05 0.025
13 0.03203125 0.77421875 0.05 0.04140625
13 0.46328125 0.77421875 0.81328125 0.01875
13 0.903125 0.7734375 0.06640625 0.0171875
6 0.96796875 0.77421875 0.05 0.025
13 0.03203125 0.7125 0.05 0.04140625
13 0.46328125 0.7125 0.81328125 0.01875
13 0.903125 0.7125 0.06640625 0.0171875
6 0.96796875 0.7125 0.05 0.025
13 0.03203125 0.859375 0.05 0.04140625
13 0.46328125 0.859375 0.81328125 0.01875
13 0.903125 0.859375 0.06640625 0.0171875
6 0.96796875 0.859375 0.05 0.025
13 0.03203125 0.90234375 0.05 0.04140625
13 0.46328125 0.90234375 0.81328125 0.01875
13 0.903125 0.9015625 0.06640625 0.0171875
6 0.96796875 0.90234375 0.05 0.025
13 0.03203125 0.94453125 0.05 0.04140625
13 0.46328125 0.94453125 0.81328125 0.01875
13 0.903125 0.94453125 0.06640625 0.0171875
6 0.96796875 0.94453125 0.05 0.025
6 0.5 0.53515625 1 0.83046875
6 0.5 0.4828125 0.3 0.1875
6 0.03828125 0.13828125 0.05 0.03125
13 0.5 0.13828125 0.8734375 0.01953125
6 0.96171875 0.13828125 0.05 0.03125
6 0.03203125 0.8 0.05 0.03125
13 0.503125 0.7890625 0.89296875 0.01953125
13 0.503125 0.81015625 0.89296875 0.021875
6 0.975 0.8 0.05 0.03125
13 0.03828125 0.84609375 0.059375 0.01953125
10 0.5 0.84921875 0.86484375 0.025
13 0.96171875 0.84609375 0.059375 0.01953125
6 0.04140625 0.91328125 0.06640625 0.04140625
6 0.40390625 0.91328125 0.05859375 0.03671875
6 0.5 0.91328125 0.1 0.0625
6 0.59609375 0.91328125 0.05859375 0.03671875
6 0.95859375 0.91328125 0.06640625 0.04140625