5 0.7329166666666667 0.05755208333333333 0.0575 0.027604166666666666
13 0.415 0.05625 0.3433333333333333 0.042708333333333334
13 0.28125 0.11536458333333334 0.049166666666666664 0.024479166666666666
13 0.6841666666666667 0.11432291666666666 0.08333333333333333 0.0265625
13 0.42083333333333334 0.11744791666666667 0.06666666666666667 0.0203125
13 0.5004166666666666 0.87109375 0.10916666666666666 0.0140625
13 0.17041666666666666 0.87109375 0.13416666666666666 0.0203125
13 0.8258333333333333 0.8721354166666667 0.09666666666666666 0.0265625
13 0.8358333333333333 0.9388020833333334 0.07666666666666666 0.0234375
13 0.5025 0.9388020833333334 0.08666666666666667 0.019270833333333334
13 0.17541666666666667 0.9403645833333333 0.1325 0.0265625
13 0.5025 0.5825520833333333 0.08333333333333333 0.0171875
13 0.43125 0.39140625 0.049166666666666664 0.019270833333333334
13 0.5016666666666667 0.43046875 0.08833333333333333 0.0296875
13 0.33458333333333334 0.47630208333333335 0.050833333333333335 0.0296875
13 0.6495833333333333 0.45338541666666665 0.060833333333333336 0.030729166666666665
13 0.6558333333333334 0.5044270833333333 0.07333333333333333 0.030729166666666665
6 0.1675 0.8356770833333333 0.06333333333333334 0.021354166666666667
6 0.8370833333333333 0.8361979166666667 0.05583333333333333 0.022395833333333334
6 0.5058333333333334 0.9028645833333333 0.06666666666666667 0.0265625
6 0.4995833333333333 0.83515625 0.050833333333333335 0.0265625
6 0.16875 0.90390625 0.0525 0.024479166666666666
6 0.8329166666666666 0.90546875 0.05416666666666667 0.0234375