5 0.7328125 0.0578125 0.0578125 0.02734375
13 0.41484375 0.05625 0.34296875 0.04296875
13 0.28125 0.115625 0.04921875 0.02421875
13 0.684375 0.1140625 0.08359375 0.0265625
13 0.42109375 0.1171875 0.06640625 0.0203125
13 0.50078125 0.87109375 0.109375 0.0140625
13 0.1703125 0.87109375 0.134375 0.0203125
13 0.82578125 0.871875 0.096875 0.0265625
13 0.8359375 0.9390625 0.0765625 0.0234375
13 0.50234375 0.9390625 0.08671875 0.01953125
13 0.17578125 0.940625 0.1328125 0.0265625
13 0.50234375 0.5828125 0.08359375 0.0171875
13 0.43125 0.39140625 0.04921875 0.01953125
13 0.5015625 0.43046875 0.08828125 0.0296875
13 0.334375 0.4765625 0.05078125 0.0296875
13 0.64921875 0.453125 0.0609375 0.03046875
13 0.65546875 0.5046875 0.0734375 0.03046875
6 0.1671875 0.8359375 0.06328125 0.02109375
6 0.83671875 0.8359375 0.05546875 0.02265625
6 0.50546875 0.903125 0.06640625 0.0265625
6 0.49921875 0.83515625 0.05078125 0.0265625
6 0.16875 0.90390625 0.05234375 0.02421875
6 0.8328125 0.90546875 0.05390625 0.0234375