13 0.5220833333333333 0.13776041666666666 0.37083333333333335 0.030729166666666665
13 0.5025 0.19244791666666666 0.09666666666666666 0.0296875
13 0.5095833333333334 0.25234375 0.30416666666666664 0.030729166666666665
13 0.5016666666666667 0.30755208333333334 0.06833333333333333 0.019270833333333334
13 0.5033333333333333 0.3697916666666667 0.25833333333333336 0.042708333333333334
13 0.5 0.4205729166666667 0.18333333333333332 0.0265625
6 0.29333333333333333 0.13489583333333333 0.06666666666666667 0.042708333333333334
6 0.28875 0.25052083333333336 0.05416666666666667 0.03958333333333333
6 0.2916666666666667 0.36796875 0.09 0.034895833333333334
6 0.12708333333333333 0.06015625 0.060833333333333336 0.034895833333333334
5 0.05625 0.05911458333333333 0.05416666666666667 0.030729166666666665
5 0.9475 0.06015625 0.065 0.03697916666666667