5 0.06666666666666667 0.059375 0.10666666666666667 0.06666666666666667
13 0.5 0.05911458333333333 0.21833333333333332 0.030729166666666665
13 0.5 0.11822916666666666 1 0.051041666666666666
13 0.5 0.15364583333333334 1 0.019791666666666666
3 0.5 0.23151041666666666 0.9333333333333333 0.044270833333333336
3 0.5 0.2942708333333333 0.9333333333333333 0.041666666666666664
13 0.13791666666666666 0.33489583333333334 0.20916666666666667 0.019791666666666666
1 0.17375 0.371875 0.2808333333333333 0.03333333333333333
1 0.24625 0.415625 0.42583333333333334 0.03333333333333333
0 0.5 0.840625 0.5 0.05625
0 0.5 0.9114583333333334 0.5 0.05625