6 0.060833333333333336 0.05520833333333333 0.08 0.05
13 0.28583333333333333 0.054947916666666666 0.3566666666666667 0.025520833333333333
5 0.9466666666666667 0.05520833333333333 0.10666666666666667 0.058333333333333334
0 0.8995833333333333 0.15677083333333333 0.20083333333333334 0.05
13 0.3 0.18046875 0.19333333333333333 0.025520833333333333
13 0.18208333333333335 0.2234375 0.025833333333333333 0.03958333333333333
3 0.52 0.2234375 0.6333333333333333 0.06041666666666667
13 0.30333333333333334 0.26640625 0.2 0.025520833333333333
13 0.6808333333333333 0.26640625 0.021666666666666667 0.025520833333333333
13 0.18208333333333335 0.309375 0.025833333333333333 0.03958333333333333
3 0.4325 0.309375 0.4583333333333333 0.06041666666666667
3 0.7533333333333333 0.309375 0.16666666666666666 0.06041666666666667
1 0.17666666666666667 0.35625 0.05333333333333334 0.03333333333333333
13 0.2625 0.35234375 0.11833333333333333 0.025520833333333333
3 0.52 0.3953125 0.6333333333333333 0.06041666666666667
1 0.17666666666666667 0.4421875 0.05333333333333334 0.03333333333333333
13 0.25416666666666665 0.43828125 0.10166666666666667 0.025520833333333333
3 0.52 0.48125 0.6333333333333333 0.06041666666666667
1 0.17666666666666667 0.528125 0.05333333333333334 0.03333333333333333
13 0.24166666666666667 0.52421875 0.07666666666666666 0.025520833333333333
13 0.5266666666666666 0.5697916666666667 0.6333333333333333 0.04479166666666667
1 0.17666666666666667 0.6140625 0.05333333333333334 0.03333333333333333
13 0.2629166666666667 0.61015625 0.11916666666666667 0.025520833333333333
3 0.52 0.653125 0.6333333333333333 0.06041666666666667
13 0.7008333333333333 0.69609375 0.06666666666666667 0.025520833333333333
13 0.79125 0.69609375 0.09083333333333334 0.025520833333333333
13 0.21541666666666667 0.7424479166666667 0.13083333333333333 0.025520833333333333
0 0.255 0.7802083333333333 0.21 0.05
13 0.7029166666666666 0.7934895833333333 0.12916666666666668 0.025520833333333333
13 0.8079166666666666 0.7934895833333333 0.0575 0.025520833333333333
13 0.2529166666666667 0.8440104166666667 0.20583333333333334 0.025520833333333333
13 0.6195833333333334 0.8440104166666667 0.20583333333333334 0.025520833333333333
3 0.31666666666666665 0.8869791666666667 0.3333333333333333 0.06041666666666667
3 0.6833333333333333 0.8869791666666667 0.3333333333333333 0.06041666666666667
13 0.26708333333333334 0.9299479166666667 0.23416666666666666 0.025520833333333333
13 0.5879166666666666 0.9299479166666667 0.1425 0.025520833333333333
3 0.31666666666666665 0.9713541666666666 0.3333333333333333 0.057291666666666664
3 0.6833333333333333 0.9713541666666666 0.3333333333333333 0.057291666666666664
13 0.09875 0.11328125 0.059166666666666666 0.0171875
13 0.29875 0.11328125 0.059166666666666666 0.0171875
13 0.49916666666666665 0.11328125 0.06666666666666667 0.0171875
13 0.6991666666666667 0.11328125 0.065 0.0171875
13 0.9 0.11328125 0.043333333333333335 0.0171875