6 0.01328125 0.05546875 0.0265625 0.01640625
6 0.0609375 0.05546875 0.0796875 0.05
13 0.2859375 0.0546875 0.35703125 0.02578125
13 0.5 0.19296875 0.83359375 0.04765625
3 0.5 0.25234375 0.83359375 0.07109375
0 0.2921875 0.33046875 0.415625 0.08515625
0 0.70859375 0.33046875 0.4140625 0.08515625
0 0.221875 0.42421875 0.27578125 0.1
0 0.49921875 0.42421875 0.27578125 0.1
0 0.77734375 0.42421875 0.27578125 0.1
0 0.221875 0.52578125 0.27578125 0.1
0 0.49921875 0.52578125 0.27578125 0.1
0 0.77734375 0.52578125 0.27578125 0.1
0 0.221875 0.6265625 0.27578125 0.1
0 0.49921875 0.6265625 0.27578125 0.1
0 0.77734375 0.6265625 0.27578125 0.1
0 0.3609375 0.72734375 0.553125 0.1
0 0.77734375 0.72734375 0.27578125 0.1
0 0.5 0.82109375 0.83203125 0.08515625