13 0.18984375 0.0609375 0.1328125 0.03203125
13 0.11640625 0.11015625 0.1375 0.0296875
13 0.10859375 0.209375 0.13984375 0.02265625
13 0.10703125 0.3203125 0.12109375 0.02109375
13 0.3421875 0.409375 0.58125 0.0234375
13 0.2109375 0.540625 0.3359375 0.04921875
13 0.13984375 0.66875 0.175 0.02421875
13 0.19921875 0.709375 0.29609375 0.02578125
13 0.125 0.80703125 0.14765625 0.0234375
1 0.9 0.54140625 0.0546875 0.0375
1 0.89921875 0.721875 0.05625 0.03515625
1 0.8953125 0.82734375 0.0484375 0.0265625
5 0.06015625 0.0625 0.0546875 0.03203125