6 0.013333333333333334 0.05520833333333333 0.02666666666666667 0.016666666666666666
6 0.060833333333333336 0.05520833333333333 0.08 0.05
13 0.28583333333333333 0.054947916666666666 0.3566666666666667 0.025520833333333333
13 0.5 0.19296875 0.8333333333333334 0.04739583333333333
3 0.5 0.2520833333333333 0.8333333333333334 0.07083333333333333
0 0.2920833333333333 0.3307291666666667 0.41583333333333333 0.08541666666666667
0 0.70875 0.3307291666666667 0.4141666666666667 0.08541666666666667
0 0.22208333333333333 0.4244791666666667 0.2758333333333333 0.1
0 0.4995833333333333 0.4244791666666667 0.2758333333333333 0.1
0 0.7770833333333333 0.4244791666666667 0.2758333333333333 0.1
0 0.22208333333333333 0.5255208333333333 0.2758333333333333 0.1
0 0.4995833333333333 0.5255208333333333 0.2758333333333333 0.1
0 0.7770833333333333 0.5255208333333333 0.2758333333333333 0.1
0 0.22208333333333333 0.6265625 0.2758333333333333 0.1
0 0.4995833333333333 0.6265625 0.2758333333333333 0.1
0 0.7770833333333333 0.6265625 0.2758333333333333 0.1
0 0.36083333333333334 0.7276041666666667 0.5533333333333333 0.1
0 0.7770833333333333 0.7276041666666667 0.2758333333333333 0.1
0 0.5 0.8213541666666667 0.8316666666666667 0.08541666666666667