6 0.5 0.48802083333333335 1 0.9239583333333333
6 0.5 0.48802083333333335 1 0.9239583333333333
5 0.06 0.049479166666666664 0.09333333333333334 0.046875
13 0.2025 0.049479166666666664 0.13833333333333334 0.019791666666666666
6 0.9533333333333334 0.049479166666666664 0.06666666666666667 0.046875
13 0.4625 0.15130208333333334 0.8716666666666667 0.0421875
6 0.89 0.171875 0.13333333333333333 0.08333333333333333
13 0.16416666666666666 0.22604166666666667 0.275 0.03958333333333333
13 0.07333333333333333 0.27005208333333336 0.09333333333333334 0.033854166666666664
13 0.15833333333333333 0.27005208333333336 0.06 0.033854166666666664
13 0.2554166666666667 0.27005208333333336 0.08416666666666667 0.033854166666666664
13 0.3358333333333333 0.27005208333333336 0.06 0.033854166666666664
13 0.07666666666666666 0.5325520833333334 0.1 0.033854166666666664
13 0.21625 0.5325520833333334 0.14583333333333334 0.033854166666666664
13 0.11291666666666667 0.56640625 0.1725 0.033854166666666664
13 0.2529166666666667 0.56640625 0.07416666666666667 0.033854166666666664
13 0.14583333333333334 0.6002604166666666 0.23833333333333334 0.033854166666666664
13 0.3075 0.6002604166666666 0.051666666666666666 0.033854166666666664
13 0.12125 0.6341145833333334 0.18916666666666668 0.033854166666666664
13 0.27416666666666667 0.6341145833333334 0.08333333333333333 0.033854166666666664
13 0.11083333333333334 0.66796875 0.16833333333333333 0.033854166666666664
13 0.3095833333333333 0.66796875 0.19583333333333333 0.033854166666666664
13 0.09916666666666667 0.7278645833333334 0.145 0.033854166666666664
13 0.2625 0.7278645833333334 0.14833333333333334 0.033854166666666664
13 0.09458333333333334 0.76171875 0.13583333333333333 0.033854166666666664
13 0.25333333333333335 0.76171875 0.14833333333333334 0.033854166666666664
13 0.26625 0.8028645833333333 0.4791666666666667 0.033854166666666664