12 0.19541666666666666 0.35052083333333334 0.2991666666666667 0.04791666666666667
0 0.12833333333333333 0.403125 0.16833333333333333 0.046875
0 0.2520833333333333 0.5171875 0.4741666666666667 0.11145833333333334
0 0.7495833333333334 0.5182291666666666 0.4725 0.10729166666666666
3 0.5016666666666667 0.22447916666666667 0.915 0.06041666666666667
3 0.5008333333333334 0.28177083333333336 0.9233333333333333 0.04895833333333333
13 0.10541666666666667 0.15390625 0.13916666666666666 0.0359375
6 0.90375 0.6208333333333333 0.11083333333333334 0.04895833333333333
6 0.05 0.6197916666666666 0.08 0.046875
6 0.13416666666666666 0.6208333333333333 0.06833333333333333 0.051041666666666666
6 0.2175 0.621875 0.07833333333333334 0.04895833333333333
6 0.9358333333333333 0.075 0.065 0.041666666666666664
13 0.13583333333333333 0.07916666666666666 0.23833333333333334 0.05