12 0.1953125 0.35078125 0.29921875 0.04765625
0 0.128125 0.403125 0.16796875 0.046875
0 0.25234375 0.5171875 0.47421875 0.11171875
0 0.74921875 0.51796875 0.47265625 0.10703125
3 0.5015625 0.22421875 0.91484375 0.06015625
3 0.50078125 0.28203125 0.9234375 0.04921875
13 0.10546875 0.15390625 0.1390625 0.0359375
6 0.90390625 0.62109375 0.1109375 0.04921875
6 0.05 0.61953125 0.0796875 0.046875
6 0.134375 0.62109375 0.06796875 0.05078125
6 0.2171875 0.621875 0.078125 0.04921875
6 0.9359375 0.075 0.06484375 0.04140625
13 0.1359375 0.07890625 0.23828125 0.05