6 0.5 0.48828125 1 0.92421875
6 0.5 0.48828125 1 0.92421875
5 0.06015625 0.04921875 0.09296875 0.046875
13 0.20234375 0.04921875 0.13828125 0.01953125
6 0.953125 0.04921875 0.06640625 0.046875
13 0.4625 0.1515625 0.871875 0.0421875
6 0.88984375 0.171875 0.13359375 0.08359375
13 0.1640625 0.22578125 0.275 0.03984375
13 0.0734375 0.2703125 0.09296875 0.03359375
13 0.15859375 0.2703125 0.06015625 0.03359375
13 0.25546875 0.2703125 0.084375 0.03359375
13 0.3359375 0.2703125 0.06015625 0.03359375
13 0.0765625 0.5328125 0.1 0.03359375
13 0.21640625 0.5328125 0.14609375 0.03359375
13 0.11328125 0.56640625 0.17265625 0.03359375
13 0.253125 0.56640625 0.07421875 0.03359375
13 0.14609375 0.6 0.23828125 0.03359375
13 0.3078125 0.6 0.0515625 0.03359375
13 0.12109375 0.634375 0.1890625 0.03359375
13 0.27421875 0.634375 0.08359375 0.03359375
13 0.1109375 0.66796875 0.16796875 0.03359375
13 0.309375 0.66796875 0.19609375 0.03359375
13 0.09921875 0.728125 0.1453125 0.03359375
13 0.2625 0.728125 0.1484375 0.03359375
13 0.09453125 0.76171875 0.1359375 0.03359375
13 0.253125 0.76171875 0.1484375 0.03359375
13 0.26640625 0.803125 0.47890625 0.03359375