6 0.5 0.48828125 1 0.92421875
6 0.5 0.48828125 1 0.92421875
5 0.06015625 0.04921875 0.09296875 0.046875
11 0.23515625 0.04921875 0.203125 0.02578125
13 0.221875 0.04921875 0.1765625 0.02578125
13 0.91328125 0.04921875 0.0796875 0.046875
13 0.23203125 0.090625 0.43046875 0.02890625
13 0.10390625 0.17890625 0.175 0.1328125
13 0.23203125 0.14765625 0.0640625 0.05546875
13 0.3140625 0.18046875 0.08359375 0.03359375
13 0.37265625 0.18046875 0.01640625 0.03359375
13 0.43046875 0.18046875 0.08359375 0.03359375
6 0.90859375 0.15390625 0.13359375 0.08359375
13 0.06171875 0.2625 0.090625 0.03359375
13 0.146875 0.29609375 0.2609375 0.03359375
13 0.14609375 0.32734375 0.259375 0.02890625
13 0.42578125 0.32734375 0.25 0.02890625
13 0.22109375 0.35703125 0.40859375 0.02890625
13 0.24921875 0.3859375 0.46484375 0.02890625
6 0.94609375 0.38203125 0.05859375 0.03671875
13 0.1078125 0.62890625 0.1828125 0.02890625
6 0.1 0.71796875 0.125 0.078125
13 0.09921875 0.67109375 0.05546875 0.02578125
13 0.071875 0.76875 0.04609375 0.01875
13 0.09921875 0.76875 0.009375 0.01875
13 0.12734375 0.76875 0.04609375 0.01875
6 0.3 0.71796875 0.125 0.078125
13 0.3 0.67109375 0.06171875 0.02578125
13 0.271875 0.76875 0.04609375 0.01875
13 0.29921875 0.76875 0.009375 0.01875
13 0.32734375 0.76875 0.04609375 0.01875
6 0.5 0.71796875 0.125 0.078125
13 0.49921875 0.67109375 0.06953125 0.02578125
13 0.471875 0.76875 0.04609375 0.01875
13 0.49921875 0.76875 0.009375 0.01875
13 0.52734375 0.76875 0.04609375 0.01875
6 0.7 0.71796875 0.125 0.078125
13 0.69921875 0.67109375 0.05546875 0.02578125
13 0.671875 0.76875 0.04609375 0.01875
13 0.69921875 0.76875 0.009375 0.01875
13 0.72734375 0.76875 0.04609375 0.01875
6 0.9 0.71796875 0.125 0.078125
13 0.89921875 0.67109375 0.0640625 0.02578125
13 0.871875 0.76875 0.04609375 0.01875
13 0.89921875 0.76875 0.009375 0.01875
13 0.92734375 0.76875 0.04609375 0.01875
6 0.08359375 0.92421875 0.16640625 0.0515625
6 0.25 0.92421875 0.16640625 0.0515625
6 0.41640625 0.92421875 0.16640625 0.0515625
6 0.58359375 0.92421875 0.16640625 0.0515625
6 0.75 0.92421875 0.16640625 0.0515625
6 0.91640625 0.92421875 0.16640625 0.0515625
6 0.26640625 0.08515625 0.5328125 0.1203125
6 0.26640625 0.08515625 0.5328125 0.1203125
13 0.26640625 0.05390625 0.4796875 0.02265625
13 0.19609375 0.115625 0.33828125 0.02265625
13 0.43515625 0.1125 0.140625 0.03359375
2 0.26640625 0.17890625 0.453125 0.05
2 0.26640625 0.22890625 0.453125 0.05
2 0.26640625 0.27890625 0.453125 0.05
2 0.26640625 0.32890625 0.453125 0.05
2 0.26640625 0.396875 0.453125 0.05
2 0.26640625 0.446875 0.453125 0.05
2 0.26640625 0.51484375 0.453125 0.05
2 0.26640625 0.58203125 0.453125 0.05
2 0.26640625 0.63203125 0.453125 0.05
2 0.26640625 0.68203125 0.453125 0.05
2 0.26640625 0.73203125 0.453125 0.05
2 0.26640625 0.8 0.453125 0.05
2 0.26640625 0.85 0.453125 0.05
2 0.26640625 0.9 0.453125 0.05