0 0.503125 0.64375 0.24375 0.0625
13 0.213125 0.0609375 0.17125 0.034375
13 0.504375 0.1296875 0.45875 0.0296875
13 0.501875 0.16640625 0.23125 0.0265625
13 0.26625 0.2671875 0.2975 0.0234375
13 0.335 0.316015625 0.4375 0.02421875
13 0.320625 0.502734375 0.41625 0.18203125
13 0.751875 0.50234375 0.05125 0.1734375
13 0.8525 0.303125 0.0425 0.20625
5 0.063125 0.061328125 0.05125 0.03046875
5 0.048125 0.124609375 0.07125 0.02890625
5 0.95375 0.127734375 0.06 0.03203125
5 0.800625 0.062109375 0.05625 0.03203125
5 0.881875 0.05859375 0.04625 0.0234375
5 0.946875 0.0578125 0.03375 0.0328125