3 0.50390625 0.05703125 0.95546875 0.05234375
13 0.10234375 0.17734375 0.096875 0.0234375
13 0.42109375 0.17890625 0.1390625 0.02265625
13 0.73984375 0.17734375 0.1328125 0.0171875
13 0.7453125 0.8 0.078125 0.0171875
13 0.90234375 0.803125 0.1015625 0.01171875
6 0.10703125 0.1296875 0.0953125 0.05078125
6 0.2609375 0.13046875 0.1109375 0.05703125
6 0.4203125 0.13203125 0.08828125 0.059375
6 0.5796875 0.1328125 0.1140625 0.06796875
6 0.74296875 0.13359375 0.09140625 0.059375
6 0.7453125 0.753125 0.1171875 0.0671875
6 0.9015625 0.75625 0.11953125 0.07421875
6 0.103125 0.90078125 0.08515625 0.05078125
6 0.23203125 0.89921875 0.096875 0.04609375
6 0.36640625 0.9 0.08984375 0.04375
6 0.63359375 0.90078125 0.08671875 0.05546875
6 0.77109375 0.89765625 0.078125 0.05234375
6 0.89921875 0.90078125 0.1015625 0.046875