6 0.50390625 0.46171875 0.8296875 0.253125
6 0.8671875 0.1578125 0.10390625 0.05546875
6 0.13828125 0.65546875 0.12890625 0.0828125
6 0.2578125 0.775 0.0421875 0.0296875
6 0.08828125 0.29375 0.07890625 0.05234375
13 0.40234375 0.178125 0.7203125 0.08828125
13 0.3171875 0.2453125 0.54609375 0.02421875
13 0.5203125 0.6265625 0.55234375 0.0375
13 0.359375 0.775 0.13359375 0.02734375
9 0.3296875 0.665625 0.16640625 0.02265625
5 0.9484375 0.0328125 0.06015625 0.03828125
0 0.7765625 0.7765625 0.3015625 0.04453125
13 0.55859375 0.665625 0.0703125 0.02578125