13 0.0859375 0.00859375 0.171875 0.0171875
3 0.5 0.05078125 0.93359375 0.04140625
13 0.0859375 0.1140625 0.171875 0.040625
3 0.5 0.16875 0.93359375 0.04140625
13 0.0859375 0.2328125 0.171875 0.040625
3 0.5 0.28671875 0.93359375 0.04140625
13 0.0859375 0.35 0.171875 0.040625
3 0.5 0.4015625 0.93359375 0.04609375
13 0.5 0.45625 1 0.0484375
3 0.5 0.5265625 0.93359375 0.04609375
13 0.0859375 0.5921875 0.171875 0.040625
3 0.5 0.64140625 0.93359375 0.04140625
13 0.5 0.68515625 1 0.03203125
3 0.5 0.7453125 0.93359375 0.04140625
6 0.9453125 0.7453125 0.04296875 0.04140625
13 0.2390625 0.81796875 0.478125 0.01640625
13 0.24140625 0.85390625 0.415625 0.01640625
1 0.946875 0.85390625 0.03984375 0.025
6 0.0375 0.925 0.04140625 0.02109375
13 0.90703125 0.925 0.0859375 0.02109375
6 0.975 0.925 0.01640625 0.02109375