13 0.08625 0.008854166666666666 0.1725 0.017708333333333333
3 0.5 0.051041666666666666 0.9333333333333333 0.041666666666666664
13 0.08625 0.11510416666666666 0.1725 0.040625
3 0.5 0.16875 0.9333333333333333 0.041666666666666664
13 0.08625 0.2328125 0.1725 0.040625
3 0.5 0.2864583333333333 0.9333333333333333 0.041666666666666664
13 0.08625 0.35052083333333334 0.1725 0.040625
3 0.5 0.40130208333333334 0.9333333333333333 0.04635416666666667
13 0.5 0.45598958333333334 1 0.0484375
3 0.5 0.5263020833333333 0.9333333333333333 0.04635416666666667
13 0.08625 0.5927083333333333 0.1725 0.040625
3 0.5 0.6411458333333333 0.9333333333333333 0.041666666666666664
13 0.5 0.6854166666666667 1 0.03229166666666667
3 0.5 0.7453125 0.9333333333333333 0.041666666666666664
6 0.945 0.7453125 0.043333333333333335 0.041666666666666664
13 0.23916666666666667 0.81796875 0.47833333333333333 0.016145833333333335
13 0.24125 0.85390625 0.41583333333333333 0.016145833333333335
1 0.9466666666666667 0.8541666666666666 0.04 0.025
6 0.0375 0.925 0.041666666666666664 0.020833333333333332
13 0.9070833333333334 0.9247395833333333 0.08583333333333333 0.021354166666666667
6 0.975 0.925 0.016666666666666666 0.020833333333333332