6 0.013333333333333334 0.05520833333333333 0.02666666666666667 0.016666666666666666
6 0.060833333333333336 0.05520833333333333 0.08 0.05
13 0.20125 0.054947916666666666 0.1875 0.0171875
13 0.6266666666666667 0.05520833333333333 0.10666666666666667 0.058333333333333334
13 0.7333333333333333 0.05520833333333333 0.10666666666666667 0.058333333333333334
13 0.84 0.05520833333333333 0.10666666666666667 0.058333333333333334
5 0.9466666666666667 0.05520833333333333 0.10666666666666667 0.058333333333333334
11 0.08916666666666667 0.11666666666666667 0.17833333333333334 0.06041666666666667
6 0.0725 0.10833333333333334 0.11166666666666666 0.022916666666666665
6 0.13666666666666666 0.11666666666666667 0.016666666666666666 0.005208333333333333
13 0.08083333333333333 0.12916666666666668 0.12833333333333333 0.014583333333333334
11 0.5908333333333333 0.11666666666666667 0.8183333333333334 0.06041666666666667
13 0.5908333333333333 0.11666666666666667 0.8183333333333334 0.040625
6 0.5 0.0875 1 0.00625
6 0.01125 0.3924479166666667 0.015833333333333335 0.009895833333333333
6 0.02875 0.3924479166666667 0.015833333333333335 0.009895833333333333
6 0.04625 0.3924479166666667 0.015833333333333335 0.009895833333333333
6 0.06375 0.3924479166666667 0.015833333333333335 0.009895833333333333
6 0.08125 0.3924479166666667 0.015833333333333335 0.009895833333333333
6 0.09875 0.3924479166666667 0.015833333333333335 0.009895833333333333
6 0.11625 0.3924479166666667 0.015833333333333335 0.009895833333333333
6 0.01125 0.40651041666666665 0.015833333333333335 0.009895833333333333
6 0.02875 0.40651041666666665 0.015833333333333335 0.009895833333333333
6 0.04625 0.40651041666666665 0.015833333333333335 0.009895833333333333
6 0.06375 0.40651041666666665 0.015833333333333335 0.009895833333333333
6 0.08125 0.40651041666666665 0.015833333333333335 0.009895833333333333
6 0.09875 0.40651041666666665 0.015833333333333335 0.009895833333333333
6 0.11625 0.40651041666666665 0.015833333333333335 0.009895833333333333
6 0.01125 0.41744791666666664 0.015833333333333335 0.009895833333333333
6 0.02875 0.41744791666666664 0.015833333333333335 0.009895833333333333
6 0.04625 0.41744791666666664 0.015833333333333335 0.009895833333333333
6 0.06375 0.41744791666666664 0.015833333333333335 0.009895833333333333
6 0.08125 0.41744791666666664 0.015833333333333335 0.009895833333333333
6 0.09875 0.41744791666666664 0.015833333333333335 0.009895833333333333
6 0.11625 0.41744791666666664 0.015833333333333335 0.009895833333333333
6 0.01125 0.4283854166666667 0.015833333333333335 0.009895833333333333
6 0.02875 0.4283854166666667 0.015833333333333335 0.009895833333333333
6 0.04625 0.4283854166666667 0.015833333333333335 0.009895833333333333
6 0.06375 0.4283854166666667 0.015833333333333335 0.009895833333333333
6 0.08125 0.4283854166666667 0.015833333333333335 0.009895833333333333
6 0.09875 0.4283854166666667 0.015833333333333335 0.009895833333333333
6 0.11625 0.4283854166666667 0.015833333333333335 0.009895833333333333
6 0.01125 0.4393229166666667 0.015833333333333335 0.009895833333333333
6 0.02875 0.4393229166666667 0.015833333333333335 0.009895833333333333
6 0.04625 0.4393229166666667 0.015833333333333335 0.009895833333333333
6 0.06375 0.4393229166666667 0.015833333333333335 0.009895833333333333
6 0.08125 0.4393229166666667 0.015833333333333335 0.009895833333333333
6 0.09875 0.4393229166666667 0.015833333333333335 0.009895833333333333
6 0.11625 0.4393229166666667 0.015833333333333335 0.009895833333333333
6 0.01125 0.45026041666666666 0.015833333333333335 0.009895833333333333
6 0.02875 0.45026041666666666 0.015833333333333335 0.009895833333333333
6 0.04625 0.45026041666666666 0.015833333333333335 0.009895833333333333
6 0.06375 0.45026041666666666 0.015833333333333335 0.009895833333333333
6 0.08125 0.45026041666666666 0.015833333333333335 0.009895833333333333
6 0.09875 0.45026041666666666 0.015833333333333335 0.009895833333333333
6 0.11625 0.45026041666666666 0.015833333333333335 0.009895833333333333
6 0.01125 0.46119791666666665 0.015833333333333335 0.009895833333333333
6 0.02875 0.46119791666666665 0.015833333333333335 0.009895833333333333
6 0.04625 0.46119791666666665 0.015833333333333335 0.009895833333333333
6 0.06375 0.46119791666666665 0.015833333333333335 0.009895833333333333
6 0.08125 0.46119791666666665 0.015833333333333335 0.009895833333333333
6 0.09875 0.46119791666666665 0.015833333333333335 0.009895833333333333
6 0.11625 0.46119791666666665 0.015833333333333335 0.009895833333333333
6 0.01125 0.47213541666666664 0.015833333333333335 0.009895833333333333
6 0.02875 0.47213541666666664 0.015833333333333335 0.009895833333333333
6 0.04625 0.47213541666666664 0.015833333333333335 0.009895833333333333
6 0.06375 0.47213541666666664 0.015833333333333335 0.009895833333333333
6 0.08125 0.47213541666666664 0.015833333333333335 0.009895833333333333
6 0.09875 0.47213541666666664 0.015833333333333335 0.009895833333333333
6 0.11625 0.47213541666666664 0.015833333333333335 0.009895833333333333
6 0.13625 0.3924479166666667 0.015833333333333335 0.009895833333333333
6 0.15375 0.3924479166666667 0.015833333333333335 0.009895833333333333
6 0.17125 0.3924479166666667 0.015833333333333335 0.009895833333333333
6 0.18875 0.3924479166666667 0.015833333333333335 0.009895833333333333
6 0.20625 0.3924479166666667 0.015833333333333335 0.009895833333333333
6 0.22375 0.3924479166666667 0.015833333333333335 0.009895833333333333
6 0.24125 0.3924479166666667 0.015833333333333335 0.009895833333333333
6 0.13625 0.40651041666666665 0.015833333333333335 0.009895833333333333
6 0.15375 0.40651041666666665 0.015833333333333335 0.009895833333333333
6 0.17125 0.40651041666666665 0.015833333333333335 0.009895833333333333
6 0.18875 0.40651041666666665 0.015833333333333335 0.009895833333333333
6 0.20625 0.40651041666666665 0.015833333333333335 0.009895833333333333
6 0.22375 0.40651041666666665 0.015833333333333335 0.009895833333333333
6 0.24125 0.40651041666666665 0.015833333333333335 0.009895833333333333
6 0.13625 0.41744791666666664 0.015833333333333335 0.009895833333333333
6 0.15375 0.41744791666666664 0.015833333333333335 0.009895833333333333
6 0.17125 0.41744791666666664 0.015833333333333335 0.009895833333333333
6 0.18875 0.41744791666666664 0.015833333333333335 0.009895833333333333
6 0.20625 0.41744791666666664 0.015833333333333335 0.009895833333333333
6 0.22375 0.41744791666666664 0.015833333333333335 0.009895833333333333
6 0.24125 0.41744791666666664 0.015833333333333335 0.009895833333333333
6 0.13625 0.4283854166666667 0.015833333333333335 0.009895833333333333
6 0.15375 0.4283854166666667 0.015833333333333335 0.009895833333333333
6 0.17125 0.4283854166666667 0.015833333333333335 0.009895833333333333
6 0.18875 0.4283854166666667 0.015833333333333335 0.009895833333333333
6 0.20625 0.4283854166666667 0.015833333333333335 0.009895833333333333
6 0.22375 0.4283854166666667 0.015833333333333335 0.009895833333333333
6 0.24125 0.4283854166666667 0.015833333333333335 0.009895833333333333
6 0.13625 0.4393229166666667 0.015833333333333335 0.009895833333333333
6 0.15375 0.4393229166666667 0.015833333333333335 0.009895833333333333
6 0.17125 0.4393229166666667 0.015833333333333335 0.009895833333333333
6 0.18875 0.4393229166666667 0.015833333333333335 0.009895833333333333
6 0.20625 0.4393229166666667 0.015833333333333335 0.009895833333333333
6 0.22375 0.4393229166666667 0.015833333333333335 0.009895833333333333
6 0.24125 0.4393229166666667 0.015833333333333335 0.009895833333333333
6 0.13625 0.45026041666666666 0.015833333333333335 0.009895833333333333
6 0.15375 0.45026041666666666 0.015833333333333335 0.009895833333333333
6 0.17125 0.45026041666666666 0.015833333333333335 0.009895833333333333
6 0.18875 0.45026041666666666 0.015833333333333335 0.009895833333333333
6 0.20625 0.45026041666666666 0.015833333333333335 0.009895833333333333
6 0.22375 0.45026041666666666 0.015833333333333335 0.009895833333333333
6 0.24125 0.45026041666666666 0.015833333333333335 0.009895833333333333
6 0.13625 0.46119791666666665 0.015833333333333335 0.009895833333333333
6 0.15375 0.46119791666666665 0.015833333333333335 0.009895833333333333
6 0.17125 0.46119791666666665 0.015833333333333335 0.009895833333333333
6 0.18875 0.46119791666666665 0.015833333333333335 0.009895833333333333
6 0.20625 0.46119791666666665 0.015833333333333335 0.009895833333333333
6 0.22375 0.46119791666666665 0.015833333333333335 0.009895833333333333
6 0.24125 0.46119791666666665 0.015833333333333335 0.009895833333333333
6 0.13625 0.47213541666666664 0.015833333333333335 0.009895833333333333
6 0.15375 0.47213541666666664 0.015833333333333335 0.009895833333333333
6 0.17125 0.47213541666666664 0.015833333333333335 0.009895833333333333
6 0.18875 0.47213541666666664 0.015833333333333335 0.009895833333333333
6 0.20625 0.47213541666666664 0.015833333333333335 0.009895833333333333
6 0.22375 0.47213541666666664 0.015833333333333335 0.009895833333333333
6 0.24125 0.47213541666666664 0.015833333333333335 0.009895833333333333
6 0.26125 0.3924479166666667 0.015833333333333335 0.009895833333333333
6 0.27875 0.3924479166666667 0.015833333333333335 0.009895833333333333
6 0.29625 0.3924479166666667 0.015833333333333335 0.009895833333333333
6 0.31375 0.3924479166666667 0.015833333333333335 0.009895833333333333
6 0.33125 0.3924479166666667 0.015833333333333335 0.009895833333333333
6 0.34875 0.3924479166666667 0.015833333333333335 0.009895833333333333
6 0.36625 0.3924479166666667 0.015833333333333335 0.009895833333333333
6 0.26125 0.40651041666666665 0.015833333333333335 0.009895833333333333
6 0.27875 0.40651041666666665 0.015833333333333335 0.009895833333333333
6 0.29625 0.40651041666666665 0.015833333333333335 0.009895833333333333
6 0.31375 0.40651041666666665 0.015833333333333335 0.009895833333333333
6 0.33125 0.40651041666666665 0.015833333333333335 0.009895833333333333
6 0.34875 0.40651041666666665 0.015833333333333335 0.009895833333333333
6 0.36625 0.40651041666666665 0.015833333333333335 0.009895833333333333
6 0.26125 0.41744791666666664 0.015833333333333335 0.009895833333333333
6 0.27875 0.41744791666666664 0.015833333333333335 0.009895833333333333
6 0.29625 0.41744791666666664 0.015833333333333335 0.009895833333333333
6 0.31375 0.41744791666666664 0.015833333333333335 0.009895833333333333
6 0.33125 0.41744791666666664 0.015833333333333335 0.009895833333333333
6 0.34875 0.41744791666666664 0.015833333333333335 0.009895833333333333
6 0.36625 0.41744791666666664 0.015833333333333335 0.009895833333333333
6 0.26125 0.4283854166666667 0.015833333333333335 0.009895833333333333
6 0.27875 0.4283854166666667 0.015833333333333335 0.009895833333333333
6 0.29625 0.4283854166666667 0.015833333333333335 0.009895833333333333
6 0.31375 0.4283854166666667 0.015833333333333335 0.009895833333333333
6 0.33125 0.4283854166666667 0.015833333333333335 0.009895833333333333
6 0.34875 0.4283854166666667 0.015833333333333335 0.009895833333333333
6 0.36625 0.4283854166666667 0.015833333333333335 0.009895833333333333
6 0.26125 0.4393229166666667 0.015833333333333335 0.009895833333333333
6 0.27875 0.4393229166666667 0.015833333333333335 0.009895833333333333
6 0.29625 0.4393229166666667 0.015833333333333335 0.009895833333333333
6 0.31375 0.4393229166666667 0.015833333333333335 0.009895833333333333
6 0.33125 0.4393229166666667 0.015833333333333335 0.009895833333333333
6 0.34875 0.4393229166666667 0.015833333333333335 0.009895833333333333
6 0.36625 0.4393229166666667 0.015833333333333335 0.009895833333333333
6 0.26125 0.45026041666666666 0.015833333333333335 0.009895833333333333
6 0.27875 0.45026041666666666 0.015833333333333335 0.009895833333333333
6 0.29625 0.45026041666666666 0.015833333333333335 0.009895833333333333
6 0.31375 0.45026041666666666 0.015833333333333335 0.009895833333333333
6 0.33125 0.45026041666666666 0.015833333333333335 0.009895833333333333
6 0.34875 0.45026041666666666 0.015833333333333335 0.009895833333333333
6 0.36625 0.45026041666666666 0.015833333333333335 0.009895833333333333
6 0.26125 0.46119791666666665 0.015833333333333335 0.009895833333333333
6 0.27875 0.46119791666666665 0.015833333333333335 0.009895833333333333
6 0.29625 0.46119791666666665 0.015833333333333335 0.009895833333333333
6 0.31375 0.46119791666666665 0.015833333333333335 0.009895833333333333
6 0.33125 0.46119791666666665 0.015833333333333335 0.009895833333333333
6 0.34875 0.46119791666666665 0.015833333333333335 0.009895833333333333
6 0.36625 0.46119791666666665 0.015833333333333335 0.009895833333333333
6 0.26125 0.47213541666666664 0.015833333333333335 0.009895833333333333
6 0.27875 0.47213541666666664 0.015833333333333335 0.009895833333333333
6 0.29625 0.47213541666666664 0.015833333333333335 0.009895833333333333
6 0.31375 0.47213541666666664 0.015833333333333335 0.009895833333333333
6 0.33125 0.47213541666666664 0.015833333333333335 0.009895833333333333
6 0.34875 0.47213541666666664 0.015833333333333335 0.009895833333333333
6 0.36625 0.47213541666666664 0.015833333333333335 0.009895833333333333
6 0.38625 0.3924479166666667 0.015833333333333335 0.009895833333333333
6 0.40375 0.3924479166666667 0.015833333333333335 0.009895833333333333
6 0.42125 0.3924479166666667 0.015833333333333335 0.009895833333333333
6 0.43875 0.3924479166666667 0.015833333333333335 0.009895833333333333
6 0.45625 0.3924479166666667 0.015833333333333335 0.009895833333333333
6 0.47375 0.3924479166666667 0.015833333333333335 0.009895833333333333
6 0.49125 0.3924479166666667 0.015833333333333335 0.009895833333333333
6 0.38625 0.40651041666666665 0.015833333333333335 0.009895833333333333
6 0.40375 0.40651041666666665 0.015833333333333335 0.009895833333333333
6 0.42125 0.40651041666666665 0.015833333333333335 0.009895833333333333
6 0.43875 0.40651041666666665 0.015833333333333335 0.009895833333333333
6 0.45625 0.40651041666666665 0.015833333333333335 0.009895833333333333
6 0.47375 0.40651041666666665 0.015833333333333335 0.009895833333333333
6 0.49125 0.40651041666666665 0.015833333333333335 0.009895833333333333
6 0.38625 0.41744791666666664 0.015833333333333335 0.009895833333333333
6 0.40375 0.41744791666666664 0.015833333333333335 0.009895833333333333
6 0.42125 0.41744791666666664 0.015833333333333335 0.009895833333333333
6 0.43875 0.41744791666666664 0.015833333333333335 0.009895833333333333
6 0.45625 0.41744791666666664 0.015833333333333335 0.009895833333333333
6 0.47375 0.41744791666666664 0.015833333333333335 0.009895833333333333
6 0.49125 0.41744791666666664 0.015833333333333335 0.009895833333333333
6 0.38625 0.4283854166666667 0.015833333333333335 0.009895833333333333
6 0.40375 0.4283854166666667 0.015833333333333335 0.009895833333333333
6 0.42125 0.4283854166666667 0.015833333333333335 0.009895833333333333
6 0.43875 0.4283854166666667 0.015833333333333335 0.009895833333333333
6 0.45625 0.4283854166666667 0.015833333333333335 0.009895833333333333
6 0.47375 0.4283854166666667 0.015833333333333335 0.009895833333333333
6 0.49125 0.4283854166666667 0.015833333333333335 0.009895833333333333
6 0.38625 0.4393229166666667 0.015833333333333335 0.009895833333333333
6 0.40375 0.4393229166666667 0.015833333333333335 0.009895833333333333
6 0.42125 0.4393229166666667 0.015833333333333335 0.009895833333333333
6 0.43875 0.4393229166666667 0.015833333333333335 0.009895833333333333
6 0.45625 0.4393229166666667 0.015833333333333335 0.009895833333333333
6 0.47375 0.4393229166666667 0.015833333333333335 0.009895833333333333
6 0.49125 0.4393229166666667 0.015833333333333335 0.009895833333333333
6 0.38625 0.45026041666666666 0.015833333333333335 0.009895833333333333
6 0.40375 0.45026041666666666 0.015833333333333335 0.009895833333333333
6 0.42125 0.45026041666666666 0.015833333333333335 0.009895833333333333
6 0.43875 0.45026041666666666 0.015833333333333335 0.009895833333333333
6 0.45625 0.45026041666666666 0.015833333333333335 0.009895833333333333
6 0.47375 0.45026041666666666 0.015833333333333335 0.009895833333333333
6 0.49125 0.45026041666666666 0.015833333333333335 0.009895833333333333
6 0.38625 0.46119791666666665 0.015833333333333335 0.009895833333333333
6 0.40375 0.46119791666666665 0.015833333333333335 0.009895833333333333
6 0.42125 0.46119791666666665 0.015833333333333335 0.009895833333333333
6 0.43875 0.46119791666666665 0.015833333333333335 0.009895833333333333
6 0.45625 0.46119791666666665 0.015833333333333335 0.009895833333333333
6 0.47375 0.46119791666666665 0.015833333333333335 0.009895833333333333
6 0.49125 0.46119791666666665 0.015833333333333335 0.009895833333333333
6 0.38625 0.47213541666666664 0.015833333333333335 0.009895833333333333
6 0.40375 0.47213541666666664 0.015833333333333335 0.009895833333333333
6 0.42125 0.47213541666666664 0.015833333333333335 0.009895833333333333
6 0.43875 0.47213541666666664 0.015833333333333335 0.009895833333333333
6 0.45625 0.47213541666666664 0.015833333333333335 0.009895833333333333
6 0.47375 0.47213541666666664 0.015833333333333335 0.009895833333333333
6 0.49125 0.47213541666666664 0.015833333333333335 0.009895833333333333
6 0.51125 0.3924479166666667 0.015833333333333335 0.009895833333333333
6 0.52875 0.3924479166666667 0.015833333333333335 0.009895833333333333
6 0.54625 0.3924479166666667 0.015833333333333335 0.009895833333333333
6 0.56375 0.3924479166666667 0.015833333333333335 0.009895833333333333
6 0.58125 0.3924479166666667 0.015833333333333335 0.009895833333333333
6 0.59875 0.3924479166666667 0.015833333333333335 0.009895833333333333
6 0.61625 0.3924479166666667 0.015833333333333335 0.009895833333333333
6 0.51125 0.40651041666666665 0.015833333333333335 0.009895833333333333
6 0.52875 0.40651041666666665 0.015833333333333335 0.009895833333333333
6 0.54625 0.40651041666666665 0.015833333333333335 0.009895833333333333
6 0.56375 0.40651041666666665 0.015833333333333335 0.009895833333333333
6 0.58125 0.40651041666666665 0.015833333333333335 0.009895833333333333
6 0.59875 0.40651041666666665 0.015833333333333335 0.009895833333333333
6 0.61625 0.40651041666666665 0.015833333333333335 0.009895833333333333
6 0.51125 0.41744791666666664 0.015833333333333335 0.009895833333333333
6 0.52875 0.41744791666666664 0.015833333333333335 0.009895833333333333
6 0.54625 0.41744791666666664 0.015833333333333335 0.009895833333333333
6 0.56375 0.41744791666666664 0.015833333333333335 0.009895833333333333
6 0.58125 0.41744791666666664 0.015833333333333335 0.009895833333333333
6 0.59875 0.41744791666666664 0.015833333333333335 0.009895833333333333
6 0.61625 0.41744791666666664 0.015833333333333335 0.009895833333333333
6 0.51125 0.4283854166666667 0.015833333333333335 0.009895833333333333
6 0.52875 0.4283854166666667 0.015833333333333335 0.009895833333333333
6 0.54625 0.4283854166666667 0.015833333333333335 0.009895833333333333
6 0.56375 0.4283854166666667 0.015833333333333335 0.009895833333333333
6 0.58125 0.4283854166666667 0.015833333333333335 0.009895833333333333
6 0.59875 0.4283854166666667 0.015833333333333335 0.009895833333333333
6 0.61625 0.4283854166666667 0.015833333333333335 0.009895833333333333
6 0.51125 0.4393229166666667 0.015833333333333335 0.009895833333333333
6 0.52875 0.4393229166666667 0.015833333333333335 0.009895833333333333
6 0.54625 0.4393229166666667 0.015833333333333335 0.009895833333333333
6 0.56375 0.4393229166666667 0.015833333333333335 0.009895833333333333
6 0.58125 0.4393229166666667 0.015833333333333335 0.009895833333333333
6 0.59875 0.4393229166666667 0.015833333333333335 0.009895833333333333
6 0.61625 0.4393229166666667 0.015833333333333335 0.009895833333333333
6 0.51125 0.45026041666666666 0.015833333333333335 0.009895833333333333
6 0.52875 0.45026041666666666 0.015833333333333335 0.009895833333333333
6 0.54625 0.45026041666666666 0.015833333333333335 0.009895833333333333
6 0.56375 0.45026041666666666 0.015833333333333335 0.009895833333333333
6 0.58125 0.45026041666666666 0.015833333333333335 0.009895833333333333
6 0.59875 0.45026041666666666 0.015833333333333335 0.009895833333333333
6 0.61625 0.45026041666666666 0.015833333333333335 0.009895833333333333
6 0.51125 0.46119791666666665 0.015833333333333335 0.009895833333333333
6 0.52875 0.46119791666666665 0.015833333333333335 0.009895833333333333
6 0.54625 0.46119791666666665 0.015833333333333335 0.009895833333333333
6 0.56375 0.46119791666666665 0.015833333333333335 0.009895833333333333
6 0.58125 0.46119791666666665 0.015833333333333335 0.009895833333333333
6 0.59875 0.46119791666666665 0.015833333333333335 0.009895833333333333
6 0.61625 0.46119791666666665 0.015833333333333335 0.009895833333333333
6 0.51125 0.47213541666666664 0.015833333333333335 0.009895833333333333
6 0.52875 0.47213541666666664 0.015833333333333335 0.009895833333333333
6 0.54625 0.47213541666666664 0.015833333333333335 0.009895833333333333
6 0.56375 0.47213541666666664 0.015833333333333335 0.009895833333333333
6 0.58125 0.47213541666666664 0.015833333333333335 0.009895833333333333
6 0.59875 0.47213541666666664 0.015833333333333335 0.009895833333333333
6 0.61625 0.47213541666666664 0.015833333333333335 0.009895833333333333
6 0.63625 0.3924479166666667 0.015833333333333335 0.009895833333333333
6 0.65375 0.3924479166666667 0.015833333333333335 0.009895833333333333
6 0.67125 0.3924479166666667 0.015833333333333335 0.009895833333333333
6 0.68875 0.3924479166666667 0.015833333333333335 0.009895833333333333
6 0.70625 0.3924479166666667 0.015833333333333335 0.009895833333333333
6 0.72375 0.3924479166666667 0.015833333333333335 0.009895833333333333
6 0.74125 0.3924479166666667 0.015833333333333335 0.009895833333333333
6 0.63625 0.40651041666666665 0.015833333333333335 0.009895833333333333
6 0.65375 0.40651041666666665 0.015833333333333335 0.009895833333333333
6 0.67125 0.40651041666666665 0.015833333333333335 0.009895833333333333
6 0.68875 0.40651041666666665 0.015833333333333335 0.009895833333333333
6 0.70625 0.40651041666666665 0.015833333333333335 0.009895833333333333
6 0.72375 0.40651041666666665 0.015833333333333335 0.009895833333333333
6 0.74125 0.40651041666666665 0.015833333333333335 0.009895833333333333
6 0.63625 0.41744791666666664 0.015833333333333335 0.009895833333333333
6 0.65375 0.41744791666666664 0.015833333333333335 0.009895833333333333
6 0.67125 0.41744791666666664 0.015833333333333335 0.009895833333333333
6 0.68875 0.41744791666666664 0.015833333333333335 0.009895833333333333
6 0.70625 0.41744791666666664 0.015833333333333335 0.009895833333333333
6 0.72375 0.41744791666666664 0.015833333333333335 0.009895833333333333
6 0.74125 0.41744791666666664 0.015833333333333335 0.009895833333333333
6 0.63625 0.4283854166666667 0.015833333333333335 0.009895833333333333
6 0.65375 0.4283854166666667 0.015833333333333335 0.009895833333333333
6 0.67125 0.4283854166666667 0.015833333333333335 0.009895833333333333
6 0.68875 0.4283854166666667 0.015833333333333335 0.009895833333333333
6 0.70625 0.4283854166666667 0.015833333333333335 0.009895833333333333
6 0.72375 0.4283854166666667 0.015833333333333335 0.009895833333333333
6 0.74125 0.4283854166666667 0.015833333333333335 0.009895833333333333
6 0.63625 0.4393229166666667 0.015833333333333335 0.009895833333333333
6 0.65375 0.4393229166666667 0.015833333333333335 0.009895833333333333
6 0.67125 0.4393229166666667 0.015833333333333335 0.009895833333333333
6 0.68875 0.4393229166666667 0.015833333333333335 0.009895833333333333
6 0.70625 0.4393229166666667 0.015833333333333335 0.009895833333333333
6 0.72375 0.4393229166666667 0.015833333333333335 0.009895833333333333
6 0.74125 0.4393229166666667 0.015833333333333335 0.009895833333333333
6 0.63625 0.45026041666666666 0.015833333333333335 0.009895833333333333
6 0.65375 0.45026041666666666 0.015833333333333335 0.009895833333333333
6 0.67125 0.45026041666666666 0.015833333333333335 0.009895833333333333
6 0.68875 0.45026041666666666 0.015833333333333335 0.009895833333333333
6 0.70625 0.45026041666666666 0.015833333333333335 0.009895833333333333
6 0.72375 0.45026041666666666 0.015833333333333335 0.009895833333333333
6 0.74125 0.45026041666666666 0.015833333333333335 0.009895833333333333
6 0.63625 0.46119791666666665 0.015833333333333335 0.009895833333333333
6 0.65375 0.46119791666666665 0.015833333333333335 0.009895833333333333
6 0.67125 0.46119791666666665 0.015833333333333335 0.009895833333333333
6 0.68875 0.46119791666666665 0.015833333333333335 0.009895833333333333
6 0.70625 0.46119791666666665 0.015833333333333335 0.009895833333333333
6 0.72375 0.46119791666666665 0.015833333333333335 0.009895833333333333
6 0.74125 0.46119791666666665 0.015833333333333335 0.009895833333333333
6 0.63625 0.47213541666666664 0.015833333333333335 0.009895833333333333
6 0.65375 0.47213541666666664 0.015833333333333335 0.009895833333333333
6 0.67125 0.47213541666666664 0.015833333333333335 0.009895833333333333
6 0.68875 0.47213541666666664 0.015833333333333335 0.009895833333333333
6 0.70625 0.47213541666666664 0.015833333333333335 0.009895833333333333
6 0.72375 0.47213541666666664 0.015833333333333335 0.009895833333333333
6 0.74125 0.47213541666666664 0.015833333333333335 0.009895833333333333
6 0.76125 0.3924479166666667 0.015833333333333335 0.009895833333333333
6 0.77875 0.3924479166666667 0.015833333333333335 0.009895833333333333
6 0.79625 0.3924479166666667 0.015833333333333335 0.009895833333333333
6 0.81375 0.3924479166666667 0.015833333333333335 0.009895833333333333
6 0.83125 0.3924479166666667 0.015833333333333335 0.009895833333333333
6 0.84875 0.3924479166666667 0.015833333333333335 0.009895833333333333
6 0.86625 0.3924479166666667 0.015833333333333335 0.009895833333333333
6 0.76125 0.40651041666666665 0.015833333333333335 0.009895833333333333
6 0.77875 0.40651041666666665 0.015833333333333335 0.009895833333333333
6 0.79625 0.40651041666666665 0.015833333333333335 0.009895833333333333
6 0.81375 0.40651041666666665 0.015833333333333335 0.009895833333333333
6 0.83125 0.40651041666666665 0.015833333333333335 0.009895833333333333
6 0.84875 0.40651041666666665 0.015833333333333335 0.009895833333333333
6 0.86625 0.40651041666666665 0.015833333333333335 0.009895833333333333
6 0.76125 0.41744791666666664 0.015833333333333335 0.009895833333333333
6 0.77875 0.41744791666666664 0.015833333333333335 0.009895833333333333
6 0.79625 0.41744791666666664 0.015833333333333335 0.009895833333333333
6 0.81375 0.41744791666666664 0.015833333333333335 0.009895833333333333
6 0.83125 0.41744791666666664 0.015833333333333335 0.009895833333333333
6 0.84875 0.41744791666666664 0.015833333333333335 0.009895833333333333
6 0.86625 0.41744791666666664 0.015833333333333335 0.009895833333333333
6 0.76125 0.4283854166666667 0.015833333333333335 0.009895833333333333
6 0.77875 0.4283854166666667 0.015833333333333335 0.009895833333333333
6 0.79625 0.4283854166666667 0.015833333333333335 0.009895833333333333
6 0.81375 0.4283854166666667 0.015833333333333335 0.009895833333333333
6 0.83125 0.4283854166666667 0.015833333333333335 0.009895833333333333
6 0.84875 0.4283854166666667 0.015833333333333335 0.009895833333333333
6 0.86625 0.4283854166666667 0.015833333333333335 0.009895833333333333
6 0.76125 0.4393229166666667 0.015833333333333335 0.009895833333333333
6 0.77875 0.4393229166666667 0.015833333333333335 0.009895833333333333
6 0.79625 0.4393229166666667 0.015833333333333335 0.009895833333333333
6 0.81375 0.4393229166666667 0.015833333333333335 0.009895833333333333
6 0.83125 0.4393229166666667 0.015833333333333335 0.009895833333333333
6 0.84875 0.4393229166666667 0.015833333333333335 0.009895833333333333
6 0.86625 0.4393229166666667 0.015833333333333335 0.009895833333333333
6 0.76125 0.45026041666666666 0.015833333333333335 0.009895833333333333
6 0.77875 0.45026041666666666 0.015833333333333335 0.009895833333333333
6 0.79625 0.45026041666666666 0.015833333333333335 0.009895833333333333
6 0.81375 0.45026041666666666 0.015833333333333335 0.009895833333333333
6 0.83125 0.45026041666666666 0.015833333333333335 0.009895833333333333
6 0.84875 0.45026041666666666 0.015833333333333335 0.009895833333333333
6 0.86625 0.45026041666666666 0.015833333333333335 0.009895833333333333
6 0.76125 0.46119791666666665 0.015833333333333335 0.009895833333333333
6 0.77875 0.46119791666666665 0.015833333333333335 0.009895833333333333
6 0.79625 0.46119791666666665 0.015833333333333335 0.009895833333333333
6 0.81375 0.46119791666666665 0.015833333333333335 0.009895833333333333
6 0.83125 0.46119791666666665 0.015833333333333335 0.009895833333333333
6 0.84875 0.46119791666666665 0.015833333333333335 0.009895833333333333
6 0.86625 0.46119791666666665 0.015833333333333335 0.009895833333333333
6 0.76125 0.47213541666666664 0.015833333333333335 0.009895833333333333
6 0.77875 0.47213541666666664 0.015833333333333335 0.009895833333333333
6 0.79625 0.47213541666666664 0.015833333333333335 0.009895833333333333
6 0.81375 0.47213541666666664 0.015833333333333335 0.009895833333333333
6 0.83125 0.47213541666666664 0.015833333333333335 0.009895833333333333
6 0.84875 0.47213541666666664 0.015833333333333335 0.009895833333333333
6 0.86625 0.47213541666666664 0.015833333333333335 0.009895833333333333
6 0.88625 0.3924479166666667 0.015833333333333335 0.009895833333333333
6 0.90375 0.3924479166666667 0.015833333333333335 0.009895833333333333
6 0.92125 0.3924479166666667 0.015833333333333335 0.009895833333333333
6 0.93875 0.3924479166666667 0.015833333333333335 0.009895833333333333
6 0.95625 0.3924479166666667 0.015833333333333335 0.009895833333333333
6 0.97375 0.3924479166666667 0.015833333333333335 0.009895833333333333
6 0.99125 0.3924479166666667 0.015833333333333335 0.009895833333333333
6 0.88625 0.40651041666666665 0.015833333333333335 0.009895833333333333
6 0.90375 0.40651041666666665 0.015833333333333335 0.009895833333333333
6 0.92125 0.40651041666666665 0.015833333333333335 0.009895833333333333
6 0.93875 0.40651041666666665 0.015833333333333335 0.009895833333333333
6 0.95625 0.40651041666666665 0.015833333333333335 0.009895833333333333
6 0.97375 0.40651041666666665 0.015833333333333335 0.009895833333333333
6 0.99125 0.40651041666666665 0.015833333333333335 0.009895833333333333
6 0.88625 0.41744791666666664 0.015833333333333335 0.009895833333333333
6 0.90375 0.41744791666666664 0.015833333333333335 0.009895833333333333
6 0.92125 0.41744791666666664 0.015833333333333335 0.009895833333333333
6 0.93875 0.41744791666666664 0.015833333333333335 0.009895833333333333
6 0.95625 0.41744791666666664 0.015833333333333335 0.009895833333333333
6 0.97375 0.41744791666666664 0.015833333333333335 0.009895833333333333
6 0.99125 0.41744791666666664 0.015833333333333335 0.009895833333333333
6 0.88625 0.4283854166666667 0.015833333333333335 0.009895833333333333
6 0.90375 0.4283854166666667 0.015833333333333335 0.009895833333333333
6 0.92125 0.4283854166666667 0.015833333333333335 0.009895833333333333
6 0.93875 0.4283854166666667 0.015833333333333335 0.009895833333333333
6 0.95625 0.4283854166666667 0.015833333333333335 0.009895833333333333
6 0.97375 0.4283854166666667 0.015833333333333335 0.009895833333333333
6 0.99125 0.4283854166666667 0.015833333333333335 0.009895833333333333
6 0.88625 0.4393229166666667 0.015833333333333335 0.009895833333333333
6 0.90375 0.4393229166666667 0.015833333333333335 0.009895833333333333
6 0.92125 0.4393229166666667 0.015833333333333335 0.009895833333333333
6 0.93875 0.4393229166666667 0.015833333333333335 0.009895833333333333
6 0.95625 0.4393229166666667 0.015833333333333335 0.009895833333333333
6 0.97375 0.4393229166666667 0.015833333333333335 0.009895833333333333
6 0.99125 0.4393229166666667 0.015833333333333335 0.009895833333333333
6 0.88625 0.45026041666666666 0.015833333333333335 0.009895833333333333
6 0.90375 0.45026041666666666 0.015833333333333335 0.009895833333333333
6 0.92125 0.45026041666666666 0.015833333333333335 0.009895833333333333
6 0.93875 0.45026041666666666 0.015833333333333335 0.009895833333333333
6 0.95625 0.45026041666666666 0.015833333333333335 0.009895833333333333
6 0.97375 0.45026041666666666 0.015833333333333335 0.009895833333333333
6 0.99125 0.45026041666666666 0.015833333333333335 0.009895833333333333
6 0.88625 0.46119791666666665 0.015833333333333335 0.009895833333333333
6 0.90375 0.46119791666666665 0.015833333333333335 0.009895833333333333
6 0.92125 0.46119791666666665 0.015833333333333335 0.009895833333333333
6 0.93875 0.46119791666666665 0.015833333333333335 0.009895833333333333
6 0.95625 0.46119791666666665 0.015833333333333335 0.009895833333333333
6 0.97375 0.46119791666666665 0.015833333333333335 0.009895833333333333
6 0.99125 0.46119791666666665 0.015833333333333335 0.009895833333333333
6 0.88625 0.47213541666666664 0.015833333333333335 0.009895833333333333
6 0.90375 0.47213541666666664 0.015833333333333335 0.009895833333333333
6 0.92125 0.47213541666666664 0.015833333333333335 0.009895833333333333
6 0.93875 0.47213541666666664 0.015833333333333335 0.009895833333333333
6 0.95625 0.47213541666666664 0.015833333333333335 0.009895833333333333
6 0.97375 0.47213541666666664 0.015833333333333335 0.009895833333333333
6 0.99125 0.47213541666666664 0.015833333333333335 0.009895833333333333
6 0.01125 0.4861979166666667 0.015833333333333335 0.009895833333333333
6 0.02875 0.4861979166666667 0.015833333333333335 0.009895833333333333
6 0.04625 0.4861979166666667 0.015833333333333335 0.009895833333333333
6 0.06375 0.4861979166666667 0.015833333333333335 0.009895833333333333
6 0.08125 0.4861979166666667 0.015833333333333335 0.009895833333333333
6 0.09875 0.4861979166666667 0.015833333333333335 0.009895833333333333
6 0.11625 0.4861979166666667 0.015833333333333335 0.009895833333333333
6 0.01125 0.49713541666666666 0.015833333333333335 0.009895833333333333
6 0.02875 0.49713541666666666 0.015833333333333335 0.009895833333333333
6 0.04625 0.49713541666666666 0.015833333333333335 0.009895833333333333
6 0.06375 0.49713541666666666 0.015833333333333335 0.009895833333333333
6 0.08125 0.49713541666666666 0.015833333333333335 0.009895833333333333
6 0.09875 0.49713541666666666 0.015833333333333335 0.009895833333333333
6 0.11625 0.49713541666666666 0.015833333333333335 0.009895833333333333
6 0.01125 0.5080729166666667 0.015833333333333335 0.009895833333333333
6 0.02875 0.5080729166666667 0.015833333333333335 0.009895833333333333
6 0.04625 0.5080729166666667 0.015833333333333335 0.009895833333333333
6 0.06375 0.5080729166666667 0.015833333333333335 0.009895833333333333
6 0.08125 0.5080729166666667 0.015833333333333335 0.009895833333333333
6 0.09875 0.5080729166666667 0.015833333333333335 0.009895833333333333
6 0.11625 0.5080729166666667 0.015833333333333335 0.009895833333333333
6 0.01125 0.5190104166666667 0.015833333333333335 0.009895833333333333
6 0.02875 0.5190104166666667 0.015833333333333335 0.009895833333333333
6 0.04625 0.5190104166666667 0.015833333333333335 0.009895833333333333
6 0.06375 0.5190104166666667 0.015833333333333335 0.009895833333333333
6 0.08125 0.5190104166666667 0.015833333333333335 0.009895833333333333
6 0.09875 0.5190104166666667 0.015833333333333335 0.009895833333333333
6 0.11625 0.5190104166666667 0.015833333333333335 0.009895833333333333
6 0.01125 0.5299479166666666 0.015833333333333335 0.009895833333333333
6 0.02875 0.5299479166666666 0.015833333333333335 0.009895833333333333
6 0.04625 0.5299479166666666 0.015833333333333335 0.009895833333333333
6 0.06375 0.5299479166666666 0.015833333333333335 0.009895833333333333
6 0.08125 0.5299479166666666 0.015833333333333335 0.009895833333333333
6 0.09875 0.5299479166666666 0.015833333333333335 0.009895833333333333
6 0.11625 0.5299479166666666 0.015833333333333335 0.009895833333333333
6 0.01125 0.5408854166666667 0.015833333333333335 0.009895833333333333
6 0.02875 0.5408854166666667 0.015833333333333335 0.009895833333333333
6 0.04625 0.5408854166666667 0.015833333333333335 0.009895833333333333
6 0.06375 0.5408854166666667 0.015833333333333335 0.009895833333333333
6 0.08125 0.5408854166666667 0.015833333333333335 0.009895833333333333
6 0.09875 0.5408854166666667 0.015833333333333335 0.009895833333333333
6 0.11625 0.5408854166666667 0.015833333333333335 0.009895833333333333
6 0.01125 0.5518229166666667 0.015833333333333335 0.009895833333333333
6 0.02875 0.5518229166666667 0.015833333333333335 0.009895833333333333
6 0.04625 0.5518229166666667 0.015833333333333335 0.009895833333333333
6 0.06375 0.5518229166666667 0.015833333333333335 0.009895833333333333
6 0.08125 0.5518229166666667 0.015833333333333335 0.009895833333333333
6 0.09875 0.5518229166666667 0.015833333333333335 0.009895833333333333
6 0.11625 0.5518229166666667 0.015833333333333335 0.009895833333333333
6 0.13625 0.4861979166666667 0.015833333333333335 0.009895833333333333
6 0.15375 0.4861979166666667 0.015833333333333335 0.009895833333333333
6 0.17125 0.4861979166666667 0.015833333333333335 0.009895833333333333
6 0.18875 0.4861979166666667 0.015833333333333335 0.009895833333333333
6 0.20625 0.4861979166666667 0.015833333333333335 0.009895833333333333
6 0.22375 0.4861979166666667 0.015833333333333335 0.009895833333333333
6 0.24125 0.4861979166666667 0.015833333333333335 0.009895833333333333
6 0.13625 0.49713541666666666 0.015833333333333335 0.009895833333333333
6 0.15375 0.49713541666666666 0.015833333333333335 0.009895833333333333
6 0.17125 0.49713541666666666 0.015833333333333335 0.009895833333333333
6 0.18875 0.49713541666666666 0.015833333333333335 0.009895833333333333
6 0.20625 0.49713541666666666 0.015833333333333335 0.009895833333333333
6 0.22375 0.49713541666666666 0.015833333333333335 0.009895833333333333
6 0.24125 0.49713541666666666 0.015833333333333335 0.009895833333333333
6 0.13625 0.5080729166666667 0.015833333333333335 0.009895833333333333
6 0.15375 0.5080729166666667 0.015833333333333335 0.009895833333333333
6 0.17125 0.5080729166666667 0.015833333333333335 0.009895833333333333
6 0.18875 0.5080729166666667 0.015833333333333335 0.009895833333333333
6 0.20625 0.5080729166666667 0.015833333333333335 0.009895833333333333
6 0.22375 0.5080729166666667 0.015833333333333335 0.009895833333333333
6 0.24125 0.5080729166666667 0.015833333333333335 0.009895833333333333
6 0.13625 0.5190104166666667 0.015833333333333335 0.009895833333333333
6 0.15375 0.5190104166666667 0.015833333333333335 0.009895833333333333
6 0.17125 0.5190104166666667 0.015833333333333335 0.009895833333333333
6 0.18875 0.5190104166666667 0.015833333333333335 0.009895833333333333
6 0.20625 0.5190104166666667 0.015833333333333335 0.009895833333333333
6 0.22375 0.5190104166666667 0.015833333333333335 0.009895833333333333
6 0.24125 0.5190104166666667 0.015833333333333335 0.009895833333333333
6 0.13625 0.5299479166666666 0.015833333333333335 0.009895833333333333
6 0.15375 0.5299479166666666 0.015833333333333335 0.009895833333333333
6 0.17125 0.5299479166666666 0.015833333333333335 0.009895833333333333
6 0.18875 0.5299479166666666 0.015833333333333335 0.009895833333333333
6 0.20625 0.5299479166666666 0.015833333333333335 0.009895833333333333
6 0.22375 0.5299479166666666 0.015833333333333335 0.009895833333333333
6 0.24125 0.5299479166666666 0.015833333333333335 0.009895833333333333
6 0.13625 0.5408854166666667 0.015833333333333335 0.009895833333333333
6 0.15375 0.5408854166666667 0.015833333333333335 0.009895833333333333
6 0.17125 0.5408854166666667 0.015833333333333335 0.009895833333333333
6 0.18875 0.5408854166666667 0.015833333333333335 0.009895833333333333
6 0.20625 0.5408854166666667 0.015833333333333335 0.009895833333333333
6 0.22375 0.5408854166666667 0.015833333333333335 0.009895833333333333
6 0.24125 0.5408854166666667 0.015833333333333335 0.009895833333333333
6 0.13625 0.5518229166666667 0.015833333333333335 0.009895833333333333
6 0.15375 0.5518229166666667 0.015833333333333335 0.009895833333333333
6 0.17125 0.5518229166666667 0.015833333333333335 0.009895833333333333
6 0.18875 0.5518229166666667 0.015833333333333335 0.009895833333333333
6 0.20625 0.5518229166666667 0.015833333333333335 0.009895833333333333
6 0.22375 0.5518229166666667 0.015833333333333335 0.009895833333333333
6 0.24125 0.5518229166666667 0.015833333333333335 0.009895833333333333
6 0.26125 0.4861979166666667 0.015833333333333335 0.009895833333333333
6 0.27875 0.4861979166666667 0.015833333333333335 0.009895833333333333
6 0.29625 0.4861979166666667 0.015833333333333335 0.009895833333333333
6 0.31375 0.4861979166666667 0.015833333333333335 0.009895833333333333
6 0.33125 0.4861979166666667 0.015833333333333335 0.009895833333333333
6 0.34875 0.4861979166666667 0.015833333333333335 0.009895833333333333
6 0.36625 0.4861979166666667 0.015833333333333335 0.009895833333333333
6 0.26125 0.49713541666666666 0.015833333333333335 0.009895833333333333
6 0.27875 0.49713541666666666 0.015833333333333335 0.009895833333333333
6 0.29625 0.49713541666666666 0.015833333333333335 0.009895833333333333
6 0.31375 0.49713541666666666 0.015833333333333335 0.009895833333333333
6 0.33125 0.49713541666666666 0.015833333333333335 0.009895833333333333
6 0.34875 0.49713541666666666 0.015833333333333335 0.009895833333333333
6 0.36625 0.49713541666666666 0.015833333333333335 0.009895833333333333
6 0.26125 0.5080729166666667 0.015833333333333335 0.009895833333333333
6 0.27875 0.5080729166666667 0.015833333333333335 0.009895833333333333
6 0.29625 0.5080729166666667 0.015833333333333335 0.009895833333333333
6 0.31375 0.5080729166666667 0.015833333333333335 0.009895833333333333
6 0.33125 0.5080729166666667 0.015833333333333335 0.009895833333333333
6 0.34875 0.5080729166666667 0.015833333333333335 0.009895833333333333
6 0.36625 0.5080729166666667 0.015833333333333335 0.009895833333333333
6 0.26125 0.5190104166666667 0.015833333333333335 0.009895833333333333
6 0.27875 0.5190104166666667 0.015833333333333335 0.009895833333333333
6 0.29625 0.5190104166666667 0.015833333333333335 0.009895833333333333
6 0.31375 0.5190104166666667 0.015833333333333335 0.009895833333333333
6 0.33125 0.5190104166666667 0.015833333333333335 0.009895833333333333
6 0.34875 0.5190104166666667 0.015833333333333335 0.009895833333333333
6 0.36625 0.5190104166666667 0.015833333333333335 0.009895833333333333
6 0.26125 0.5299479166666666 0.015833333333333335 0.009895833333333333
6 0.27875 0.5299479166666666 0.015833333333333335 0.009895833333333333
6 0.29625 0.5299479166666666 0.015833333333333335 0.009895833333333333
6 0.31375 0.5299479166666666 0.015833333333333335 0.009895833333333333
6 0.33125 0.5299479166666666 0.015833333333333335 0.009895833333333333
6 0.34875 0.5299479166666666 0.015833333333333335 0.009895833333333333
6 0.36625 0.5299479166666666 0.015833333333333335 0.009895833333333333
6 0.26125 0.5408854166666667 0.015833333333333335 0.009895833333333333
6 0.27875 0.5408854166666667 0.015833333333333335 0.009895833333333333
6 0.29625 0.5408854166666667 0.015833333333333335 0.009895833333333333
6 0.31375 0.5408854166666667 0.015833333333333335 0.009895833333333333
6 0.33125 0.5408854166666667 0.015833333333333335 0.009895833333333333
6 0.34875 0.5408854166666667 0.015833333333333335 0.009895833333333333
6 0.36625 0.5408854166666667 0.015833333333333335 0.009895833333333333
6 0.26125 0.5518229166666667 0.015833333333333335 0.009895833333333333
6 0.27875 0.5518229166666667 0.015833333333333335 0.009895833333333333
6 0.29625 0.5518229166666667 0.015833333333333335 0.009895833333333333
6 0.31375 0.5518229166666667 0.015833333333333335 0.009895833333333333
6 0.33125 0.5518229166666667 0.015833333333333335 0.009895833333333333
6 0.34875 0.5518229166666667 0.015833333333333335 0.009895833333333333
6 0.36625 0.5518229166666667 0.015833333333333335 0.009895833333333333
6 0.38625 0.4861979166666667 0.015833333333333335 0.009895833333333333
6 0.40375 0.4861979166666667 0.015833333333333335 0.009895833333333333
6 0.42125 0.4861979166666667 0.015833333333333335 0.009895833333333333
6 0.43875 0.4861979166666667 0.015833333333333335 0.009895833333333333
6 0.45625 0.4861979166666667 0.015833333333333335 0.009895833333333333
6 0.47375 0.4861979166666667 0.015833333333333335 0.009895833333333333
6 0.49125 0.4861979166666667 0.015833333333333335 0.009895833333333333
6 0.38625 0.49713541666666666 0.015833333333333335 0.009895833333333333
6 0.40375 0.49713541666666666 0.015833333333333335 0.009895833333333333
6 0.42125 0.49713541666666666 0.015833333333333335 0.009895833333333333
6 0.43875 0.49713541666666666 0.015833333333333335 0.009895833333333333
6 0.45625 0.49713541666666666 0.015833333333333335 0.009895833333333333
6 0.47375 0.49713541666666666 0.015833333333333335 0.009895833333333333
6 0.49125 0.49713541666666666 0.015833333333333335 0.009895833333333333
6 0.38625 0.5080729166666667 0.015833333333333335 0.009895833333333333
6 0.40375 0.5080729166666667 0.015833333333333335 0.009895833333333333
6 0.42125 0.5080729166666667 0.015833333333333335 0.009895833333333333
6 0.43875 0.5080729166666667 0.015833333333333335 0.009895833333333333
6 0.45625 0.5080729166666667 0.015833333333333335 0.009895833333333333
6 0.47375 0.5080729166666667 0.015833333333333335 0.009895833333333333
6 0.49125 0.5080729166666667 0.015833333333333335 0.009895833333333333
6 0.38625 0.5190104166666667 0.015833333333333335 0.009895833333333333
6 0.40375 0.5190104166666667 0.015833333333333335 0.009895833333333333
6 0.42125 0.5190104166666667 0.015833333333333335 0.009895833333333333
6 0.43875 0.5190104166666667 0.015833333333333335 0.009895833333333333
6 0.45625 0.5190104166666667 0.015833333333333335 0.009895833333333333
6 0.47375 0.5190104166666667 0.015833333333333335 0.009895833333333333
6 0.49125 0.5190104166666667 0.015833333333333335 0.009895833333333333
6 0.38625 0.5299479166666666 0.015833333333333335 0.009895833333333333
6 0.40375 0.5299479166666666 0.015833333333333335 0.009895833333333333
6 0.42125 0.5299479166666666 0.015833333333333335 0.009895833333333333
6 0.43875 0.5299479166666666 0.015833333333333335 0.009895833333333333
6 0.45625 0.5299479166666666 0.015833333333333335 0.009895833333333333
6 0.47375 0.5299479166666666 0.015833333333333335 0.009895833333333333
6 0.49125 0.5299479166666666 0.015833333333333335 0.009895833333333333
6 0.38625 0.5408854166666667 0.015833333333333335 0.009895833333333333
6 0.40375 0.5408854166666667 0.015833333333333335 0.009895833333333333
6 0.42125 0.5408854166666667 0.015833333333333335 0.009895833333333333
6 0.43875 0.5408854166666667 0.015833333333333335 0.009895833333333333
6 0.45625 0.5408854166666667 0.015833333333333335 0.009895833333333333
6 0.47375 0.5408854166666667 0.015833333333333335 0.009895833333333333
6 0.49125 0.5408854166666667 0.015833333333333335 0.009895833333333333
6 0.38625 0.5518229166666667 0.015833333333333335 0.009895833333333333
6 0.40375 0.5518229166666667 0.015833333333333335 0.009895833333333333
6 0.42125 0.5518229166666667 0.015833333333333335 0.009895833333333333
6 0.43875 0.5518229166666667 0.015833333333333335 0.009895833333333333
6 0.45625 0.5518229166666667 0.015833333333333335 0.009895833333333333
6 0.47375 0.5518229166666667 0.015833333333333335 0.009895833333333333
6 0.49125 0.5518229166666667 0.015833333333333335 0.009895833333333333
6 0.51125 0.4861979166666667 0.015833333333333335 0.009895833333333333
6 0.52875 0.4861979166666667 0.015833333333333335 0.009895833333333333
6 0.54625 0.4861979166666667 0.015833333333333335 0.009895833333333333
6 0.56375 0.4861979166666667 0.015833333333333335 0.009895833333333333
6 0.58125 0.4861979166666667 0.015833333333333335 0.009895833333333333
6 0.59875 0.4861979166666667 0.015833333333333335 0.009895833333333333
6 0.61625 0.4861979166666667 0.015833333333333335 0.009895833333333333
6 0.51125 0.49713541666666666 0.015833333333333335 0.009895833333333333
6 0.52875 0.49713541666666666 0.015833333333333335 0.009895833333333333
6 0.54625 0.49713541666666666 0.015833333333333335 0.009895833333333333
6 0.56375 0.49713541666666666 0.015833333333333335 0.009895833333333333
6 0.58125 0.49713541666666666 0.015833333333333335 0.009895833333333333
6 0.59875 0.49713541666666666 0.015833333333333335 0.009895833333333333
6 0.61625 0.49713541666666666 0.015833333333333335 0.009895833333333333
6 0.51125 0.5080729166666667 0.015833333333333335 0.009895833333333333
6 0.52875 0.5080729166666667 0.015833333333333335 0.009895833333333333
6 0.54625 0.5080729166666667 0.015833333333333335 0.009895833333333333
6 0.56375 0.5080729166666667 0.015833333333333335 0.009895833333333333
6 0.58125 0.5080729166666667 0.015833333333333335 0.009895833333333333
6 0.59875 0.5080729166666667 0.015833333333333335 0.009895833333333333
6 0.61625 0.5080729166666667 0.015833333333333335 0.009895833333333333
6 0.51125 0.5190104166666667 0.015833333333333335 0.009895833333333333
6 0.52875 0.5190104166666667 0.015833333333333335 0.009895833333333333
6 0.54625 0.5190104166666667 0.015833333333333335 0.009895833333333333
6 0.56375 0.5190104166666667 0.015833333333333335 0.009895833333333333
6 0.58125 0.5190104166666667 0.015833333333333335 0.009895833333333333
6 0.59875 0.5190104166666667 0.015833333333333335 0.009895833333333333
6 0.61625 0.5190104166666667 0.015833333333333335 0.009895833333333333
6 0.51125 0.5299479166666666 0.015833333333333335 0.009895833333333333
6 0.52875 0.5299479166666666 0.015833333333333335 0.009895833333333333
6 0.54625 0.5299479166666666 0.015833333333333335 0.009895833333333333
6 0.56375 0.5299479166666666 0.015833333333333335 0.009895833333333333
6 0.58125 0.5299479166666666 0.015833333333333335 0.009895833333333333
6 0.59875 0.5299479166666666 0.015833333333333335 0.009895833333333333
6 0.61625 0.5299479166666666 0.015833333333333335 0.009895833333333333
6 0.51125 0.5408854166666667 0.015833333333333335 0.009895833333333333
6 0.52875 0.5408854166666667 0.015833333333333335 0.009895833333333333
6 0.54625 0.5408854166666667 0.015833333333333335 0.009895833333333333
6 0.56375 0.5408854166666667 0.015833333333333335 0.009895833333333333
6 0.58125 0.5408854166666667 0.015833333333333335 0.009895833333333333
6 0.59875 0.5408854166666667 0.015833333333333335 0.009895833333333333
6 0.61625 0.5408854166666667 0.015833333333333335 0.009895833333333333
6 0.51125 0.5518229166666667 0.015833333333333335 0.009895833333333333
6 0.52875 0.5518229166666667 0.015833333333333335 0.009895833333333333
6 0.54625 0.5518229166666667 0.015833333333333335 0.009895833333333333
6 0.56375 0.5518229166666667 0.015833333333333335 0.009895833333333333
6 0.58125 0.5518229166666667 0.015833333333333335 0.009895833333333333
6 0.59875 0.5518229166666667 0.015833333333333335 0.009895833333333333
6 0.61625 0.5518229166666667 0.015833333333333335 0.009895833333333333
6 0.63625 0.4861979166666667 0.015833333333333335 0.009895833333333333
6 0.65375 0.4861979166666667 0.015833333333333335 0.009895833333333333
6 0.67125 0.4861979166666667 0.015833333333333335 0.009895833333333333
6 0.68875 0.4861979166666667 0.015833333333333335 0.009895833333333333
6 0.70625 0.4861979166666667 0.015833333333333335 0.009895833333333333
6 0.72375 0.4861979166666667 0.015833333333333335 0.009895833333333333
6 0.74125 0.4861979166666667 0.015833333333333335 0.009895833333333333
6 0.63625 0.49713541666666666 0.015833333333333335 0.009895833333333333
6 0.65375 0.49713541666666666 0.015833333333333335 0.009895833333333333
6 0.67125 0.49713541666666666 0.015833333333333335 0.009895833333333333
6 0.68875 0.49713541666666666 0.015833333333333335 0.009895833333333333
6 0.70625 0.49713541666666666 0.015833333333333335 0.009895833333333333
6 0.72375 0.49713541666666666 0.015833333333333335 0.009895833333333333
6 0.74125 0.49713541666666666 0.015833333333333335 0.009895833333333333
6 0.63625 0.5080729166666667 0.015833333333333335 0.009895833333333333
6 0.65375 0.5080729166666667 0.015833333333333335 0.009895833333333333
6 0.67125 0.5080729166666667 0.015833333333333335 0.009895833333333333
6 0.68875 0.5080729166666667 0.015833333333333335 0.009895833333333333
6 0.70625 0.5080729166666667 0.015833333333333335 0.009895833333333333
6 0.72375 0.5080729166666667 0.015833333333333335 0.009895833333333333
6 0.74125 0.5080729166666667 0.015833333333333335 0.009895833333333333
6 0.63625 0.5190104166666667 0.015833333333333335 0.009895833333333333
6 0.65375 0.5190104166666667 0.015833333333333335 0.009895833333333333
6 0.67125 0.5190104166666667 0.015833333333333335 0.009895833333333333
6 0.68875 0.5190104166666667 0.015833333333333335 0.009895833333333333
6 0.70625 0.5190104166666667 0.015833333333333335 0.009895833333333333
6 0.72375 0.5190104166666667 0.015833333333333335 0.009895833333333333
6 0.74125 0.5190104166666667 0.015833333333333335 0.009895833333333333
6 0.63625 0.5299479166666666 0.015833333333333335 0.009895833333333333
6 0.65375 0.5299479166666666 0.015833333333333335 0.009895833333333333
6 0.67125 0.5299479166666666 0.015833333333333335 0.009895833333333333
6 0.68875 0.5299479166666666 0.015833333333333335 0.009895833333333333
6 0.70625 0.5299479166666666 0.015833333333333335 0.009895833333333333
6 0.72375 0.5299479166666666 0.015833333333333335 0.009895833333333333
6 0.74125 0.5299479166666666 0.015833333333333335 0.009895833333333333
6 0.63625 0.5408854166666667 0.015833333333333335 0.009895833333333333
6 0.65375 0.5408854166666667 0.015833333333333335 0.009895833333333333
6 0.67125 0.5408854166666667 0.015833333333333335 0.009895833333333333
6 0.68875 0.5408854166666667 0.015833333333333335 0.009895833333333333
6 0.70625 0.5408854166666667 0.015833333333333335 0.009895833333333333
6 0.72375 0.5408854166666667 0.015833333333333335 0.009895833333333333
6 0.74125 0.5408854166666667 0.015833333333333335 0.009895833333333333
6 0.63625 0.5518229166666667 0.015833333333333335 0.009895833333333333
6 0.65375 0.5518229166666667 0.015833333333333335 0.009895833333333333
6 0.67125 0.5518229166666667 0.015833333333333335 0.009895833333333333
6 0.68875 0.5518229166666667 0.015833333333333335 0.009895833333333333
6 0.70625 0.5518229166666667 0.015833333333333335 0.009895833333333333
6 0.72375 0.5518229166666667 0.015833333333333335 0.009895833333333333
6 0.74125 0.5518229166666667 0.015833333333333335 0.009895833333333333
6 0.76125 0.4861979166666667 0.015833333333333335 0.009895833333333333
6 0.77875 0.4861979166666667 0.015833333333333335 0.009895833333333333
6 0.79625 0.4861979166666667 0.015833333333333335 0.009895833333333333
6 0.81375 0.4861979166666667 0.015833333333333335 0.009895833333333333
6 0.83125 0.4861979166666667 0.015833333333333335 0.009895833333333333
6 0.84875 0.4861979166666667 0.015833333333333335 0.009895833333333333
6 0.86625 0.4861979166666667 0.015833333333333335 0.009895833333333333
6 0.76125 0.49713541666666666 0.015833333333333335 0.009895833333333333
6 0.77875 0.49713541666666666 0.015833333333333335 0.009895833333333333
6 0.79625 0.49713541666666666 0.015833333333333335 0.009895833333333333
6 0.81375 0.49713541666666666 0.015833333333333335 0.009895833333333333
6 0.83125 0.49713541666666666 0.015833333333333335 0.009895833333333333
6 0.84875 0.49713541666666666 0.015833333333333335 0.009895833333333333
6 0.86625 0.49713541666666666 0.015833333333333335 0.009895833333333333
6 0.76125 0.5080729166666667 0.015833333333333335 0.009895833333333333
6 0.77875 0.5080729166666667 0.015833333333333335 0.009895833333333333
6 0.79625 0.5080729166666667 0.015833333333333335 0.009895833333333333
6 0.81375 0.5080729166666667 0.015833333333333335 0.009895833333333333
6 0.83125 0.5080729166666667 0.015833333333333335 0.009895833333333333
6 0.84875 0.5080729166666667 0.015833333333333335 0.009895833333333333
6 0.86625 0.5080729166666667 0.015833333333333335 0.009895833333333333
6 0.76125 0.5190104166666667 0.015833333333333335 0.009895833333333333
6 0.77875 0.5190104166666667 0.015833333333333335 0.009895833333333333
6 0.79625 0.5190104166666667 0.015833333333333335 0.009895833333333333
6 0.81375 0.5190104166666667 0.015833333333333335 0.009895833333333333
6 0.83125 0.5190104166666667 0.015833333333333335 0.009895833333333333
6 0.84875 0.5190104166666667 0.015833333333333335 0.009895833333333333
6 0.86625 0.5190104166666667 0.015833333333333335 0.009895833333333333
6 0.76125 0.5299479166666666 0.015833333333333335 0.009895833333333333
6 0.77875 0.5299479166666666 0.015833333333333335 0.009895833333333333
6 0.79625 0.5299479166666666 0.015833333333333335 0.009895833333333333
6 0.81375 0.5299479166666666 0.015833333333333335 0.009895833333333333
6 0.83125 0.5299479166666666 0.015833333333333335 0.009895833333333333
6 0.84875 0.5299479166666666 0.015833333333333335 0.009895833333333333
6 0.86625 0.5299479166666666 0.015833333333333335 0.009895833333333333
6 0.76125 0.5408854166666667 0.015833333333333335 0.009895833333333333
6 0.77875 0.5408854166666667 0.015833333333333335 0.009895833333333333
6 0.79625 0.5408854166666667 0.015833333333333335 0.009895833333333333
6 0.81375 0.5408854166666667 0.015833333333333335 0.009895833333333333
6 0.83125 0.5408854166666667 0.015833333333333335 0.009895833333333333
6 0.84875 0.5408854166666667 0.015833333333333335 0.009895833333333333
6 0.86625 0.5408854166666667 0.015833333333333335 0.009895833333333333
6 0.76125 0.5518229166666667 0.015833333333333335 0.009895833333333333
6 0.77875 0.5518229166666667 0.015833333333333335 0.009895833333333333
6 0.79625 0.5518229166666667 0.015833333333333335 0.009895833333333333
6 0.81375 0.5518229166666667 0.015833333333333335 0.009895833333333333
6 0.83125 0.5518229166666667 0.015833333333333335 0.009895833333333333
6 0.84875 0.5518229166666667 0.015833333333333335 0.009895833333333333
6 0.86625 0.5518229166666667 0.015833333333333335 0.009895833333333333
6 0.88625 0.4861979166666667 0.015833333333333335 0.009895833333333333
6 0.90375 0.4861979166666667 0.015833333333333335 0.009895833333333333
6 0.92125 0.4861979166666667 0.015833333333333335 0.009895833333333333
6 0.93875 0.4861979166666667 0.015833333333333335 0.009895833333333333
6 0.95625 0.4861979166666667 0.015833333333333335 0.009895833333333333
6 0.97375 0.4861979166666667 0.015833333333333335 0.009895833333333333
6 0.99125 0.4861979166666667 0.015833333333333335 0.009895833333333333
6 0.88625 0.49713541666666666 0.015833333333333335 0.009895833333333333
6 0.90375 0.49713541666666666 0.015833333333333335 0.009895833333333333
6 0.92125 0.49713541666666666 0.015833333333333335 0.009895833333333333
6 0.93875 0.49713541666666666 0.015833333333333335 0.009895833333333333
6 0.95625 0.49713541666666666 0.015833333333333335 0.009895833333333333
6 0.97375 0.49713541666666666 0.015833333333333335 0.009895833333333333
6 0.99125 0.49713541666666666 0.015833333333333335 0.009895833333333333
6 0.88625 0.5080729166666667 0.015833333333333335 0.009895833333333333
6 0.90375 0.5080729166666667 0.015833333333333335 0.009895833333333333
6 0.92125 0.5080729166666667 0.015833333333333335 0.009895833333333333
6 0.93875 0.5080729166666667 0.015833333333333335 0.009895833333333333
6 0.95625 0.5080729166666667 0.015833333333333335 0.009895833333333333
6 0.97375 0.5080729166666667 0.015833333333333335 0.009895833333333333
6 0.99125 0.5080729166666667 0.015833333333333335 0.009895833333333333
6 0.88625 0.5190104166666667 0.015833333333333335 0.009895833333333333
6 0.90375 0.5190104166666667 0.015833333333333335 0.009895833333333333
6 0.92125 0.5190104166666667 0.015833333333333335 0.009895833333333333
6 0.93875 0.5190104166666667 0.015833333333333335 0.009895833333333333
6 0.95625 0.5190104166666667 0.015833333333333335 0.009895833333333333
6 0.97375 0.5190104166666667 0.015833333333333335 0.009895833333333333
6 0.99125 0.5190104166666667 0.015833333333333335 0.009895833333333333
6 0.88625 0.5299479166666666 0.015833333333333335 0.009895833333333333
6 0.90375 0.5299479166666666 0.015833333333333335 0.009895833333333333
6 0.92125 0.5299479166666666 0.015833333333333335 0.009895833333333333
6 0.93875 0.5299479166666666 0.015833333333333335 0.009895833333333333
6 0.95625 0.5299479166666666 0.015833333333333335 0.009895833333333333
6 0.97375 0.5299479166666666 0.015833333333333335 0.009895833333333333
6 0.99125 0.5299479166666666 0.015833333333333335 0.009895833333333333
6 0.88625 0.5408854166666667 0.015833333333333335 0.009895833333333333
6 0.90375 0.5408854166666667 0.015833333333333335 0.009895833333333333
6 0.92125 0.5408854166666667 0.015833333333333335 0.009895833333333333
6 0.93875 0.5408854166666667 0.015833333333333335 0.009895833333333333
6 0.95625 0.5408854166666667 0.015833333333333335 0.009895833333333333
6 0.97375 0.5408854166666667 0.015833333333333335 0.009895833333333333
6 0.99125 0.5408854166666667 0.015833333333333335 0.009895833333333333
6 0.88625 0.5518229166666667 0.015833333333333335 0.009895833333333333
6 0.90375 0.5518229166666667 0.015833333333333335 0.009895833333333333
6 0.92125 0.5518229166666667 0.015833333333333335 0.009895833333333333
6 0.93875 0.5518229166666667 0.015833333333333335 0.009895833333333333
6 0.95625 0.5518229166666667 0.015833333333333335 0.009895833333333333
6 0.97375 0.5518229166666667 0.015833333333333335 0.009895833333333333
6 0.99125 0.5518229166666667 0.015833333333333335 0.009895833333333333
6 0.01125 0.5658854166666667 0.015833333333333335 0.009895833333333333
6 0.02875 0.5658854166666667 0.015833333333333335 0.009895833333333333
6 0.04625 0.5658854166666667 0.015833333333333335 0.009895833333333333
6 0.06375 0.5658854166666667 0.015833333333333335 0.009895833333333333
6 0.08125 0.5658854166666667 0.015833333333333335 0.009895833333333333
6 0.09875 0.5658854166666667 0.015833333333333335 0.009895833333333333
6 0.11625 0.5658854166666667 0.015833333333333335 0.009895833333333333
6 0.01125 0.5768229166666666 0.015833333333333335 0.009895833333333333
6 0.02875 0.5768229166666666 0.015833333333333335 0.009895833333333333
6 0.04625 0.5768229166666666 0.015833333333333335 0.009895833333333333
6 0.06375 0.5768229166666666 0.015833333333333335 0.009895833333333333
6 0.08125 0.5768229166666666 0.015833333333333335 0.009895833333333333
6 0.09875 0.5768229166666666 0.015833333333333335 0.009895833333333333
6 0.11625 0.5768229166666666 0.015833333333333335 0.009895833333333333
6 0.01125 0.5877604166666667 0.015833333333333335 0.009895833333333333
6 0.02875 0.5877604166666667 0.015833333333333335 0.009895833333333333
6 0.04625 0.5877604166666667 0.015833333333333335 0.009895833333333333
6 0.06375 0.5877604166666667 0.015833333333333335 0.009895833333333333
6 0.08125 0.5877604166666667 0.015833333333333335 0.009895833333333333
6 0.09875 0.5877604166666667 0.015833333333333335 0.009895833333333333
6 0.11625 0.5877604166666667 0.015833333333333335 0.009895833333333333
6 0.01125 0.5986979166666667 0.015833333333333335 0.009895833333333333
6 0.02875 0.5986979166666667 0.015833333333333335 0.009895833333333333
6 0.04625 0.5986979166666667 0.015833333333333335 0.009895833333333333
6 0.06375 0.5986979166666667 0.015833333333333335 0.009895833333333333
6 0.08125 0.5986979166666667 0.015833333333333335 0.009895833333333333
6 0.09875 0.5986979166666667 0.015833333333333335 0.009895833333333333
6 0.11625 0.5986979166666667 0.015833333333333335 0.009895833333333333
6 0.01125 0.6096354166666667 0.015833333333333335 0.009895833333333333
6 0.02875 0.6096354166666667 0.015833333333333335 0.009895833333333333
6 0.04625 0.6096354166666667 0.015833333333333335 0.009895833333333333
6 0.06375 0.6096354166666667 0.015833333333333335 0.009895833333333333
6 0.08125 0.6096354166666667 0.015833333333333335 0.009895833333333333
6 0.09875 0.6096354166666667 0.015833333333333335 0.009895833333333333
6 0.11625 0.6096354166666667 0.015833333333333335 0.009895833333333333
6 0.01125 0.6205729166666667 0.015833333333333335 0.009895833333333333
6 0.02875 0.6205729166666667 0.015833333333333335 0.009895833333333333
6 0.04625 0.6205729166666667 0.015833333333333335 0.009895833333333333
6 0.06375 0.6205729166666667 0.015833333333333335 0.009895833333333333
6 0.08125 0.6205729166666667 0.015833333333333335 0.009895833333333333
6 0.09875 0.6205729166666667 0.015833333333333335 0.009895833333333333
6 0.11625 0.6205729166666667 0.015833333333333335 0.009895833333333333
6 0.01125 0.6315104166666666 0.015833333333333335 0.009895833333333333
6 0.02875 0.6315104166666666 0.015833333333333335 0.009895833333333333
6 0.04625 0.6315104166666666 0.015833333333333335 0.009895833333333333
6 0.06375 0.6315104166666666 0.015833333333333335 0.009895833333333333
6 0.08125 0.6315104166666666 0.015833333333333335 0.009895833333333333
6 0.09875 0.6315104166666666 0.015833333333333335 0.009895833333333333
6 0.11625 0.6315104166666666 0.015833333333333335 0.009895833333333333
6 0.13625 0.5658854166666667 0.015833333333333335 0.009895833333333333
6 0.15375 0.5658854166666667 0.015833333333333335 0.009895833333333333
6 0.17125 0.5658854166666667 0.015833333333333335 0.009895833333333333
6 0.18875 0.5658854166666667 0.015833333333333335 0.009895833333333333
6 0.20625 0.5658854166666667 0.015833333333333335 0.009895833333333333
6 0.22375 0.5658854166666667 0.015833333333333335 0.009895833333333333
6 0.24125 0.5658854166666667 0.015833333333333335 0.009895833333333333
6 0.13625 0.5768229166666666 0.015833333333333335 0.009895833333333333
6 0.15375 0.5768229166666666 0.015833333333333335 0.009895833333333333
6 0.17125 0.5768229166666666 0.015833333333333335 0.009895833333333333
6 0.18875 0.5768229166666666 0.015833333333333335 0.009895833333333333
6 0.20625 0.5768229166666666 0.015833333333333335 0.009895833333333333
6 0.22375 0.5768229166666666 0.015833333333333335 0.009895833333333333
6 0.24125 0.5768229166666666 0.015833333333333335 0.009895833333333333
6 0.13625 0.5877604166666667 0.015833333333333335 0.009895833333333333
6 0.15375 0.5877604166666667 0.015833333333333335 0.009895833333333333
6 0.17125 0.5877604166666667 0.015833333333333335 0.009895833333333333
6 0.18875 0.5877604166666667 0.015833333333333335 0.009895833333333333
6 0.20625 0.5877604166666667 0.015833333333333335 0.009895833333333333
6 0.22375 0.5877604166666667 0.015833333333333335 0.009895833333333333
6 0.24125 0.5877604166666667 0.015833333333333335 0.009895833333333333
6 0.13625 0.5986979166666667 0.015833333333333335 0.009895833333333333
6 0.15375 0.5986979166666667 0.015833333333333335 0.009895833333333333
6 0.17125 0.5986979166666667 0.015833333333333335 0.009895833333333333
6 0.18875 0.5986979166666667 0.015833333333333335 0.009895833333333333
6 0.20625 0.5986979166666667 0.015833333333333335 0.009895833333333333
6 0.22375 0.5986979166666667 0.015833333333333335 0.009895833333333333
6 0.24125 0.5986979166666667 0.015833333333333335 0.009895833333333333
6 0.13625 0.6096354166666667 0.015833333333333335 0.009895833333333333
6 0.15375 0.6096354166666667 0.015833333333333335 0.009895833333333333
6 0.17125 0.6096354166666667 0.015833333333333335 0.009895833333333333
6 0.18875 0.6096354166666667 0.015833333333333335 0.009895833333333333
6 0.20625 0.6096354166666667 0.015833333333333335 0.009895833333333333
6 0.22375 0.6096354166666667 0.015833333333333335 0.009895833333333333
6 0.24125 0.6096354166666667 0.015833333333333335 0.009895833333333333
6 0.13625 0.6205729166666667 0.015833333333333335 0.009895833333333333
6 0.15375 0.6205729166666667 0.015833333333333335 0.009895833333333333
6 0.17125 0.6205729166666667 0.015833333333333335 0.009895833333333333
6 0.18875 0.6205729166666667 0.015833333333333335 0.009895833333333333
6 0.20625 0.6205729166666667 0.015833333333333335 0.009895833333333333
6 0.22375 0.6205729166666667 0.015833333333333335 0.009895833333333333
6 0.24125 0.6205729166666667 0.015833333333333335 0.009895833333333333
6 0.13625 0.6315104166666666 0.015833333333333335 0.009895833333333333
6 0.15375 0.6315104166666666 0.015833333333333335 0.009895833333333333
6 0.17125 0.6315104166666666 0.015833333333333335 0.009895833333333333
6 0.18875 0.6315104166666666 0.015833333333333335 0.009895833333333333
6 0.20625 0.6315104166666666 0.015833333333333335 0.009895833333333333
6 0.22375 0.6315104166666666 0.015833333333333335 0.009895833333333333
6 0.24125 0.6315104166666666 0.015833333333333335 0.009895833333333333
6 0.26125 0.5658854166666667 0.015833333333333335 0.009895833333333333
6 0.27875 0.5658854166666667 0.015833333333333335 0.009895833333333333
6 0.29625 0.5658854166666667 0.015833333333333335 0.009895833333333333
6 0.31375 0.5658854166666667 0.015833333333333335 0.009895833333333333
6 0.33125 0.5658854166666667 0.015833333333333335 0.009895833333333333
6 0.34875 0.5658854166666667 0.015833333333333335 0.009895833333333333
6 0.36625 0.5658854166666667 0.015833333333333335 0.009895833333333333
6 0.26125 0.5768229166666666 0.015833333333333335 0.009895833333333333
6 0.27875 0.5768229166666666 0.015833333333333335 0.009895833333333333
6 0.29625 0.5768229166666666 0.015833333333333335 0.009895833333333333
6 0.31375 0.5768229166666666 0.015833333333333335 0.009895833333333333
6 0.33125 0.5768229166666666 0.015833333333333335 0.009895833333333333
6 0.34875 0.5768229166666666 0.015833333333333335 0.009895833333333333
6 0.36625 0.5768229166666666 0.015833333333333335 0.009895833333333333
6 0.26125 0.5877604166666667 0.015833333333333335 0.009895833333333333
6 0.27875 0.5877604166666667 0.015833333333333335 0.009895833333333333
6 0.29625 0.5877604166666667 0.015833333333333335 0.009895833333333333
6 0.31375 0.5877604166666667 0.015833333333333335 0.009895833333333333
6 0.33125 0.5877604166666667 0.015833333333333335 0.009895833333333333
6 0.34875 0.5877604166666667 0.015833333333333335 0.009895833333333333
6 0.36625 0.5877604166666667 0.015833333333333335 0.009895833333333333
6 0.26125 0.5986979166666667 0.015833333333333335 0.009895833333333333
6 0.27875 0.5986979166666667 0.015833333333333335 0.009895833333333333
6 0.29625 0.5986979166666667 0.015833333333333335 0.009895833333333333
6 0.31375 0.5986979166666667 0.015833333333333335 0.009895833333333333
6 0.33125 0.5986979166666667 0.015833333333333335 0.009895833333333333
6 0.34875 0.5986979166666667 0.015833333333333335 0.009895833333333333
6 0.36625 0.5986979166666667 0.015833333333333335 0.009895833333333333
6 0.26125 0.6096354166666667 0.015833333333333335 0.009895833333333333
6 0.27875 0.6096354166666667 0.015833333333333335 0.009895833333333333
6 0.29625 0.6096354166666667 0.015833333333333335 0.009895833333333333
6 0.31375 0.6096354166666667 0.015833333333333335 0.009895833333333333
6 0.33125 0.6096354166666667 0.015833333333333335 0.009895833333333333
6 0.34875 0.6096354166666667 0.015833333333333335 0.009895833333333333
6 0.36625 0.6096354166666667 0.015833333333333335 0.009895833333333333
6 0.26125 0.6205729166666667 0.015833333333333335 0.009895833333333333
6 0.27875 0.6205729166666667 0.015833333333333335 0.009895833333333333
6 0.29625 0.6205729166666667 0.015833333333333335 0.009895833333333333
6 0.31375 0.6205729166666667 0.015833333333333335 0.009895833333333333
6 0.33125 0.6205729166666667 0.015833333333333335 0.009895833333333333
6 0.34875 0.6205729166666667 0.015833333333333335 0.009895833333333333
6 0.36625 0.6205729166666667 0.015833333333333335 0.009895833333333333
6 0.26125 0.6315104166666666 0.015833333333333335 0.009895833333333333
6 0.27875 0.6315104166666666 0.015833333333333335 0.009895833333333333
6 0.29625 0.6315104166666666 0.015833333333333335 0.009895833333333333
6 0.31375 0.6315104166666666 0.015833333333333335 0.009895833333333333
6 0.33125 0.6315104166666666 0.015833333333333335 0.009895833333333333
6 0.34875 0.6315104166666666 0.015833333333333335 0.009895833333333333
6 0.36625 0.6315104166666666 0.015833333333333335 0.009895833333333333
6 0.38625 0.5658854166666667 0.015833333333333335 0.009895833333333333
6 0.40375 0.5658854166666667 0.015833333333333335 0.009895833333333333
6 0.42125 0.5658854166666667 0.015833333333333335 0.009895833333333333
6 0.43875 0.5658854166666667 0.015833333333333335 0.009895833333333333
6 0.45625 0.5658854166666667 0.015833333333333335 0.009895833333333333
6 0.47375 0.5658854166666667 0.015833333333333335 0.009895833333333333
6 0.49125 0.5658854166666667 0.015833333333333335 0.009895833333333333
6 0.38625 0.5768229166666666 0.015833333333333335 0.009895833333333333
6 0.40375 0.5768229166666666 0.015833333333333335 0.009895833333333333
6 0.42125 0.5768229166666666 0.015833333333333335 0.009895833333333333
6 0.43875 0.5768229166666666 0.015833333333333335 0.009895833333333333
6 0.45625 0.5768229166666666 0.015833333333333335 0.009895833333333333
6 0.47375 0.5768229166666666 0.015833333333333335 0.009895833333333333
6 0.49125 0.5768229166666666 0.015833333333333335 0.009895833333333333
6 0.38625 0.5877604166666667 0.015833333333333335 0.009895833333333333
6 0.40375 0.5877604166666667 0.015833333333333335 0.009895833333333333
6 0.42125 0.5877604166666667 0.015833333333333335 0.009895833333333333
6 0.43875 0.5877604166666667 0.015833333333333335 0.009895833333333333
6 0.45625 0.5877604166666667 0.015833333333333335 0.009895833333333333
6 0.47375 0.5877604166666667 0.015833333333333335 0.009895833333333333
6 0.49125 0.5877604166666667 0.015833333333333335 0.009895833333333333
6 0.38625 0.5986979166666667 0.015833333333333335 0.009895833333333333
6 0.40375 0.5986979166666667 0.015833333333333335 0.009895833333333333
6 0.42125 0.5986979166666667 0.015833333333333335 0.009895833333333333
6 0.43875 0.5986979166666667 0.015833333333333335 0.009895833333333333
6 0.45625 0.5986979166666667 0.015833333333333335 0.009895833333333333
6 0.47375 0.5986979166666667 0.015833333333333335 0.009895833333333333
6 0.49125 0.5986979166666667 0.015833333333333335 0.009895833333333333
6 0.38625 0.6096354166666667 0.015833333333333335 0.009895833333333333
6 0.40375 0.6096354166666667 0.015833333333333335 0.009895833333333333
6 0.42125 0.6096354166666667 0.015833333333333335 0.009895833333333333
6 0.43875 0.6096354166666667 0.015833333333333335 0.009895833333333333
6 0.45625 0.6096354166666667 0.015833333333333335 0.009895833333333333
6 0.47375 0.6096354166666667 0.015833333333333335 0.009895833333333333
6 0.49125 0.6096354166666667 0.015833333333333335 0.009895833333333333
6 0.38625 0.6205729166666667 0.015833333333333335 0.009895833333333333
6 0.40375 0.6205729166666667 0.015833333333333335 0.009895833333333333
6 0.42125 0.6205729166666667 0.015833333333333335 0.009895833333333333
6 0.43875 0.6205729166666667 0.015833333333333335 0.009895833333333333
6 0.45625 0.6205729166666667 0.015833333333333335 0.009895833333333333
6 0.47375 0.6205729166666667 0.015833333333333335 0.009895833333333333
6 0.49125 0.6205729166666667 0.015833333333333335 0.009895833333333333
6 0.38625 0.6315104166666666 0.015833333333333335 0.009895833333333333
6 0.40375 0.6315104166666666 0.015833333333333335 0.009895833333333333
6 0.42125 0.6315104166666666 0.015833333333333335 0.009895833333333333
6 0.43875 0.6315104166666666 0.015833333333333335 0.009895833333333333
6 0.45625 0.6315104166666666 0.015833333333333335 0.009895833333333333
6 0.47375 0.6315104166666666 0.015833333333333335 0.009895833333333333
6 0.49125 0.6315104166666666 0.015833333333333335 0.009895833333333333
6 0.51125 0.5658854166666667 0.015833333333333335 0.009895833333333333
6 0.52875 0.5658854166666667 0.015833333333333335 0.009895833333333333
6 0.54625 0.5658854166666667 0.015833333333333335 0.009895833333333333
6 0.56375 0.5658854166666667 0.015833333333333335 0.009895833333333333
6 0.58125 0.5658854166666667 0.015833333333333335 0.009895833333333333
6 0.59875 0.5658854166666667 0.015833333333333335 0.009895833333333333
6 0.61625 0.5658854166666667 0.015833333333333335 0.009895833333333333
6 0.51125 0.5768229166666666 0.015833333333333335 0.009895833333333333
6 0.52875 0.5768229166666666 0.015833333333333335 0.009895833333333333
6 0.54625 0.5768229166666666 0.015833333333333335 0.009895833333333333
6 0.56375 0.5768229166666666 0.015833333333333335 0.009895833333333333
6 0.58125 0.5768229166666666 0.015833333333333335 0.009895833333333333
6 0.59875 0.5768229166666666 0.015833333333333335 0.009895833333333333
6 0.61625 0.5768229166666666 0.015833333333333335 0.009895833333333333
6 0.51125 0.5877604166666667 0.015833333333333335 0.009895833333333333
6 0.52875 0.5877604166666667 0.015833333333333335 0.009895833333333333
6 0.54625 0.5877604166666667 0.015833333333333335 0.009895833333333333
6 0.56375 0.5877604166666667 0.015833333333333335 0.009895833333333333
6 0.58125 0.5877604166666667 0.015833333333333335 0.009895833333333333
6 0.59875 0.5877604166666667 0.015833333333333335 0.009895833333333333
6 0.61625 0.5877604166666667 0.015833333333333335 0.009895833333333333
6 0.51125 0.5986979166666667 0.015833333333333335 0.009895833333333333
6 0.52875 0.5986979166666667 0.015833333333333335 0.009895833333333333
6 0.54625 0.5986979166666667 0.015833333333333335 0.009895833333333333
6 0.56375 0.5986979166666667 0.015833333333333335 0.009895833333333333
6 0.58125 0.5986979166666667 0.015833333333333335 0.009895833333333333
6 0.59875 0.5986979166666667 0.015833333333333335 0.009895833333333333
6 0.61625 0.5986979166666667 0.015833333333333335 0.009895833333333333
6 0.51125 0.6096354166666667 0.015833333333333335 0.009895833333333333
6 0.52875 0.6096354166666667 0.015833333333333335 0.009895833333333333
6 0.54625 0.6096354166666667 0.015833333333333335 0.009895833333333333
6 0.56375 0.6096354166666667 0.015833333333333335 0.009895833333333333
6 0.58125 0.6096354166666667 0.015833333333333335 0.009895833333333333
6 0.59875 0.6096354166666667 0.015833333333333335 0.009895833333333333
6 0.61625 0.6096354166666667 0.015833333333333335 0.009895833333333333
6 0.51125 0.6205729166666667 0.015833333333333335 0.009895833333333333
6 0.52875 0.6205729166666667 0.015833333333333335 0.009895833333333333
6 0.54625 0.6205729166666667 0.015833333333333335 0.009895833333333333
6 0.56375 0.6205729166666667 0.015833333333333335 0.009895833333333333
6 0.58125 0.6205729166666667 0.015833333333333335 0.009895833333333333
6 0.59875 0.6205729166666667 0.015833333333333335 0.009895833333333333
6 0.61625 0.6205729166666667 0.015833333333333335 0.009895833333333333
6 0.51125 0.6315104166666666 0.015833333333333335 0.009895833333333333
6 0.52875 0.6315104166666666 0.015833333333333335 0.009895833333333333
6 0.54625 0.6315104166666666 0.015833333333333335 0.009895833333333333
6 0.56375 0.6315104166666666 0.015833333333333335 0.009895833333333333
6 0.58125 0.6315104166666666 0.015833333333333335 0.009895833333333333
6 0.59875 0.6315104166666666 0.015833333333333335 0.009895833333333333
6 0.61625 0.6315104166666666 0.015833333333333335 0.009895833333333333
6 0.63625 0.5658854166666667 0.015833333333333335 0.009895833333333333
6 0.65375 0.5658854166666667 0.015833333333333335 0.009895833333333333
6 0.67125 0.5658854166666667 0.015833333333333335 0.009895833333333333
6 0.68875 0.5658854166666667 0.015833333333333335 0.009895833333333333
6 0.70625 0.5658854166666667 0.015833333333333335 0.009895833333333333
6 0.72375 0.5658854166666667 0.015833333333333335 0.009895833333333333
6 0.74125 0.5658854166666667 0.015833333333333335 0.009895833333333333
6 0.63625 0.5768229166666666 0.015833333333333335 0.009895833333333333
6 0.65375 0.5768229166666666 0.015833333333333335 0.009895833333333333
6 0.67125 0.5768229166666666 0.015833333333333335 0.009895833333333333
6 0.68875 0.5768229166666666 0.015833333333333335 0.009895833333333333
6 0.70625 0.5768229166666666 0.015833333333333335 0.009895833333333333
6 0.72375 0.5768229166666666 0.015833333333333335 0.009895833333333333
6 0.74125 0.5768229166666666 0.015833333333333335 0.009895833333333333
6 0.63625 0.5877604166666667 0.015833333333333335 0.009895833333333333
6 0.65375 0.5877604166666667 0.015833333333333335 0.009895833333333333
6 0.67125 0.5877604166666667 0.015833333333333335 0.009895833333333333
6 0.68875 0.5877604166666667 0.015833333333333335 0.009895833333333333
6 0.70625 0.5877604166666667 0.015833333333333335 0.009895833333333333
6 0.72375 0.5877604166666667 0.015833333333333335 0.009895833333333333
6 0.74125 0.5877604166666667 0.015833333333333335 0.009895833333333333
6 0.63625 0.5986979166666667 0.015833333333333335 0.009895833333333333
6 0.65375 0.5986979166666667 0.015833333333333335 0.009895833333333333
6 0.67125 0.5986979166666667 0.015833333333333335 0.009895833333333333
6 0.68875 0.5986979166666667 0.015833333333333335 0.009895833333333333
6 0.70625 0.5986979166666667 0.015833333333333335 0.009895833333333333
6 0.72375 0.5986979166666667 0.015833333333333335 0.009895833333333333
6 0.74125 0.5986979166666667 0.015833333333333335 0.009895833333333333
6 0.63625 0.6096354166666667 0.015833333333333335 0.009895833333333333
6 0.65375 0.6096354166666667 0.015833333333333335 0.009895833333333333
6 0.67125 0.6096354166666667 0.015833333333333335 0.009895833333333333
6 0.68875 0.6096354166666667 0.015833333333333335 0.009895833333333333
6 0.70625 0.6096354166666667 0.015833333333333335 0.009895833333333333
6 0.72375 0.6096354166666667 0.015833333333333335 0.009895833333333333
6 0.74125 0.6096354166666667 0.015833333333333335 0.009895833333333333
6 0.63625 0.6205729166666667 0.015833333333333335 0.009895833333333333
6 0.65375 0.6205729166666667 0.015833333333333335 0.009895833333333333
6 0.67125 0.6205729166666667 0.015833333333333335 0.009895833333333333
6 0.68875 0.6205729166666667 0.015833333333333335 0.009895833333333333
6 0.70625 0.6205729166666667 0.015833333333333335 0.009895833333333333
6 0.72375 0.6205729166666667 0.015833333333333335 0.009895833333333333
6 0.74125 0.6205729166666667 0.015833333333333335 0.009895833333333333
6 0.63625 0.6315104166666666 0.015833333333333335 0.009895833333333333
6 0.65375 0.6315104166666666 0.015833333333333335 0.009895833333333333
6 0.67125 0.6315104166666666 0.015833333333333335 0.009895833333333333
6 0.68875 0.6315104166666666 0.015833333333333335 0.009895833333333333
6 0.70625 0.6315104166666666 0.015833333333333335 0.009895833333333333
6 0.72375 0.6315104166666666 0.015833333333333335 0.009895833333333333
6 0.74125 0.6315104166666666 0.015833333333333335 0.009895833333333333
6 0.76125 0.5658854166666667 0.015833333333333335 0.009895833333333333
6 0.77875 0.5658854166666667 0.015833333333333335 0.009895833333333333
6 0.79625 0.5658854166666667 0.015833333333333335 0.009895833333333333
6 0.81375 0.5658854166666667 0.015833333333333335 0.009895833333333333
6 0.83125 0.5658854166666667 0.015833333333333335 0.009895833333333333
6 0.84875 0.5658854166666667 0.015833333333333335 0.009895833333333333
6 0.86625 0.5658854166666667 0.015833333333333335 0.009895833333333333
6 0.76125 0.5768229166666666 0.015833333333333335 0.009895833333333333
6 0.77875 0.5768229166666666 0.015833333333333335 0.009895833333333333
6 0.79625 0.5768229166666666 0.015833333333333335 0.009895833333333333
6 0.81375 0.5768229166666666 0.015833333333333335 0.009895833333333333
6 0.83125 0.5768229166666666 0.015833333333333335 0.009895833333333333
6 0.84875 0.5768229166666666 0.015833333333333335 0.009895833333333333
6 0.86625 0.5768229166666666 0.015833333333333335 0.009895833333333333
6 0.76125 0.5877604166666667 0.015833333333333335 0.009895833333333333
6 0.77875 0.5877604166666667 0.015833333333333335 0.009895833333333333
6 0.79625 0.5877604166666667 0.015833333333333335 0.009895833333333333
6 0.81375 0.5877604166666667 0.015833333333333335 0.009895833333333333
6 0.83125 0.5877604166666667 0.015833333333333335 0.009895833333333333
6 0.84875 0.5877604166666667 0.015833333333333335 0.009895833333333333
6 0.86625 0.5877604166666667 0.015833333333333335 0.009895833333333333
6 0.76125 0.5986979166666667 0.015833333333333335 0.009895833333333333
6 0.77875 0.5986979166666667 0.015833333333333335 0.009895833333333333
6 0.79625 0.5986979166666667 0.015833333333333335 0.009895833333333333
6 0.81375 0.5986979166666667 0.015833333333333335 0.009895833333333333
6 0.83125 0.5986979166666667 0.015833333333333335 0.009895833333333333
6 0.84875 0.5986979166666667 0.015833333333333335 0.009895833333333333
6 0.86625 0.5986979166666667 0.015833333333333335 0.009895833333333333
6 0.76125 0.6096354166666667 0.015833333333333335 0.009895833333333333
6 0.77875 0.6096354166666667 0.015833333333333335 0.009895833333333333
6 0.79625 0.6096354166666667 0.015833333333333335 0.009895833333333333
6 0.81375 0.6096354166666667 0.015833333333333335 0.009895833333333333
6 0.83125 0.6096354166666667 0.015833333333333335 0.009895833333333333
6 0.84875 0.6096354166666667 0.015833333333333335 0.009895833333333333
6 0.86625 0.6096354166666667 0.015833333333333335 0.009895833333333333
6 0.76125 0.6205729166666667 0.015833333333333335 0.009895833333333333
6 0.77875 0.6205729166666667 0.015833333333333335 0.009895833333333333
6 0.79625 0.6205729166666667 0.015833333333333335 0.009895833333333333
6 0.81375 0.6205729166666667 0.015833333333333335 0.009895833333333333
6 0.83125 0.6205729166666667 0.015833333333333335 0.009895833333333333
6 0.84875 0.6205729166666667 0.015833333333333335 0.009895833333333333
6 0.86625 0.6205729166666667 0.015833333333333335 0.009895833333333333
6 0.76125 0.6315104166666666 0.015833333333333335 0.009895833333333333
6 0.77875 0.6315104166666666 0.015833333333333335 0.009895833333333333
6 0.79625 0.6315104166666666 0.015833333333333335 0.009895833333333333
6 0.81375 0.6315104166666666 0.015833333333333335 0.009895833333333333
6 0.83125 0.6315104166666666 0.015833333333333335 0.009895833333333333
6 0.84875 0.6315104166666666 0.015833333333333335 0.009895833333333333
6 0.86625 0.6315104166666666 0.015833333333333335 0.009895833333333333
6 0.88625 0.5658854166666667 0.015833333333333335 0.009895833333333333
6 0.90375 0.5658854166666667 0.015833333333333335 0.009895833333333333
6 0.92125 0.5658854166666667 0.015833333333333335 0.009895833333333333
6 0.93875 0.5658854166666667 0.015833333333333335 0.009895833333333333
6 0.95625 0.5658854166666667 0.015833333333333335 0.009895833333333333
6 0.97375 0.5658854166666667 0.015833333333333335 0.009895833333333333
6 0.99125 0.5658854166666667 0.015833333333333335 0.009895833333333333
6 0.88625 0.5768229166666666 0.015833333333333335 0.009895833333333333
6 0.90375 0.5768229166666666 0.015833333333333335 0.009895833333333333
6 0.92125 0.5768229166666666 0.015833333333333335 0.009895833333333333
6 0.93875 0.5768229166666666 0.015833333333333335 0.009895833333333333
6 0.95625 0.5768229166666666 0.015833333333333335 0.009895833333333333
6 0.97375 0.5768229166666666 0.015833333333333335 0.009895833333333333
6 0.99125 0.5768229166666666 0.015833333333333335 0.009895833333333333
6 0.88625 0.5877604166666667 0.015833333333333335 0.009895833333333333
6 0.90375 0.5877604166666667 0.015833333333333335 0.009895833333333333
6 0.92125 0.5877604166666667 0.015833333333333335 0.009895833333333333
6 0.93875 0.5877604166666667 0.015833333333333335 0.009895833333333333
6 0.95625 0.5877604166666667 0.015833333333333335 0.009895833333333333
6 0.97375 0.5877604166666667 0.015833333333333335 0.009895833333333333
6 0.99125 0.5877604166666667 0.015833333333333335 0.009895833333333333
6 0.88625 0.5986979166666667 0.015833333333333335 0.009895833333333333
6 0.90375 0.5986979166666667 0.015833333333333335 0.009895833333333333
6 0.92125 0.5986979166666667 0.015833333333333335 0.009895833333333333
6 0.93875 0.5986979166666667 0.015833333333333335 0.009895833333333333
6 0.95625 0.5986979166666667 0.015833333333333335 0.009895833333333333
6 0.97375 0.5986979166666667 0.015833333333333335 0.009895833333333333
6 0.99125 0.5986979166666667 0.015833333333333335 0.009895833333333333
6 0.88625 0.6096354166666667 0.015833333333333335 0.009895833333333333
6 0.90375 0.6096354166666667 0.015833333333333335 0.009895833333333333
6 0.92125 0.6096354166666667 0.015833333333333335 0.009895833333333333
6 0.93875 0.6096354166666667 0.015833333333333335 0.009895833333333333
6 0.95625 0.6096354166666667 0.015833333333333335 0.009895833333333333
6 0.97375 0.6096354166666667 0.015833333333333335 0.009895833333333333
6 0.99125 0.6096354166666667 0.015833333333333335 0.009895833333333333
6 0.88625 0.6205729166666667 0.015833333333333335 0.009895833333333333
6 0.90375 0.6205729166666667 0.015833333333333335 0.009895833333333333
6 0.92125 0.6205729166666667 0.015833333333333335 0.009895833333333333
6 0.93875 0.6205729166666667 0.015833333333333335 0.009895833333333333
6 0.95625 0.6205729166666667 0.015833333333333335 0.009895833333333333
6 0.97375 0.6205729166666667 0.015833333333333335 0.009895833333333333
6 0.99125 0.6205729166666667 0.015833333333333335 0.009895833333333333
6 0.88625 0.6315104166666666 0.015833333333333335 0.009895833333333333
6 0.90375 0.6315104166666666 0.015833333333333335 0.009895833333333333
6 0.92125 0.6315104166666666 0.015833333333333335 0.009895833333333333
6 0.93875 0.6315104166666666 0.015833333333333335 0.009895833333333333
6 0.95625 0.6315104166666666 0.015833333333333335 0.009895833333333333
6 0.97375 0.6315104166666666 0.015833333333333335 0.009895833333333333
6 0.99125 0.6315104166666666 0.015833333333333335 0.009895833333333333
6 0.9391666666666667 0.5895833333333333 0.018333333333333333 0.011458333333333333
6 0.9708333333333333 0.5859375 0.043333333333333335 0.011458333333333333
6 0.9333333333333333 0.609375 0.018333333333333333 0.027083333333333334
6 0.9391666666666667 0.6291666666666667 0.018333333333333333 0.011458333333333333
6 0.9708333333333333 0.609375 0.055 0.034375
13 0.9708333333333333 0.5958333333333333 0.04833333333333333 0.003125
13 0.9708333333333333 0.5989583333333334 0.04833333333333333 0.003125
6 0.9708333333333333 0.6197916666666666 0.005 0.003125
6 0.9708333333333333 0.6328125 0.043333333333333335 0.011458333333333333
6 0.06333333333333334 0.9265625 0.12 0.042708333333333334
5 0.06333333333333334 0.9265625 0.12 0.042708333333333334
6 0.18666666666666668 0.9265625 0.12333333333333334 0.042708333333333334
5 0.18666666666666668 0.9265625 0.12333333333333334 0.042708333333333334
6 0.31166666666666665 0.9265625 0.12333333333333334 0.042708333333333334
5 0.31166666666666665 0.9265625 0.12333333333333334 0.042708333333333334
6 0.43666666666666665 0.9265625 0.12333333333333334 0.042708333333333334
5 0.43666666666666665 0.9265625 0.12333333333333334 0.042708333333333334
6 0.5616666666666666 0.9265625 0.12333333333333334 0.042708333333333334
5 0.5616666666666666 0.9265625 0.12333333333333334 0.042708333333333334
6 0.6866666666666666 0.9265625 0.12333333333333334 0.042708333333333334
5 0.6866666666666666 0.9265625 0.12333333333333334 0.042708333333333334
6 0.8116666666666666 0.9265625 0.12333333333333334 0.042708333333333334
5 0.8116666666666666 0.9265625 0.12333333333333334 0.042708333333333334
6 0.9358333333333333 0.9265625 0.12166666666666667 0.042708333333333334
5 0.9358333333333333 0.9265625 0.12166666666666667 0.042708333333333334