6 0.075 0.230859375 0.1025 0.08828125
6 0.0725 0.453515625 0.105 0.08046875
6 0.07375 0.6734375 0.11 0.090625
6 0.07625 0.89296875 0.1125 0.0921875
5 0.845625 0.366015625 0.03875 0.02578125
5 0.896875 0.364453125 0.03625 0.02734375
5 0.94875 0.366015625 0.0375 0.03046875
5 0.735 0.051171875 0.0625 0.03203125
5 0.840625 0.049609375 0.06125 0.03046875
5 0.94875 0.051953125 0.0475 0.02890625
5 0.043125 0.05078125 0.04875 0.0265625
13 0.095625 0.148046875 0.09875 0.02421875
13 0.90625 0.14765625 0.0975 0.0234375
6 0.97625 0.146875 0.0275 0.0234375
6 0.023125 0.148828125 0.03625 0.02578125
5 0.845625 0.804296875 0.04125 0.02421875
5 0.894375 0.6921875 0.04125 0.0265625
5 0.9475 0.914453125 0.0475 0.03046875
13 0.193125 0.54140625 0.11375 0.0234375
13 0.339375 0.5765625 0.41125 0.0375
13 0.1625 0.211328125 0.0625 0.02890625
13 0.285 0.248046875 0.305 0.03828125
13 0.308125 0.100390625 0.08125 0.02578125
13 0.21875 0.759375 0.175 0.0265625