13 0.5008333333333334 0.05390625 0.07666666666666666 0.024479166666666666
13 0.25833333333333336 0.10598958333333333 0.15 0.028645833333333332
13 0.7541666666666667 0.10598958333333333 0.08 0.0359375
13 0.26125 0.17994791666666668 0.2975 0.0328125
13 0.17541666666666667 0.31588541666666664 0.13916666666666666 0.0296875
13 0.06541666666666666 0.31484375 0.0525 0.0234375
13 0.06458333333333334 0.17838541666666666 0.04416666666666667 0.0296875
13 0.26416666666666666 0.45078125 0.32166666666666666 0.0296875
13 0.2920833333333333 0.7190104166666667 0.3625 0.030729166666666665
13 0.29875 0.85234375 0.3725 0.03177083333333333
13 0.06458333333333334 0.58359375 0.05416666666666667 0.025520833333333333
13 0.19125 0.5888020833333333 0.14416666666666667 0.0296875
13 0.1625 0.36432291666666666 0.26 0.018229166666666668
13 0.16083333333333333 0.7705729166666667 0.26666666666666666 0.0234375
5 0.9604166666666667 0.05546875 0.050833333333333335 0.03697916666666667