5 0.06015625 0.05546875 0.09296875 0.05859375
13 0.32734375 0.05546875 0.38828125 0.028125
7 0.73359375 0.05546875 0.053125 0.03359375
13 0.8 0.05546875 0.0796875 0.05
13 0.8796875 0.05546875 0.0796875 0.05
6 0.953125 0.05546875 0.06640625 0.05
13 0.0765625 0.109375 0.15234375 0.05078125
13 0.22578125 0.109375 0.14609375 0.05078125
13 0.3796875 0.109375 0.16328125 0.05078125
13 0.52890625 0.109375 0.13515625 0.05078125
13 0.05703125 0.1625 0.0609375 0.02265625
13 0.0859375 0.19296875 0.06796875 0.028125
13 0.06953125 0.253125 0.08515625 0.02265625
13 0.09375 0.28359375 0.084375 0.028125
13 0.1453125 0.34296875 0.23671875 0.02265625
13 0.23984375 0.3734375 0.3765625 0.028125
13 0.5 0.93046875 1 0.03984375