13 0.2015625 0.1125 0.08125 0.02734375
13 0.13671875 0.0609375 0.21640625 0.0328125
13 0.79609375 0.1140625 0.15234375 0.0234375
13 0.32734375 0.15625 0.25 0.02734375
13 0.2390625 0.2015625 0.075 0.02578125
13 0.28359375 0.265625 0.15234375 0.02734375
13 0.434375 0.49140625 0.47109375 0.0265625
13 0.246875 0.540625 0.0984375 0.02734375
13 0.3484375 0.659375 0.2984375 0.02109375
13 0.2828125 0.7671875 0.15 0.02578125
13 0.24375 0.8765625 0.08984375 0.02421875
13 0.4390625 0.915625 0.3953125 0.015625
6 0.0984375 0.1828125 0.1515625 0.06875
6 0.0984375 0.5625 0.17109375 0.66015625
6 0.709375 0.9234375 0.09140625 0.03828125
5 0.78671875 0.0578125 0.0734375 0.04609375
5 0.865625 0.0578125 0.0359375 0.04140625
5 0.946875 0.0640625 0.0609375 0.046875