5 0.06015625 0.059375 0.09296875 0.06640625
6 0.13359375 0.059375 0.00078125 0.00078125
13 0.7703125 0.059375 0.0796875 0.05
13 0.85 0.059375 0.0796875 0.05
6 0.93828125 0.059375 0.05703125 0.03515625
13 0.40234375 0.12578125 0.16484375 0.01953125
13 0.60234375 0.12578125 0.15390625 0.01953125
13 0.5 0.1796875 1 0.03984375
6 0.5 0.3046875 0.946875 0.17734375
13 0.4640625 0.4078125 0.85859375 0.025
13 0.9328125 0.4109375 0.06484375 0.0171875
6 0.11171875 0.43359375 0.153125 0.01796875
13 0.24453125 0.43359375 0.09609375 0.0171875
13 0.5 0.45546875 0.9296875 0.01875
13 0.09609375 0.47734375 0.121875 0.0171875
13 0.22109375 0.47734375 0.1015625 0.0171875
13 0.32109375 0.47734375 0.071875 0.0171875
6 0.5 0.6015625 0.946875 0.17734375
13 0.4640625 0.7046875 0.85859375 0.025
13 0.9328125 0.7078125 0.06484375 0.0171875
6 0.11171875 0.73046875 0.153125 0.01796875
13 0.2390625 0.73046875 0.08515625 0.0171875
13 0.5 0.75234375 0.9296875 0.01875
13 0.09609375 0.77421875 0.121875 0.0171875
13 0.22109375 0.77421875 0.1015625 0.0171875
13 0.32109375 0.77421875 0.071875 0.0171875
6 0.5 0.8984375 0.946875 0.17734375