13 0.16833333333333333 0.13151041666666666 0.16666666666666666 0.022395833333333334
13 0.14708333333333334 0.17317708333333334 0.1075 0.027604166666666666
13 0.20041666666666666 0.21171875 0.2075 0.0171875
13 0.18625 0.25234375 0.18916666666666668 0.022395833333333334
13 0.12875 0.04453125 0.1175 0.0234375
13 0.8958333333333334 0.04453125 0.18333333333333332 0.019270833333333334
6 0.032916666666666664 0.08203125 0.049166666666666664 0.034895833333333334
6 0.23708333333333334 0.08307291666666666 0.04583333333333333 0.027604166666666666
6 0.09958333333333333 0.08463541666666667 0.03916666666666667 0.028645833333333332
6 0.44625 0.08307291666666666 0.0425 0.027604166666666666
6 0.5820833333333333 0.08307291666666666 0.0425 0.0296875
6 0.7179166666666666 0.08567708333333333 0.04416666666666667 0.028645833333333332
6 0.7854166666666667 0.08567708333333333 0.04416666666666667 0.028645833333333332
6 0.5129166666666667 0.08411458333333334 0.04583333333333333 0.027604166666666666