13 0.16796875 0.13125 0.16640625 0.02265625
13 0.146875 0.1734375 0.1078125 0.02734375
13 0.20078125 0.21171875 0.2078125 0.0171875
13 0.1859375 0.25234375 0.1890625 0.02265625
13 0.12890625 0.04453125 0.1171875 0.0234375
13 0.89609375 0.04453125 0.18359375 0.01953125
6 0.0328125 0.08203125 0.04921875 0.03515625
6 0.23671875 0.0828125 0.04609375 0.02734375
6 0.09921875 0.084375 0.0390625 0.02890625
6 0.44609375 0.0828125 0.0421875 0.02734375
6 0.58203125 0.0828125 0.0421875 0.0296875
6 0.71796875 0.0859375 0.04453125 0.02890625
6 0.78515625 0.0859375 0.04453125 0.02890625
6 0.51328125 0.084375 0.04609375 0.02734375