5 0.06015625 0.059375 0.09296875 0.06640625
6 0.13359375 0.059375 0.00078125 0.00078125
13 0.946875 0.059375 0.0796875 0.05
13 0.46015625 0.115625 0.88671875 0.02578125
13 0.9515625 0.11484375 0.06328125 0.0234375
13 0.27265625 0.1390625 0.5453125 0.021875
13 0.02421875 0.1671875 0.01484375 0.02265625
13 0.51171875 0.1671875 0.94296875 0.02109375
13 0.41328125 0.2265625 0.79296875 0.02265625
6 0.83671875 0.2265625 0.053125 0.03359375
13 0.896875 0.2265625 0.05 0.02578125
6 0.95703125 0.2265625 0.053125 0.03359375
13 0.13515625 0.2984375 0.23671875 0.02265625
13 0.9734375 0.2984375 0.01953125 0.028125
13 0.05234375 0.36796875 0.07109375 0.02265625
0 0.86796875 0.36796875 0.07578125 0.0390625
0 0.9453125 0.36796875 0.07578125 0.0390625
13 0.5 0.43515625 0.26796875 0.02265625
0 0.5 0.92109375 1 0.05859375