5 0.06 0.059375 0.09333333333333334 0.06666666666666667
3 0.5533333333333333 0.059375 0.84 0.05
3 0.45666666666666667 0.12604166666666666 0.8866666666666667 0.05
6 0.8633333333333333 0.12604166666666666 0.07333333333333333 0.04583333333333333
5 0.9466666666666667 0.12604166666666666 0.08 0.05
13 0.13125 0.1671875 0.2625 0.03229166666666667
13 0.8358333333333333 0.1671875 0.13333333333333333 0.03229166666666667
6 0.9445833333333333 0.17083333333333334 0.07083333333333333 0.03958333333333333
13 0.12583333333333332 0.22239583333333332 0.18666666666666668 0.019791666666666666
6 0.08583333333333333 0.3 0.10666666666666667 0.06666666666666667
13 0.22833333333333333 0.275 0.15166666666666667 0.020833333333333332
13 0.24416666666666667 0.29348958333333336 0.18333333333333332 0.0171875
13 0.56 0.3125 0.815 0.016666666666666666
13 0.56 0.32916666666666666 0.815 0.016666666666666666
6 0.08583333333333333 0.40520833333333334 0.10666666666666667 0.06666666666666667
13 0.2175 0.3802083333333333 0.13 0.020833333333333332
6 0.21833333333333332 0.39895833333333336 0.13166666666666665 0.016666666666666666
13 0.34 0.39869791666666665 0.11166666666666666 0.0171875
13 0.52375 0.39869791666666665 0.25583333333333336 0.0171875
13 0.56 0.41770833333333335 0.815 0.016666666666666666
6 0.08583333333333333 0.50625 0.10666666666666667 0.06666666666666667
13 0.33875 0.48125 0.3725 0.020833333333333332
13 0.25625 0.49973958333333335 0.2075 0.0171875
13 0.56 0.51875 0.815 0.016666666666666666
13 0.56 0.5354166666666667 0.815 0.016666666666666666