5 0.06015625 0.059375 0.09296875 0.06640625
6 0.18828125 0.059375 0.096875 0.025
6 0.93359375 0.059375 0.03984375 0.025
13 0.46015625 0.11953125 0.83984375 0.05390625
5 0.9203125 0.11953125 0.0796875 0.05
13 0.10546875 0.19296875 0.13203125 0.03359375
13 0.24765625 0.19296875 0.11171875 0.03359375
13 0.41328125 0.19296875 0.17890625 0.03359375
13 0.6078125 0.19296875 0.1703125 0.03359375
13 0.49921875 0.2375 0.615625 0.02265625
0 0.36015625 0.28203125 0.26640625 0.05
0 0.63984375 0.28203125 0.26640625 0.05
13 0.153125 0.34609375 0.22578125 0.028125
0 0.92734375 0.34609375 0.10546875 0.05
6 0.18671875 0.4765625 0.253125 0.15859375
13 0.18671875 0.578125 0.253125 0.01953125
13 0.10078125 0.603125 0.08203125 0.02265625
13 0.1421875 0.6234375 0.1640625 0.0171875
6 0.4796875 0.4765625 0.253125 0.15859375
13 0.4796875 0.578125 0.253125 0.01953125
13 0.4015625 0.603125 0.096875 0.02265625
13 0.43515625 0.6234375 0.1640625 0.0171875
6 0.7734375 0.4765625 0.253125 0.15859375
13 0.7734375 0.578125 0.253125 0.01953125
13 0.6953125 0.603125 0.096875 0.02265625
13 0.7359375 0.6234375 0.17890625 0.0171875
6 0.96953125 0.47578125 0.0609375 0.1578125
13 0.96953125 0.57734375 0.0609375 0.0203125
13 0.96953125 0.60234375 0.0609375 0.0234375
13 0.96953125 0.62265625 0.0609375 0.0171875
13 0.1703125 0.7 0.2609375 0.028125
0 0.92734375 0.7 0.10546875 0.05
13 0.11953125 0.796875 0.04140625 0.0640625
13 0.2609375 0.78515625 0.1625 0.02265625
13 0.24375 0.81015625 0.12734375 0.01953125
6 0.6546875 0.79765625 0.1734375 0.10859375
6 0.84140625 0.79765625 0.1734375 0.10859375
13 0.11953125 0.93125 0.04140625 0.0640625
13 0.29296875 0.91953125 0.22578125 0.02265625
13 0.24375 0.94453125 0.12734375 0.01953125
6 0.6546875 0.93203125 0.1734375 0.10859375
6 0.84140625 0.93203125 0.1734375 0.10859375