5 0.06 0.059375 0.09333333333333334 0.06666666666666667
6 0.18833333333333332 0.059375 0.09666666666666666 0.025
6 0.9333333333333333 0.059375 0.04 0.025
13 0.46 0.11979166666666667 0.84 0.05416666666666667
5 0.92 0.11979166666666667 0.08 0.05
13 0.10583333333333333 0.19270833333333334 0.13166666666666665 0.03333333333333333
13 0.2475 0.19270833333333334 0.11166666666666666 0.03333333333333333
13 0.41291666666666665 0.19270833333333334 0.17916666666666667 0.03333333333333333
13 0.6075 0.19270833333333334 0.17 0.03333333333333333
13 0.4995833333333333 0.23723958333333334 0.6158333333333333 0.022395833333333334
0 0.36 0.28177083333333336 0.26666666666666666 0.05
0 0.64 0.28177083333333336 0.26666666666666666 0.05
13 0.15291666666666667 0.3458333333333333 0.22583333333333333 0.028125
0 0.9270833333333334 0.3458333333333333 0.10583333333333333 0.05
6 0.18666666666666668 0.4765625 0.25333333333333335 0.15833333333333333
13 0.18666666666666668 0.578125 0.25333333333333335 0.019791666666666666
13 0.10083333333333333 0.6033854166666667 0.08166666666666667 0.022395833333333334
13 0.14208333333333334 0.6231770833333333 0.16416666666666666 0.0171875
6 0.48 0.4765625 0.25333333333333335 0.15833333333333333
13 0.48 0.578125 0.25333333333333335 0.019791666666666666
13 0.40166666666666667 0.6033854166666667 0.09666666666666666 0.022395833333333334
13 0.4354166666666667 0.6231770833333333 0.16416666666666666 0.0171875
6 0.7733333333333333 0.4765625 0.25333333333333335 0.15833333333333333
13 0.7733333333333333 0.578125 0.25333333333333335 0.019791666666666666
13 0.695 0.6033854166666667 0.09666666666666666 0.022395833333333334
13 0.73625 0.6231770833333333 0.17916666666666667 0.0171875
6 0.97 0.4765625 0.06 0.15833333333333333
13 0.97 0.578125 0.06 0.019791666666666666
13 0.97 0.6033854166666667 0.06 0.022395833333333334
13 0.97 0.6231770833333333 0.06 0.0171875
13 0.17041666666666666 0.7 0.2608333333333333 0.028125
0 0.9270833333333334 0.7 0.10583333333333333 0.05
13 0.11916666666666667 0.7971354166666667 0.041666666666666664 0.0640625
13 0.26125 0.78515625 0.1625 0.022395833333333334
13 0.24375 0.8104166666666667 0.1275 0.019791666666666666
6 0.655 0.7973958333333333 0.17333333333333334 0.10833333333333334
6 0.8416666666666667 0.7973958333333333 0.17333333333333334 0.10833333333333334
13 0.11916666666666667 0.9315104166666667 0.041666666666666664 0.0640625
13 0.29291666666666666 0.91953125 0.22583333333333333 0.022395833333333334
13 0.24375 0.9447916666666667 0.1275 0.019791666666666666
6 0.655 0.9317708333333333 0.17333333333333334 0.10833333333333334
6 0.8416666666666667 0.9317708333333333 0.17333333333333334 0.10833333333333334