5 0.06015625 0.059375 0.09296875 0.06640625
13 0.22578125 0.059375 0.17109375 0.028125
13 0.83984375 0.059375 0.0796875 0.05
6 0.93359375 0.059375 0.03984375 0.025
13 0.103125 0.12578125 0.20546875 0.06640625
0 0.38828125 0.12578125 0.36171875 0.06640625
0 0.703125 0.12578125 0.26796875 0.06640625
0 0.91953125 0.12578125 0.1609375 0.06640625
6 0.1703125 0.24921875 0.26015625 0.1625
13 0.65703125 0.2265625 0.66015625 0.03984375
13 0.3671875 0.26484375 0.08203125 0.01953125
13 0.359375 0.2828125 0.065625 0.0171875
6 0.14296875 0.425 0.26015625 0.1625
13 0.6296875 0.4109375 0.66015625 0.040625
13 0.340625 0.44921875 0.08203125 0.01953125
6 0.1703125 0.60703125 0.26015625 0.1625
13 0.65703125 0.59296875 0.66015625 0.03984375
13 0.3671875 0.628125 0.08203125 0.01953125
6 0.14296875 0.78671875 0.26015625 0.1625
13 0.6296875 0.7640625 0.66015625 0.03984375
13 0.340625 0.80234375 0.08203125 0.01953125
13 0.3546875 0.8203125 0.11015625 0.0171875
6 0.1703125 0.940625 0.26015625 0.11875
13 0.65703125 0.93984375 0.66015625 0.021875