5 0.06 0.059375 0.09333333333333334 0.06666666666666667
13 0.22541666666666665 0.059375 0.17083333333333334 0.028125
13 0.84 0.059375 0.08 0.05
6 0.9333333333333333 0.059375 0.04 0.025
13 0.10291666666666667 0.12604166666666666 0.20583333333333334 0.06666666666666667
0 0.3883333333333333 0.12604166666666666 0.3616666666666667 0.06666666666666667
0 0.7033333333333334 0.12604166666666666 0.2683333333333333 0.06666666666666667
0 0.9195833333333333 0.12604166666666666 0.16083333333333333 0.06666666666666667
6 0.17 0.24895833333333334 0.26 0.1625
13 0.6566666666666666 0.22630208333333332 0.66 0.04010416666666667
13 0.3675 0.26458333333333334 0.08166666666666667 0.019791666666666666
13 0.3595833333333333 0.2830729166666667 0.06583333333333333 0.0171875
6 0.14333333333333334 0.425 0.26 0.1625
13 0.63 0.4109375 0.66 0.040625
13 0.3408333333333333 0.44947916666666665 0.08166666666666667 0.019791666666666666
6 0.17 0.6072916666666667 0.26 0.1625
13 0.6566666666666666 0.59296875 0.66 0.04010416666666667
13 0.3675 0.628125 0.08166666666666667 0.019791666666666666
6 0.14333333333333334 0.7864583333333334 0.26 0.1625
13 0.63 0.7638020833333333 0.66 0.04010416666666667
13 0.3408333333333333 0.8020833333333334 0.08166666666666667 0.019791666666666666
13 0.355 0.8205729166666667 0.11 0.0171875
6 0.17 0.940625 0.26 0.11875
13 0.6566666666666666 0.9395833333333333 0.66 0.021875