5 0.75390625 0.0609375 0.08984375 0.05078125
5 0.90703125 0.0640625 0.0859375 0.04609375
5 0.9359375 0.9140625 0.07890625 0.05546875
3 0.359375 0.06328125 0.63359375 0.0609375
13 0.23046875 0.2109375 0.16875 0.0375
13 0.278125 0.2484375 0.2640625 0.02421875
13 0.71953125 0.234375 0.18359375 0.06875
13 0.71484375 0.35 0.1953125 0.04140625
13 0.73515625 0.4703125 0.1421875 0.04921875
13 0.74296875 0.578125 0.13359375 0.04765625
13 0.7015625 0.70078125 0.22265625 0.05625
13 0.73203125 0.8171875 0.14609375 0.0671875
13 0.31484375 0.346875 0.35 0.0703125
13 0.2765625 0.578125 0.2625 0.07421875
13 0.2921875 0.6984375 0.2984375 0.06796875
13 0.22265625 0.7953125 0.15234375 0.03515625
13 0.28046875 0.83046875 0.26875 0.0234375
13 0.9171875 0.33125 0.13984375 0.08203125
13 0.05703125 0.23203125 0.06640625 0.0296875
13 0.2015625 0.1375 0.1546875 0.03203125
13 0.6265625 0.1359375 0.0953125 0.0375
13 0.06015625 0.46171875 0.0796875 0.0390625
13 0.05703125 0.6921875 0.05625 0.0390625
13 0.05546875 0.92734375 0.06640625 0.0328125