5 0.06015625 0.059375 0.09296875 0.06640625
13 0.184375 0.059375 0.10234375 0.028125
6 0.5 0.32734375 0.8484375 0.21171875
3 0.5 0.47734375 0.8484375 0.046875
3 0.5 0.54453125 0.8484375 0.046875
3 0.5 0.6125 0.8484375 0.046875
3 0.5 0.68046875 0.8484375 0.046875
13 0.5 0.72421875 0.8484375 0.01953125
0 0.5 0.79609375 0.8484375 0.05
6 0.06328125 0.12421875 0.1 0.04140625
13 0.14921875 0.1234375 0.071875 0.0171875
6 0.06328125 0.18671875 0.1 0.04140625
13 0.16484375 0.18671875 0.103125 0.0171875
6 0.06328125 0.25 0.1 0.04140625
13 0.159375 0.25 0.0921875 0.0171875