13 0.15859375 0.0578125 0.1078125 0.0328125
13 0.6671875 0.115625 0.0671875 0.02578125
13 0.39765625 0.1140625 0.09765625 0.02734375
13 0.93046875 0.115625 0.1140625 0.02734375
13 0.1359375 0.1140625 0.1609375 0.02734375
5 0.06171875 0.0578125 0.0515625 0.0265625
5 0.92890625 0.06015625 0.05234375 0.0328125
6 0.4265625 0.77265625 0.7859375 0.153125
6 0.90390625 0.2046875 0.16015625 0.08046875
6 0.90234375 0.296875 0.16484375 0.0796875
6 0.90390625 0.39375 0.16015625 0.07734375
6 0.903125 0.5109375 0.1640625 0.05546875
6 0.9046875 0.5953125 0.1703125 0.0765625
13 0.34609375 0.3921875 0.68984375 0.03046875
13 0.2484375 0.48125 0.47734375 0.0265625
13 0.36875 0.5953125 0.7125 0.01484375
13 0.10234375 0.6640625 0.1953125 0.02421875
13 0.3859375 0.278125 0.76484375 0.0234375
13 0.3890625 0.18125 0.76484375 0.02734375
13 0.1796875 0.93359375 0.075 0.0203125
6 0.3421875 0.909375 0.0609375 0.03203125
6 0.50078125 0.9125 0.05625 0.02734375
6 0.6578125 0.91171875 0.0515625 0.0328125
6 0.81796875 0.92109375 0.0515625 0.0203125