5 0.06 0.059375 0.09333333333333334 0.06041666666666667
13 0.16541666666666666 0.05625 0.10416666666666667 0.028125
13 0.88 0.059375 0.08 0.05
6 0.9533333333333334 0.059375 0.06666666666666667 0.05
13 0.4995833333333333 0.115625 0.17416666666666666 0.028125
6 0.25 0.303125 0.5 0.3125
13 0.25 0.44869791666666664 0.49666666666666665 0.021354166666666667
6 0.75 0.303125 0.5 0.3125
13 0.75 0.44869791666666664 0.49666666666666665 0.021354166666666667
6 0.25 0.6177083333333333 0.5 0.3125
13 0.25 0.76328125 0.49666666666666665 0.021354166666666667
6 0.75 0.6177083333333333 0.5 0.3125
13 0.75 0.76328125 0.49666666666666665 0.021354166666666667
6 0.25 0.8880208333333334 0.5 0.22395833333333334
6 0.75 0.8880208333333334 0.5 0.22395833333333334