5 0.321875 0.921484375 0.09375 0.05546875
5 0.47625 0.920703125 0.075 0.04765625
5 0.6575 0.919921875 0.095 0.05390625
13 0.446875 0.028125 0.41125 0.040625
0 0.714375 0.0265625 0.08875 0.0421875
6 0.50375 0.217578125 0.9725 0.31640625
13 0.675625 0.7796875 0.18875 0.0265625
13 0.69875 0.846875 0.22 0.0265625
6 0.523125 0.779296875 0.09125 0.05703125
6 0.525625 0.851953125 0.08625 0.05390625
11 0.16875 0.863671875 0.185 0.03515625
13 0.141875 0.919140625 0.13625 0.03828125
13 0.858125 0.92421875 0.24625 0.034375