5 0.321875 0.921875 0.09375 0.05546875
5 0.4765625 0.9203125 0.075 0.04765625
5 0.6578125 0.9203125 0.0953125 0.05390625
13 0.446875 0.028125 0.4109375 0.040625
0 0.7140625 0.0265625 0.0890625 0.0421875
6 0.50390625 0.2171875 0.97265625 0.31640625
13 0.67578125 0.7796875 0.1890625 0.0265625
13 0.6984375 0.846875 0.2203125 0.0265625
6 0.5234375 0.7796875 0.09140625 0.05703125
6 0.52578125 0.8515625 0.0859375 0.05390625
11 0.16875 0.8640625 0.18515625 0.03515625
13 0.1421875 0.91875 0.1359375 0.03828125
13 0.8578125 0.92421875 0.24609375 0.034375