5 0.06 0.059375 0.09333333333333334 0.058333333333333334
13 0.23375 0.05520833333333333 0.20083333333333334 0.021875
13 0.9425 0.059375 0.08833333333333333 0.05
13 0.13041666666666665 0.10260416666666666 0.2608333333333333 0.036458333333333336
13 0.60125 0.10416666666666667 0.6641666666666667 0.014583333333333334
13 0.48 0.14869791666666668 0.8933333333333333 0.019270833333333334
1 0.9466666666666667 0.14895833333333333 0.03333333333333333 0.020833333333333332
13 0.10958333333333334 0.1953125 0.21916666666666668 0.036458333333333336
13 0.5804166666666667 0.196875 0.7058333333333333 0.014583333333333334
6 0.050833333333333335 0.24166666666666667 0.035 0.016666666666666666
13 0.5058333333333334 0.24140625 0.8416666666666667 0.019270833333333334
1 0.9466666666666667 0.24166666666666667 0.03333333333333333 0.020833333333333332
6 0.050833333333333335 0.29791666666666666 0.035 0.019791666666666666
13 0.5058333333333334 0.29765625 0.8416666666666667 0.019270833333333334
1 0.9466666666666667 0.29791666666666666 0.03333333333333333 0.020833333333333332
6 0.050833333333333335 0.3541666666666667 0.035 0.019791666666666666
13 0.5058333333333334 0.35390625 0.8416666666666667 0.019270833333333334
1 0.9466666666666667 0.3541666666666667 0.03333333333333333 0.020833333333333332
13 0.42625 0.9151041666666667 0.16416666666666666 0.06979166666666667
13 0.5670833333333334 0.9151041666666667 0.0975 0.06979166666666667