13 0.0925 0.07421875 0.08 0.034375
13 0.09375 0.212890625 0.075 0.03828125
13 0.09375 0.3484375 0.075 0.0359375
13 0.095625 0.480859375 0.07625 0.03046875
13 0.090625 0.61484375 0.07125 0.0265625
13 0.115625 0.75 0.12875 0.0296875
13 0.0975 0.8828125 0.09 0.0375
1 0.88125 0.078515625 0.0625 0.03515625
1 0.88 0.146484375 0.055 0.03515625
1 0.886875 0.28046875 0.05625 0.034375
1 0.88125 0.3453125 0.065 0.04375
1 0.885 0.412109375 0.06 0.03828125
1 0.881875 0.48359375 0.04625 0.0296875
1 0.88375 0.550390625 0.0575 0.03203125
1 0.880625 0.6140625 0.05625 0.0328125
1 0.885 0.21015625 0.06 0.0359375
1 0.884375 0.67734375 0.04375 0.0328125
1 0.880625 0.75 0.05625 0.0359375
1 0.884375 0.818359375 0.06125 0.03828125
1 0.8825 0.880859375 0.065 0.03203125