13 0.0921875 0.07421875 0.0796875 0.034375
13 0.09375 0.2125 0.075 0.03828125
13 0.09375 0.3484375 0.075 0.0359375
13 0.0953125 0.48125 0.0765625 0.03046875
13 0.090625 0.61484375 0.07109375 0.0265625
13 0.115625 0.75 0.12890625 0.0296875
13 0.09765625 0.8828125 0.08984375 0.0375
1 0.88125 0.078125 0.0625 0.03515625
1 0.8796875 0.146875 0.0546875 0.03515625
1 0.88671875 0.28046875 0.05625 0.034375
1 0.88125 0.3453125 0.06484375 0.04375
1 0.88515625 0.4125 0.06015625 0.03828125
1 0.88203125 0.48359375 0.04609375 0.0296875
1 0.88359375 0.55 0.0578125 0.03203125
1 0.88046875 0.6140625 0.05625 0.0328125
1 0.88515625 0.21015625 0.06015625 0.0359375
1 0.884375 0.67734375 0.04375 0.0328125
1 0.88046875 0.75 0.05625 0.0359375
1 0.884375 0.81875 0.0609375 0.03828125
1 0.8828125 0.88125 0.06484375 0.03203125