5 0.0796875 0.06640625 0.05390625 0.03671875
5 0.91953125 0.06640625 0.0609375 0.04375
13 0.2828125 0.06796875 0.31328125 0.03203125
13 0.15390625 0.28046875 0.16171875 0.05859375
13 0.37578125 0.50703125 0.16328125 0.05703125
13 0.5984375 0.72890625 0.1765625 0.05703125
13 0.81171875 0.27265625 0.16328125 0.04609375
6 0.60859375 0.1875 0.1796875 0.11953125
6 0.3875 0.18671875 0.18671875 0.11171875
6 0.60859375 0.4078125 0.18359375 0.11796875
6 0.82734375 0.6359375 0.178125 0.115625
6 0.16953125 0.63671875 0.18203125 0.11015625
6 0.3890625 0.86015625 0.18671875 0.11015625
5 0.25703125 0.2640625 0.02734375 0.0265625
5 0.47265625 0.26328125 0.03046875 0.0265625
5 0.6953125 0.4875 0.02421875 0.02578125
5 0.915625 0.490625 0.034375 0.02734375
5 0.2546875 0.7140625 0.0328125 0.03046875
13 0.13828125 0.9359375 0.1421875 0.02421875