0 0.50078125 0.553125 0.33828125 0.07265625
0 0.88359375 0.90546875 0.20234375 0.07890625
13 0.29375 0.06484375 0.1328125 0.059375
13 0.5703125 0.06328125 0.3078125 0.05703125
13 0.5015625 0.125 0.359375 0.0265625
13 0.50859375 0.4046875 0.16640625 0.03203125
13 0.490625 0.47578125 0.6484375 0.04609375
13 0.37421875 0.20546875 0.69765625 0.03515625
13 0.5015625 0.32421875 0.95078125 0.06484375
13 0.5015625 0.66640625 0.95390625 0.10703125
13 0.4109375 0.8375 0.6359375 0.02578125
1 0.05390625 0.8359375 0.06328125 0.03828125