13 0.50234375 0.12421875 0.51484375 0.04140625
13 0.36171875 0.05625 0.61953125 0.02578125
13 0.4984375 0.43359375 0.9796875 0.15078125
13 0.1640625 0.25625 0.31796875 0.03046875
13 0.1421875 0.32734375 0.27734375 0.0296875
13 0.1015625 0.56640625 0.19921875 0.02734375
13 0.32265625 0.678125 0.6390625 0.03203125
13 0.37578125 0.78984375 0.7484375 0.03359375
13 0.16328125 0.8671875 0.31640625 0.0328125
5 0.8453125 0.0578125 0.06796875 0.03671875
5 0.946875 0.0578125 0.02734375 0.03515625
5 0.021875 0.06015625 0.03046875 0.0328125