13 0.5025 0.12395833333333334 0.515 0.041666666666666664
13 0.3620833333333333 0.05651041666666667 0.6191666666666666 0.025520833333333333
13 0.49833333333333335 0.43385416666666665 0.98 0.15104166666666666
13 0.16416666666666666 0.2565104166666667 0.31833333333333336 0.030729166666666665
13 0.14208333333333334 0.32734375 0.2775 0.0296875
13 0.10125 0.56640625 0.19916666666666666 0.027604166666666666
13 0.3229166666666667 0.6778645833333333 0.6391666666666667 0.03177083333333333
13 0.37583333333333335 0.78984375 0.7483333333333333 0.033854166666666664
13 0.16333333333333333 0.8669270833333333 0.31666666666666665 0.0328125
5 0.845 0.05807291666666667 0.06833333333333333 0.03697916666666667
5 0.9470833333333334 0.05807291666666667 0.0275 0.034895833333333334
5 0.022083333333333333 0.06015625 0.030833333333333334 0.0328125