5 0.06015625 0.059375 0.09296875 0.06640625
13 0.2109375 0.059375 0.15546875 0.028125
6 0.953125 0.059375 0.06640625 0.05
6 0.2828125 0.11015625 0.03984375 0.025
13 0.375 0.11015625 0.128125 0.01953125
6 0.52578125 0.11015625 0.03984375 0.025
13 0.65 0.11015625 0.175 0.01953125
13 0.1109375 0.1453125 0.1890625 0.02421875
13 0.05546875 0.165625 0.078125 0.0171875
13 0.04921875 0.1890625 0.06484375 0.01796875
13 0.1578125 0.18828125 0.11953125 0.0171875
6 0.96328125 0.15703125 0.03984375 0.025
13 0.92578125 0.178125 0.115625 0.0171875
13 0.10234375 0.22109375 0.17109375 0.02421875
13 0.06953125 0.2421875 0.1046875 0.0171875
13 0.04921875 0.26484375 0.06484375 0.01796875
13 0.1578125 0.2640625 0.11953125 0.0171875
6 0.96328125 0.2328125 0.03984375 0.025
13 0.92578125 0.25390625 0.115625 0.0171875
13 0.24296875 0.29765625 0.45234375 0.02421875
13 0.10234375 0.31796875 0.171875 0.0171875
13 0.04921875 0.340625 0.06484375 0.01796875
13 0.1578125 0.340625 0.11953125 0.0171875
6 0.96328125 0.30859375 0.03984375 0.025
13 0.92578125 0.3296875 0.115625 0.0171875
13 0.24921875 0.3734375 0.465625 0.02421875
13 0.0859375 0.39375 0.1390625 0.0171875
13 0.04921875 0.4171875 0.06484375 0.01796875
13 0.1578125 0.41640625 0.11953125 0.0171875
6 0.96328125 0.38515625 0.03984375 0.025
13 0.92578125 0.40625 0.115625 0.0171875
13 0.29609375 0.44921875 0.55859375 0.02421875
13 0.078125 0.4703125 0.1234375 0.0171875
13 0.04921875 0.49296875 0.06484375 0.01796875
13 0.1578125 0.4921875 0.11953125 0.0171875
6 0.96328125 0.4609375 0.03984375 0.025
13 0.92578125 0.48203125 0.115625 0.0171875
13 0.30546875 0.52578125 0.578125 0.02421875
13 0.0703125 0.54609375 0.1078125 0.0171875
13 0.04921875 0.56875 0.06484375 0.01796875
13 0.1578125 0.56875 0.11953125 0.0171875
6 0.96328125 0.53671875 0.03984375 0.025
13 0.92578125 0.5578125 0.115625 0.0171875
13 0.34609375 0.6015625 0.65859375 0.02421875
13 0.06015625 0.621875 0.0875 0.0171875
13 0.04921875 0.6453125 0.06484375 0.01796875
13 0.1578125 0.64453125 0.11953125 0.0171875
6 0.96328125 0.61328125 0.03984375 0.025
13 0.92578125 0.634375 0.115625 0.0171875
13 0.365625 0.67734375 0.6984375 0.02421875
13 0.084375 0.6984375 0.13515625 0.0171875
13 0.04921875 0.72109375 0.06484375 0.01796875
13 0.1578125 0.7203125 0.11953125 0.0171875
6 0.96328125 0.6890625 0.03984375 0.025
13 0.92578125 0.71015625 0.115625 0.0171875
13 0.2140625 0.75390625 0.3953125 0.02421875
13 0.08671875 0.77421875 0.13984375 0.0171875
13 0.04921875 0.796875 0.06484375 0.01796875
13 0.1578125 0.796875 0.11953125 0.0171875
6 0.96328125 0.76484375 0.03984375 0.025
13 0.92578125 0.7859375 0.115625 0.0171875
13 0.4296875 0.8296875 0.8265625 0.02421875
13 0.06640625 0.85 0.09921875 0.0171875
13 0.04921875 0.8734375 0.06484375 0.01796875
13 0.1578125 0.87265625 0.11953125 0.0171875
6 0.96328125 0.84140625 0.03984375 0.025
13 0.92578125 0.8625 0.115625 0.0171875
13 0.40234375 0.90546875 0.77109375 0.02421875
13 0.1 0.9265625 0.16640625 0.0171875
13 0.04921875 0.94921875 0.06484375 0.01796875
13 0.1578125 0.9484375 0.11953125 0.0171875
6 0.96328125 0.9171875 0.03984375 0.025
13 0.92578125 0.93828125 0.115625 0.0171875