5 0.06 0.059375 0.09333333333333334 0.06666666666666667
13 0.21125 0.059375 0.15583333333333332 0.028125
6 0.9533333333333334 0.059375 0.06666666666666667 0.05
6 0.2825 0.11041666666666666 0.04 0.025
13 0.375 0.11041666666666666 0.12833333333333333 0.019791666666666666
6 0.5258333333333334 0.11041666666666666 0.04 0.025
13 0.65 0.11041666666666666 0.175 0.019791666666666666
13 0.11125 0.1453125 0.18916666666666668 0.023958333333333335
13 0.05583333333333333 0.16588541666666667 0.07833333333333334 0.0171875
13 0.049166666666666664 0.18880208333333334 0.065 0.018229166666666668
13 0.15791666666666668 0.18828125 0.11916666666666667 0.0171875
6 0.9633333333333334 0.15677083333333333 0.04 0.025
13 0.9254166666666667 0.17786458333333333 0.11583333333333333 0.0171875
13 0.10208333333333333 0.22135416666666666 0.17083333333333334 0.023958333333333335
13 0.06916666666666667 0.24192708333333332 0.105 0.0171875
13 0.049166666666666664 0.26484375 0.065 0.018229166666666668
13 0.15791666666666668 0.2643229166666667 0.11916666666666667 0.0171875
6 0.9633333333333334 0.2328125 0.04 0.025
13 0.9254166666666667 0.25390625 0.11583333333333333 0.0171875
13 0.24291666666666667 0.29739583333333336 0.4525 0.023958333333333335
13 0.1025 0.31796875 0.17166666666666666 0.0171875
13 0.049166666666666664 0.34088541666666666 0.065 0.018229166666666668
13 0.15791666666666668 0.34036458333333336 0.11916666666666667 0.0171875
6 0.9633333333333334 0.30885416666666665 0.04 0.025
13 0.9254166666666667 0.3299479166666667 0.11583333333333333 0.0171875
13 0.24958333333333332 0.3734375 0.4658333333333333 0.023958333333333335
13 0.08625 0.39401041666666664 0.13916666666666666 0.0171875
13 0.049166666666666664 0.41692708333333334 0.065 0.018229166666666668
13 0.15791666666666668 0.41640625 0.11916666666666667 0.0171875
6 0.9633333333333334 0.3848958333333333 0.04 0.025
13 0.9254166666666667 0.40598958333333335 0.11583333333333333 0.0171875
13 0.29583333333333334 0.44947916666666665 0.5583333333333333 0.023958333333333335
13 0.07833333333333334 0.4700520833333333 0.12333333333333334 0.0171875
13 0.049166666666666664 0.49296875 0.065 0.018229166666666668
13 0.15791666666666668 0.49244791666666665 0.11916666666666667 0.0171875
6 0.9633333333333334 0.4609375 0.04 0.025
13 0.9254166666666667 0.48203125 0.11583333333333333 0.0171875
13 0.30583333333333335 0.5255208333333333 0.5783333333333334 0.023958333333333335
13 0.07041666666666667 0.54609375 0.1075 0.0171875
13 0.049166666666666664 0.5690104166666666 0.065 0.018229166666666668
13 0.15791666666666668 0.5684895833333333 0.11916666666666667 0.0171875
6 0.9633333333333334 0.5369791666666667 0.04 0.025
13 0.9254166666666667 0.5580729166666667 0.11583333333333333 0.0171875
13 0.3458333333333333 0.6015625 0.6583333333333333 0.023958333333333335
13 0.06041666666666667 0.6221354166666667 0.0875 0.0171875
13 0.049166666666666664 0.6450520833333333 0.065 0.018229166666666668
13 0.15791666666666668 0.64453125 0.11916666666666667 0.0171875
6 0.9633333333333334 0.6130208333333333 0.04 0.025
13 0.9254166666666667 0.6341145833333334 0.11583333333333333 0.0171875
13 0.36583333333333334 0.6776041666666667 0.6983333333333334 0.023958333333333335
13 0.08416666666666667 0.6981770833333333 0.135 0.0171875
13 0.049166666666666664 0.72109375 0.065 0.018229166666666668
13 0.15791666666666668 0.7205729166666667 0.11916666666666667 0.0171875
6 0.9633333333333334 0.6890625 0.04 0.025
13 0.9254166666666667 0.71015625 0.11583333333333333 0.0171875
13 0.21416666666666667 0.7536458333333333 0.395 0.023958333333333335
13 0.08666666666666667 0.77421875 0.14 0.0171875
13 0.049166666666666664 0.7971354166666667 0.065 0.018229166666666668
13 0.15791666666666668 0.7966145833333333 0.11916666666666667 0.0171875
6 0.9633333333333334 0.7651041666666667 0.04 0.025
13 0.9254166666666667 0.7861979166666667 0.11583333333333333 0.0171875
13 0.43 0.8296875 0.8266666666666667 0.023958333333333335
13 0.06625 0.8502604166666666 0.09916666666666667 0.0171875
13 0.049166666666666664 0.8731770833333333 0.065 0.018229166666666668
13 0.15791666666666668 0.87265625 0.11916666666666667 0.0171875
6 0.9633333333333334 0.8411458333333334 0.04 0.025
13 0.9254166666666667 0.8622395833333333 0.11583333333333333 0.0171875
13 0.40208333333333335 0.9057291666666667 0.7708333333333334 0.023958333333333335
13 0.1 0.9263020833333333 0.16666666666666666 0.0171875
13 0.049166666666666664 0.94921875 0.065 0.018229166666666668
13 0.15791666666666668 0.9486979166666667 0.11916666666666667 0.0171875
6 0.9633333333333334 0.9171875 0.04 0.025
13 0.9254166666666667 0.93828125 0.11583333333333333 0.0171875