13 0.125 0.1390625 0.21640625 0.053125
13 0.125 0.190625 0.21640625 0.05
13 0.125 0.240625 0.21640625 0.05
13 0.125 0.290625 0.21640625 0.05
13 0.125 0.340625 0.21640625 0.05
13 0.125 0.390625 0.21640625 0.05
13 0.125 0.440625 0.21640625 0.05
13 0.125 0.490625 0.21640625 0.05
13 0.125 0.540625 0.21640625 0.05
0 0.12421875 0.659375 0.2484375 0.0625
0 0.12578125 0.72734375 0.2484375 0.0625
13 0.125 0.8421875 0.25 0.06328125
6 0.44765625 0.09921875 0.328125 0.05390625
6 0.71796875 0.09921875 0.16328125 0.07109375
13 0.8515625 0.0890625 0.0890625 0.028125
13 0.8734375 0.11328125 0.13359375 0.01953125
6 0.29140625 0.19765625 0.05 0.05234375
13 0.4171875 0.19765625 0.184375 0.05234375
7 0.625 0.24921875 0.0796875 0.05
7 0.625 0.29921875 0.0796875 0.05
7 0.625 0.34921875 0.0796875 0.05
7 0.625 0.39921875 0.0796875 0.05
7 0.625 0.44921875 0.0796875 0.05
7 0.625 0.49921875 0.0796875 0.05
7 0.625 0.54921875 0.0796875 0.05
7 0.625 0.59921875 0.0796875 0.05
7 0.625 0.64921875 0.0796875 0.05
7 0.625 0.69921875 0.0796875 0.05