13 0.125 0.1390625 0.21666666666666667 0.053125
13 0.125 0.190625 0.21666666666666667 0.05
13 0.125 0.240625 0.21666666666666667 0.05
13 0.125 0.290625 0.21666666666666667 0.05
13 0.125 0.340625 0.21666666666666667 0.05
13 0.125 0.390625 0.21666666666666667 0.05
13 0.125 0.440625 0.21666666666666667 0.05
13 0.125 0.490625 0.21666666666666667 0.05
13 0.125 0.540625 0.21666666666666667 0.05
0 0.12416666666666666 0.659375 0.24833333333333332 0.0625
0 0.12583333333333332 0.7270833333333333 0.24833333333333332 0.0625
13 0.125 0.8421875 0.25 0.06354166666666666
6 0.4475 0.09895833333333333 0.3283333333333333 0.05416666666666667
6 0.7183333333333334 0.09895833333333333 0.16333333333333333 0.07083333333333333
13 0.85125 0.0890625 0.08916666666666667 0.028125
13 0.8733333333333333 0.11302083333333333 0.13333333333333333 0.019791666666666666
6 0.2916666666666667 0.19791666666666666 0.05 0.052083333333333336
13 0.4170833333333333 0.19791666666666666 0.18416666666666667 0.052083333333333336
7 0.625 0.24895833333333334 0.08 0.05
7 0.625 0.2989583333333333 0.08 0.05
7 0.625 0.3489583333333333 0.08 0.05
7 0.625 0.39895833333333336 0.08 0.05
7 0.625 0.44895833333333335 0.08 0.05
7 0.625 0.49895833333333334 0.08 0.05
7 0.625 0.5489583333333333 0.08 0.05
7 0.625 0.5989583333333334 0.08 0.05
7 0.625 0.6489583333333333 0.08 0.05
7 0.625 0.6989583333333333 0.08 0.05