5 0.0625 0.05703125 0.0525 0.0359375
5 0.861875 0.0609375 0.05625 0.0390625
5 0.95125 0.059375 0.065 0.046875
6 0.5275 0.428515625 0.055 0.67578125
13 0.603125 0.110546875 0.08125 0.03828125
13 0.608125 0.15546875 0.07625 0.034375
13 0.644375 0.366796875 0.15875 0.03828125
13 0.64625 0.4921875 0.16 0.040625
13 0.6125 0.702734375 0.09 0.03828125
13 0.658125 0.609765625 0.17625 0.01796875
13 0.376875 0.30234375 0.20875 0.0390625
13 0.361875 0.572265625 0.24125 0.08515625
13 0.363125 0.2 0.24625 0.0390625
13 0.235 0.055859375 0.2225 0.03046875
13 0.35875 0.915234375 0.2275 0.03203125
6 0.035 0.116015625 0.0575 0.04140625
6 0.1475 0.13828125 0.1275 0.0171875