5 0.06 0.059375 0.09333333333333334 0.06666666666666667
13 0.5066666666666667 0.059375 0.7466666666666667 0.028125
13 0.9466666666666667 0.059375 0.08 0.05
6 0.5 0.30104166666666665 1 0.4166666666666667
13 0.5 0.45703125 1 0.021354166666666667
0 0.255 0.5427083333333333 0.48333333333333334 0.05
0 0.745 0.5427083333333333 0.48333333333333334 0.05
0 0.255 0.596875 0.48333333333333334 0.05
0 0.745 0.596875 0.48333333333333334 0.05
13 0.4195833333333333 0.65703125 0.8058333333333333 0.0453125
13 0.9029166666666667 0.65703125 0.16083333333333333 0.0453125
6 0.37916666666666665 0.8192708333333333 0.3 0.21875
13 0.37916666666666665 0.9489583333333333 0.3 0.040625
6 0.7041666666666667 0.8192708333333333 0.3 0.21875
13 0.7041666666666667 0.9489583333333333 0.3 0.040625
6 0.9395833333333333 0.8192708333333333 0.12083333333333333 0.21875
13 0.9395833333333333 0.94921875 0.12083333333333333 0.04114583333333333
6 0.5 0.84765625 1 0.3046875
6 0.5 0.321875 1 0.4583333333333333
13 0.37625 0.5919270833333333 0.7091666666666666 0.05260416666666667
13 0.87125 0.5822916666666667 0.2475 0.019791666666666666
13 0.5 0.6255208333333333 0.9566666666666667 0.014583333333333334
6 0.11083333333333334 0.6682291666666667 0.17833333333333334 0.05
13 0.11083333333333334 0.6997395833333333 0.17833333333333334 0.013020833333333334
13 0.11083333333333334 0.7127604166666667 0.17833333333333334 0.013020833333333334
6 0.30583333333333335 0.6682291666666667 0.17833333333333334 0.05
13 0.30583333333333335 0.6997395833333333 0.17833333333333334 0.013020833333333334
13 0.30583333333333335 0.7127604166666667 0.17833333333333334 0.013020833333333334
6 0.5008333333333334 0.6682291666666667 0.17833333333333334 0.05
13 0.5008333333333334 0.7052083333333333 0.17833333333333334 0.023958333333333335
6 0.6954166666666667 0.6682291666666667 0.1775 0.05
13 0.6954166666666667 0.7052083333333333 0.1775 0.023958333333333335
0 0.8895833333333333 0.6682291666666667 0.1775 0.05
13 0.37625 0.7630208333333334 0.7425 0.05625
13 0.87125 0.7630208333333334 0.2475 0.05625
6 0.08625 0.8223958333333333 0.1625 0.020833333333333332
13 0.5729166666666666 0.82265625 0.8108333333333333 0.021354166666666667
6 0.08625 0.8640625 0.1625 0.020833333333333332
13 0.5729166666666666 0.8643229166666667 0.8108333333333333 0.021354166666666667
6 0.08625 0.9057291666666667 0.1625 0.020833333333333332
13 0.5729166666666666 0.9059895833333333 0.8108333333333333 0.021354166666666667
6 0.08625 0.9473958333333333 0.1625 0.020833333333333332
13 0.5729166666666666 0.94765625 0.8108333333333333 0.021354166666666667
6 0.9408333333333333 0.5890625 0.10833333333333334 0.06770833333333333