5 0.06015625 0.059375 0.09296875 0.06640625
13 0.50703125 0.059375 0.746875 0.028125
13 0.946875 0.059375 0.0796875 0.05
6 0.5 0.30078125 1 0.41640625
13 0.5 0.45703125 1 0.02109375
0 0.2546875 0.54296875 0.48359375 0.05
0 0.7453125 0.54296875 0.48359375 0.05
0 0.2546875 0.596875 0.48359375 0.05
0 0.7453125 0.596875 0.48359375 0.05
13 0.41953125 0.65703125 0.80546875 0.0453125
13 0.903125 0.65703125 0.1609375 0.0453125
6 0.37890625 0.81953125 0.3 0.21875
13 0.37890625 0.94921875 0.3 0.040625
6 0.70390625 0.81953125 0.3 0.21875
13 0.70390625 0.94921875 0.3 0.040625
6 0.9390625 0.81875 0.121875 0.21875
13 0.9390625 0.9484375 0.121875 0.040625
6 0.5 0.84765625 1 0.3046875
6 0.5 0.321875 1 0.45859375
13 0.3765625 0.5921875 0.709375 0.05234375
13 0.87109375 0.58203125 0.24765625 0.01953125
13 0.5 0.62578125 0.95703125 0.01484375
6 0.1109375 0.66796875 0.178125 0.05
13 0.1109375 0.7 0.178125 0.01328125
13 0.1109375 0.7125 0.178125 0.01328125
6 0.30546875 0.66796875 0.178125 0.05
13 0.30546875 0.7 0.178125 0.01328125
13 0.30546875 0.7125 0.178125 0.01328125
6 0.50078125 0.66796875 0.178125 0.05
13 0.50078125 0.70546875 0.178125 0.02421875
6 0.6953125 0.66796875 0.17734375 0.05
13 0.6953125 0.70546875 0.17734375 0.02421875
0 0.88984375 0.66796875 0.17734375 0.05
13 0.3765625 0.76328125 0.7421875 0.05625
13 0.87109375 0.76328125 0.24765625 0.05625
6 0.0859375 0.82265625 0.1625 0.02109375
13 0.57265625 0.82265625 0.8109375 0.02109375
6 0.0859375 0.8640625 0.1625 0.02109375
13 0.57265625 0.8640625 0.8109375 0.02109375
6 0.0859375 0.90546875 0.1625 0.02109375
13 0.57265625 0.90625 0.8109375 0.02109375
6 0.0859375 0.94765625 0.1625 0.02109375
13 0.57265625 0.94765625 0.8109375 0.02109375
6 0.940625 0.5890625 0.10859375 0.06796875