6 0.060833333333333336 0.059895833333333336 0.04 0.025
13 0.5133333333333333 0.059895833333333336 0.8183333333333334 0.041666666666666664
6 0.9433333333333334 0.059895833333333336 0.041666666666666664 0.041666666666666664
13 0.14791666666666667 0.059375 0.2425 0.028125
13 0.9466666666666667 0.059375 0.08 0.05
6 0.5 0.30572916666666666 1 0.4166666666666667
13 0.5 0.46171875 1 0.021354166666666667
0 0.255 0.5473958333333333 0.48333333333333334 0.05
0 0.745 0.5473958333333333 0.48333333333333334 0.05
0 0.255 0.6015625 0.48333333333333334 0.05
0 0.745 0.6015625 0.48333333333333334 0.05
13 0.4195833333333333 0.66171875 0.8058333333333333 0.0453125
13 0.9029166666666667 0.66171875 0.16083333333333333 0.0453125
6 0.37916666666666665 0.8239583333333333 0.3 0.21875
13 0.37916666666666665 0.9536458333333333 0.3 0.040625
6 0.7041666666666667 0.8239583333333333 0.3 0.21875
13 0.7041666666666667 0.9536458333333333 0.3 0.040625
6 0.9395833333333333 0.8239583333333333 0.12083333333333333 0.21875
13 0.9395833333333333 0.95390625 0.12083333333333333 0.04114583333333333
6 0.5 0.85 1 0.3