13 0.206875 0.261328125 0.16125 0.03515625
13 0.25125 0.332421875 0.255 0.03203125
13 0.208125 0.403515625 0.15875 0.02890625
13 0.17625 0.474609375 0.1 0.03046875
13 0.198125 0.54609375 0.14125 0.0296875
13 0.230625 0.6171875 0.19875 0.0375
13 0.2375 0.058984375 0.255 0.04140625
13 0.505625 0.109375 0.20625 0.01875
13 0.856875 0.159765625 0.21375 0.02421875
13 0.1675 0.15859375 0.175 0.0171875
5 0.949375 0.05546875 0.07125 0.040625
5 0.05625 0.0578125 0.0575 0.034375
6 0.068125 0.260546875 0.08625 0.04765625
6 0.07 0.33203125 0.075 0.05
6 0.070625 0.4046875 0.08625 0.059375
6 0.071875 0.4796875 0.07625 0.05625
6 0.073125 0.547265625 0.07875 0.05234375
6 0.07125 0.622265625 0.085 0.05546875
7 0.5025 0.133984375 0.93 0.02109375