6 0.0609375 0.06015625 0.03984375 0.025
13 0.51328125 0.06015625 0.81796875 0.04140625
6 0.94296875 0.06015625 0.04140625 0.04140625
13 0.16328125 0.059375 0.2734375 0.028125
13 0.93984375 0.059375 0.09296875 0.05
6 0.5 0.30546875 1 0.41640625
13 0.5 0.46171875 1 0.02109375
0 0.2546875 0.54765625 0.48359375 0.05
0 0.7453125 0.54765625 0.48359375 0.05
0 0.2546875 0.6015625 0.48359375 0.05
0 0.7453125 0.6015625 0.48359375 0.05
13 0.41953125 0.66171875 0.80546875 0.0453125
13 0.903125 0.66171875 0.1609375 0.0453125
6 0.37890625 0.82421875 0.3 0.21875
13 0.37890625 0.9453125 0.3 0.02421875
6 0.70390625 0.82421875 0.3 0.21875
13 0.70390625 0.9453125 0.3 0.02421875
6 0.9390625 0.8234375 0.121875 0.21875
13 0.9390625 0.94453125 0.121875 0.0234375
6 0.5 0.85 1 0.3