13 0.70625 0.21171875 0.565 0.0703125
13 0.495625 0.355859375 0.94375 0.12109375
13 0.69125 0.721484375 0.5975 0.07421875
13 0.488125 0.833984375 0.95125 0.08203125
13 0.50375 0.91328125 0.1175 0.034375
13 0.43 0.067578125 0.6025 0.05078125
5 0.070625 0.062890625 0.08625 0.03828125
5 0.8 0.061328125 0.09 0.05390625
5 0.92625 0.0640625 0.095 0.059375
5 0.614375 0.127734375 0.08875 0.04921875
5 0.38625 0.13203125 0.09 0.046875
5 0.936875 0.13046875 0.07875 0.05
5 0.09875 0.912890625 0.105 0.05234375
5 0.3 0.912109375 0.1125 0.04765625
5 0.7075 0.912890625 0.0975 0.05546875
5 0.90375 0.915234375 0.11 0.05078125