13 0.70625 0.21171875 0.56484375 0.0703125
13 0.4953125 0.35625 0.94375 0.12109375
13 0.69140625 0.721875 0.59765625 0.07421875
13 0.48828125 0.834375 0.9515625 0.08203125
13 0.50390625 0.91328125 0.1171875 0.034375
13 0.4296875 0.0671875 0.60234375 0.05078125
5 0.0703125 0.0625 0.0859375 0.03828125
5 0.8 0.0609375 0.08984375 0.05390625
5 0.9265625 0.0640625 0.0953125 0.059375
5 0.6140625 0.128125 0.0890625 0.04921875
5 0.3859375 0.13203125 0.08984375 0.046875
5 0.93671875 0.13046875 0.07890625 0.05
5 0.0984375 0.9125 0.1046875 0.05234375
5 0.3 0.9125 0.1125 0.04765625
5 0.7078125 0.9125 0.09765625 0.05546875
5 0.90390625 0.915625 0.11015625 0.05078125