13 0.279375 0.13984375 0.17875 0.0265625
13 0.230625 0.290625 0.06625 0.0265625
13 0.313125 0.44375 0.24125 0.034375
13 0.28625 0.598828125 0.185 0.02890625
13 0.263125 0.748046875 0.15125 0.03203125
13 0.09875 0.05625 0.1425 0.0296875
13 0.371875 0.900390625 0.71375 0.08515625
0 0.93875 0.905078125 0.1125 0.07109375
5 0.721875 0.057421875 0.04875 0.03046875
5 0.8025 0.06015625 0.06 0.0328125
5 0.883125 0.0609375 0.06625 0.034375
5 0.951875 0.061328125 0.03875 0.03515625
5 0.895 0.780859375 0.1175 0.06796875