5 0.0640625 0.059375 0.0671875 0.03515625
13 0.93984375 0.059375 0.08984375 0.02421875
13 0.2796875 0.05703125 0.3171875 0.0328125
13 0.05546875 0.134375 0.09375 0.03046875
13 0.13125 0.190625 0.2328125 0.02734375
13 0.071875 0.3109375 0.1265625 0.03203125
13 0.50390625 0.24140625 0.22734375 0.0296875
13 0.11015625 0.5625 0.20234375 0.0234375
13 0.10078125 0.4921875 0.17109375 0.02890625
13 0.05078125 0.7 0.0609375 0.02421875
13 0.084375 0.90625 0.1515625 0.03046875
13 0.6546875 0.7484375 0.1 0.03203125
0 0.14296875 0.38125 0.27890625 0.05546875
6 0.50234375 0.4046875 0.08984375 0.05390625