5 0.06015625 0.059375 0.09296875 0.06640625
13 0.29765625 0.059375 0.328125 0.028125
13 0.93984375 0.059375 0.09296875 0.05
6 0.5 0.30078125 1 0.41640625
13 0.5 0.45703125 1 0.02109375
0 0.2546875 0.54296875 0.48359375 0.05
0 0.7453125 0.54296875 0.48359375 0.05
0 0.2546875 0.596875 0.48359375 0.05
0 0.7453125 0.596875 0.48359375 0.05
13 0.41953125 0.65703125 0.80546875 0.0453125
13 0.903125 0.65703125 0.1609375 0.0453125
6 0.37890625 0.81953125 0.3 0.21875
13 0.37890625 0.94921875 0.3 0.040625
6 0.70390625 0.81953125 0.3 0.21875
13 0.70390625 0.94921875 0.3 0.040625
6 0.9390625 0.81875 0.121875 0.21875
13 0.9390625 0.9484375 0.121875 0.040625
6 0.5 0.84765625 1 0.3046875
6 0.16875 0.20546875 0.30546875 0.20859375
13 0.16875 0.33515625 0.27265625 0.05234375
13 0.14453125 0.371875 0.2234375 0.02109375
13 0.14453125 0.39296875 0.2234375 0.02109375
13 0.284375 0.38203125 0.0578125 0.04140625
6 0.49921875 0.20546875 0.30546875 0.20859375
13 0.49921875 0.33515625 0.27265625 0.05234375
13 0.475 0.371875 0.2234375 0.02109375
13 0.475 0.39296875 0.2234375 0.02109375
13 0.615625 0.38203125 0.0578125 0.04140625
6 0.83046875 0.20546875 0.30703125 0.20859375
13 0.83046875 0.33515625 0.2734375 0.05234375
13 0.80625 0.371875 0.22421875 0.02109375
13 0.80625 0.39296875 0.22421875 0.02109375
13 0.946875 0.38203125 0.0578125 0.04140625
6 0.16875 0.534375 0.30546875 0.20859375
13 0.16875 0.66484375 0.27265625 0.05234375
13 0.14453125 0.70078125 0.2234375 0.02109375
13 0.14453125 0.721875 0.2234375 0.02109375
13 0.284375 0.71171875 0.0578125 0.04140625
6 0.49921875 0.534375 0.30546875 0.20859375
13 0.49921875 0.66484375 0.27265625 0.05234375
13 0.475 0.70078125 0.2234375 0.02109375
13 0.475 0.721875 0.2234375 0.02109375
13 0.615625 0.71171875 0.0578125 0.04140625
6 0.83046875 0.534375 0.30703125 0.20859375
13 0.83046875 0.66484375 0.2734375 0.05234375
13 0.80625 0.70078125 0.22421875 0.02109375
13 0.80625 0.721875 0.22421875 0.02109375
13 0.946875 0.71171875 0.0578125 0.04140625
6 0.16875 0.86328125 0.30546875 0.20859375
6 0.49921875 0.86328125 0.30546875 0.20859375
6 0.83046875 0.86328125 0.30703125 0.20859375
6 0.5 0.321875 1 0.45859375
13 0.3765625 0.5796875 0.709375 0.028125
13 0.87109375 0.58203125 0.24765625 0.01953125
13 0.5 0.60078125 0.95703125 0.01484375
6 0.1109375 0.64375 0.178125 0.05
13 0.1109375 0.675 0.178125 0.01328125
13 0.1109375 0.68828125 0.178125 0.01328125
6 0.30546875 0.64375 0.178125 0.05
13 0.30546875 0.675 0.178125 0.01328125
13 0.30546875 0.68828125 0.178125 0.01328125
6 0.50078125 0.64375 0.178125 0.05
13 0.50078125 0.68046875 0.178125 0.02421875
6 0.6953125 0.64375 0.17734375 0.05
13 0.6953125 0.68046875 0.17734375 0.02421875
0 0.88984375 0.64375 0.17734375 0.05
13 0.3765625 0.73828125 0.7421875 0.05625
13 0.87109375 0.73828125 0.24765625 0.05625
6 0.0859375 0.79765625 0.1625 0.02109375
13 0.57265625 0.7984375 0.8109375 0.02109375
6 0.0859375 0.83984375 0.1625 0.02109375
13 0.57265625 0.83984375 0.8109375 0.02109375
6 0.0859375 0.88125 0.1625 0.02109375
13 0.57265625 0.88125 0.8109375 0.02109375
6 0.0859375 0.92265625 0.1625 0.02109375
13 0.57265625 0.9234375 0.8109375 0.02109375
6 0.940625 0.5890625 0.10859375 0.06796875