6 0.50078125 0.3125 0.96640625 0.44296875
5 0.0421875 0.0578125 0.07109375 0.04453125
5 0.9390625 0.0546875 0.075 0.04765625
13 0.2546875 0.5703125 0.49140625 0.03515625
13 0.91796875 0.5921875 0.10390625 0.03515625
13 0.2921875 0.6734375 0.43515625 0.02421875
13 0.38828125 0.7421875 0.63359375 0.0328125
13 0.49921875 0.85703125 0.13125 0.034375
13 0.646875 0.85625 0.13125 0.03046875
13 0.7375 0.7953125 0.12265625 0.02890625
13 0.1609375 0.79296875 0.1140625 0.034375
6 0.040625 0.6703125 0.04609375 0.0296875
6 0.040625 0.70625 0.04375 0.0265625
6 0.3546875 0.7984375 0.04609375 0.02578125
6 0.64296875 0.796875 0.0484375 0.0375
6 0.06328125 0.7953125 0.0484375 0.03515625
13 0.353125 0.8578125 0.13125 0.03515625
0 0.49765625 0.928125 0.98515625 0.05