13 0.20458333333333334 0.08046875 0.1275 0.03802083333333333
13 0.29125 0.25859375 0.28583333333333333 0.03697916666666667
13 0.22666666666666666 0.49661458333333336 0.16 0.027604166666666666
13 0.21208333333333335 0.6731770833333334 0.12083333333333333 0.028645833333333332
13 0.24041666666666667 0.90859375 0.1925 0.033854166666666664
13 0.23 0.79140625 0.175 0.03697916666666667
13 0.19958333333333333 0.37838541666666664 0.11083333333333334 0.03177083333333333
13 0.20208333333333334 0.14192708333333334 0.11916666666666667 0.034895833333333334
6 0.09666666666666666 0.08072916666666667 0.06333333333333334 0.04479166666666667
6 0.09833333333333333 0.19869791666666667 0.075 0.03802083333333333
6 0.09916666666666667 0.31744791666666666 0.06833333333333333 0.03802083333333333
6 0.10166666666666667 0.43776041666666665 0.07666666666666666 0.03802083333333333
6 0.1 0.6140625 0.07 0.041666666666666664
6 0.10083333333333333 0.8510416666666667 0.07166666666666667 0.03958333333333333
6 0.0975 0.7369791666666666 0.07333333333333333 0.04375