13 0.11 0.059375 0.16666666666666666 0.028125
13 0.94 0.059375 0.09333333333333334 0.05
13 0.5083333333333333 0.1234375 0.93 0.028125
8 0.5083333333333333 0.16458333333333333 0.93 0.03333333333333333
8 0.5083333333333333 0.19791666666666666 0.93 0.03333333333333333
8 0.5083333333333333 0.23125 0.93 0.03333333333333333
8 0.5083333333333333 0.26458333333333334 0.93 0.03333333333333333
8 0.5083333333333333 0.29791666666666666 0.93 0.03333333333333333
8 0.5083333333333333 0.33125 0.93 0.03333333333333333
8 0.5083333333333333 0.3645833333333333 0.93 0.03333333333333333
8 0.5083333333333333 0.39791666666666664 0.93 0.03333333333333333
8 0.5083333333333333 0.43125 0.93 0.03333333333333333
0 0.5 0.9083333333333333 0.9466666666666667 0.05