13 0.11015625 0.059375 0.16640625 0.028125
13 0.93984375 0.059375 0.09296875 0.05
13 0.50859375 0.1234375 0.9296875 0.028125
8 0.50859375 0.16484375 0.9296875 0.03359375
8 0.50859375 0.19765625 0.9296875 0.03359375
8 0.50859375 0.23125 0.9296875 0.03359375
8 0.50859375 0.26484375 0.9296875 0.03359375
8 0.50859375 0.29765625 0.9296875 0.03359375
8 0.50859375 0.33125 0.9296875 0.03359375
8 0.50859375 0.36484375 0.9296875 0.03359375
8 0.50859375 0.39765625 0.9296875 0.03359375
8 0.50859375 0.43125 0.9296875 0.03359375
0 0.5 0.90859375 0.946875 0.05