5 0.06 0.03333333333333333 0.09333333333333334 0.06666666666666667
13 0.17125 0.03333333333333333 0.07583333333333334 0.023958333333333335
13 0.5175 0.09140625 0.14833333333333334 0.021354166666666667
13 0.7058333333333333 0.09140625 0.05333333333333334 0.021354166666666667
13 0.89375 0.09140625 0.07083333333333333 0.021354166666666667
6 0.17583333333333334 0.2604166666666667 0.2916666666666667 0.25416666666666665
6 0.29833333333333334 0.14791666666666667 0.05333333333333334 0.03333333333333333
13 0.15125 0.40520833333333334 0.19583333333333333 0.03125
13 0.27541666666666664 0.40520833333333334 0.04583333333333333 0.03125
6 0.49125 0.2604166666666667 0.28583333333333333 0.25416666666666665
6 0.6108333333333333 0.14791666666666667 0.05333333333333334 0.03333333333333333
13 0.47208333333333335 0.40520833333333334 0.20083333333333334 0.03125
13 0.5933333333333334 0.40520833333333334 0.035 0.03125
6 0.8033333333333333 0.2604166666666667 0.285 0.25416666666666665
13 0.77875 0.40520833333333334 0.18916666666666668 0.03125
13 0.8995833333333333 0.40520833333333334 0.04583333333333333 0.03125
6 0.98625 0.2604166666666667 0.0275 0.25416666666666665
13 0.9979166666666667 0.40520833333333334 0.004166666666666667 0.03125
6 0.17583333333333334 0.5708333333333333 0.2916666666666667 0.25416666666666665
6 0.29833333333333334 0.4583333333333333 0.05333333333333334 0.03333333333333333
6 0.49125 0.5708333333333333 0.28583333333333333 0.25416666666666665
6 0.8033333333333333 0.5708333333333333 0.285 0.25416666666666665
6 0.9225 0.4583333333333333 0.05333333333333334 0.03333333333333333
6 0.98625 0.5708333333333333 0.0275 0.25416666666666665