5 0.06015625 0.03359375 0.09296875 0.06640625
13 0.17109375 0.03359375 0.07578125 0.02421875
13 0.5171875 0.09140625 0.1484375 0.02109375
13 0.70546875 0.09140625 0.053125 0.02109375
13 0.89375 0.09140625 0.07109375 0.02109375
6 0.17578125 0.26015625 0.29140625 0.25390625
6 0.2984375 0.14765625 0.053125 0.03359375
13 0.1515625 0.40546875 0.19609375 0.03125
13 0.27578125 0.40546875 0.04609375 0.03125
6 0.49140625 0.26015625 0.2859375 0.25390625
6 0.6109375 0.14765625 0.053125 0.03359375
13 0.471875 0.40546875 0.20078125 0.03125
13 0.59296875 0.40546875 0.03515625 0.03125
6 0.803125 0.26015625 0.28515625 0.25390625
13 0.77890625 0.40546875 0.1890625 0.03125
13 0.89921875 0.40546875 0.04609375 0.03125
6 0.9859375 0.26015625 0.02734375 0.25390625
13 0.99765625 0.40546875 0.00390625 0.03125
6 0.17578125 0.57109375 0.29140625 0.25390625
6 0.2984375 0.45859375 0.053125 0.03359375
6 0.49140625 0.57109375 0.2859375 0.25390625
6 0.803125 0.57109375 0.28515625 0.25390625
6 0.92265625 0.45859375 0.053125 0.03359375
6 0.9859375 0.57109375 0.02734375 0.25390625