13 0.5008333333333334 0.48333333333333334 0.8483333333333334 0.052083333333333336
13 0.8833333333333333 0.5408854166666667 0.08333333333333333 0.03177083333333333
6 0.28 0.06979166666666667 0.07666666666666666 0.05
13 0.4975 0.6817708333333333 0.9166666666666666 0.21354166666666666
13 0.4925 0.18489583333333334 0.9066666666666666 0.09791666666666667
13 0.49666666666666665 0.3260416666666667 0.905 0.14583333333333334
13 0.5075 0.08255208333333333 0.345 0.07552083333333333
13 0.49333333333333335 0.8359375 0.8166666666666667 0.04375
1 0.05375 0.8315104166666667 0.0525 0.034895833333333334
0 0.8858333333333334 0.896875 0.15333333333333332 0.051041666666666666
0 0.11916666666666667 0.896875 0.16 0.053125