5 0.06015625 0.03359375 0.09296875 0.06640625
13 0.2546875 0.03359375 0.24296875 0.028125
6 0.953125 0.03359375 0.06640625 0.05
13 0.3140625 0.09140625 0.0671875 0.02265625
13 0.43828125 0.09140625 0.084375 0.02265625
13 0.56171875 0.09140625 0.0828125 0.02265625
13 0.6859375 0.09140625 0.0546875 0.02265625
6 0.04375 0.1078125 0.07109375 0.04453125
13 0.1625 0.11953125 0.16640625 0.03828125
6 0.04375 0.17109375 0.07109375 0.04453125
13 0.1625 0.15625 0.15 0.01484375
13 0.12109375 0.1828125 0.084375 0.03828125
6 0.04375 0.234375 0.07109375 0.04453125
13 0.14921875 0.2203125 0.1234375 0.01484375
13 0.15234375 0.246875 0.146875 0.03828125
6 0.04375 0.2984375 0.07109375 0.04453125
13 0.18203125 0.28359375 0.1890625 0.01484375
13 0.1984375 0.31015625 0.2390625 0.03828125
6 0.04375 0.36171875 0.07109375 0.04453125
13 0.1703125 0.346875 0.16484375 0.01484375
13 0.17578125 0.3734375 0.19296875 0.03828125
6 0.04375 0.425 0.07109375 0.04453125
13 0.16484375 0.4109375 0.1546875 0.01484375
13 0.1828125 0.4375 0.20703125 0.03828125
6 0.04375 0.4890625 0.07109375 0.04453125
13 0.1484375 0.47421875 0.12265625 0.01484375
13 0.18203125 0.50078125 0.20546875 0.03828125
6 0.04375 0.55234375 0.07109375 0.04453125
13 0.1515625 0.5375 0.128125 0.01484375
13 0.16953125 0.5640625 0.1796875 0.03828125
6 0.04375 0.615625 0.07109375 0.04453125
13 0.16328125 0.6015625 0.1515625 0.01484375
13 0.190625 0.628125 0.22265625 0.03828125
6 0.04375 0.6796875 0.07109375 0.04453125
13 0.1515625 0.66484375 0.128125 0.01484375
13 0.1859375 0.69140625 0.21328125 0.03828125
6 0.04375 0.74296875 0.07109375 0.04453125
13 0.1515625 0.728125 0.12734375 0.01484375
13 0.12265625 0.7546875 0.0875 0.03828125
6 0.04375 0.80625 0.07109375 0.04453125
13 0.17265625 0.7921875 0.17109375 0.01484375
13 0.14765625 0.81875 0.13671875 0.03828125
6 0.04375 0.8703125 0.07109375 0.04453125
13 0.16328125 0.85546875 0.1515625 0.01484375
13 0.15703125 0.88203125 0.15546875 0.03828125
3 0.46015625 0.928125 0.9203125 0.04375
5 0.96015625 0.928125 0.0796875 0.04375