6 0.069375 0.1546875 0.12125 0.0796875
6 0.068125 0.323828125 0.11875 0.08046875
6 0.068125 0.240625 0.11875 0.0765625
6 0.066875 0.576171875 0.11625 0.07421875
6 0.068125 0.657421875 0.11625 0.07109375
6 0.703125 0.087890625 0.12125 0.05234375
0 0.49875 0.9234375 0.5575 0.065625
5 0.946875 0.8484375 0.06125 0.0328125
5 0.0375 0.890625 0.055 0.0359375
13 0.1875 0.846875 0.3725 0.0234375
13 0.285625 0.494140625 0.24125 0.03515625
13 0.251875 0.2296875 0.17125 0.0234375
13 0.23375 0.315234375 0.1275 0.02734375
13 0.204375 0.145703125 0.09875 0.02421875
13 0.4425 0.083203125 0.3875 0.04453125
13 0.21875 0.650390625 0.1175 0.02734375