5 0.9475 0.9635416666666666 0.08166666666666667 0.058333333333333334
5 0.9508333333333333 0.030729166666666665 0.08833333333333333 0.057291666666666664
5 0.9516666666666667 0.11145833333333334 0.07 0.046875
5 0.9491666666666667 0.16770833333333332 0.07833333333333334 0.04583333333333333
6 0.8079166666666666 0.5080729166666667 0.3025 0.5015625
6 0.7533333333333333 0.12213541666666666 0.25166666666666665 0.23385416666666667
6 0.755 0.8859375 0.24166666666666667 0.20104166666666667
0 0.38375 0.10520833333333333 0.4708333333333333 0.10208333333333333
0 0.38958333333333334 0.3307291666666667 0.4691666666666667 0.10208333333333333
0 0.38958333333333334 0.5546875 0.47583333333333333 0.10208333333333333
0 0.38416666666666666 0.7791666666666667 0.48 0.1