0 0.50234375 0.58671875 0.4 0.04921875
13 0.3046875 0.91015625 0.54453125 0.0265625
13 0.3234375 0.7984375 0.59140625 0.0296875
13 0.26640625 0.68828125 0.47734375 0.03515625
13 0.25234375 0.0578125 0.26640625 0.03515625
13 0.36953125 0.17578125 0.15 0.02890625
13 0.6453125 0.175 0.15703125 0.02734375
6 0.8984375 0.565625 0.15 0.08828125
6 0.896875 0.68046875 0.146875 0.08984375
6 0.89375 0.7921875 0.1375 0.0890625
6 0.89921875 0.9078125 0.1421875 0.07734375
5 0.25625 0.37265625 0.0609375 0.03671875
5 0.9328125 0.47578125 0.05546875 0.03984375
5 0.95078125 0.059375 0.0578125 0.03359375
5 0.065625 0.0609375 0.06640625 0.0328125
12 0.4984375 0.1734375 0.08515625 0.03515625
4 0.49921875 0.1203125 0.9625 0.0625
13 0.50390625 0.4859375 0.47421875 0.07578125
13 0.503125 0.42578125 0.28046875 0.02890625