13 0.4995833333333333 0.13177083333333334 0.2991666666666667 0.16979166666666667
6 0.5 0.30182291666666666 0.9066666666666666 0.1703125
6 0.06666666666666667 0.5713541666666667 0.03333333333333333 0.020833333333333332
13 0.14375 0.5625 0.0875 0.028125
13 0.1175 0.58515625 0.035 0.0171875
13 0.13916666666666666 0.58515625 0.008333333333333333 0.0171875
13 0.15416666666666667 0.58515625 0.021666666666666667 0.0171875
13 0.17416666666666666 0.58515625 0.018333333333333333 0.0171875
13 0.19416666666666665 0.58515625 0.021666666666666667 0.0171875
11 0.7375 0.5713541666666667 0.425 0.05
2 0.7241666666666666 0.5713541666666667 0.3983333333333333 0.05
6 0.06666666666666667 0.6421875 0.03333333333333333 0.020833333333333332
13 0.15 0.6333333333333333 0.1 0.028125
13 0.11625 0.6559895833333333 0.0325 0.0171875
13 0.13666666666666666 0.6559895833333333 0.008333333333333333 0.0171875
13 0.1525 0.6559895833333333 0.023333333333333334 0.0171875
13 0.17333333333333334 0.6559895833333333 0.018333333333333333 0.0171875
13 0.19333333333333333 0.6559895833333333 0.021666666666666667 0.0171875
11 0.7375 0.6421875 0.425 0.05
2 0.7241666666666666 0.6421875 0.3983333333333333 0.05
6 0.06666666666666667 0.7130208333333333 0.03333333333333333 0.020833333333333332
13 0.16833333333333333 0.7041666666666667 0.13666666666666666 0.028125
13 0.11625 0.7268229166666667 0.0325 0.0171875
13 0.13666666666666666 0.7268229166666667 0.008333333333333333 0.0171875
13 0.15166666666666667 0.7268229166666667 0.021666666666666667 0.0171875
13 0.17166666666666666 0.7268229166666667 0.018333333333333333 0.0171875
13 0.1925 0.7268229166666667 0.023333333333333334 0.0171875
11 0.7375 0.7130208333333333 0.425 0.05
2 0.7241666666666666 0.7130208333333333 0.3983333333333333 0.05
6 0.058333333333333334 0.9135416666666667 0.05 0.03125
6 0.13333333333333333 0.9135416666666667 0.05 0.03125
13 0.5 0.88359375 1 0.0005208333333333333
6 0.4891666666666667 0.9166666666666666 0.021666666666666667 0.017708333333333333
6 0.5108333333333334 0.9166666666666666 0.021666666666666667 0.017708333333333333
0 0.9033333333333333 0.9169270833333333 0.16666666666666666 0.06614583333333333