13 0.49921875 0.13203125 0.29921875 0.16953125
6 0.5 0.3015625 0.90703125 0.1703125
6 0.06640625 0.57109375 0.03359375 0.02109375
13 0.14375 0.5625 0.0875 0.028125
13 0.1171875 0.58515625 0.03515625 0.0171875
13 0.1390625 0.58515625 0.00859375 0.0171875
13 0.15390625 0.58515625 0.021875 0.0171875
13 0.17421875 0.58515625 0.01796875 0.0171875
13 0.19453125 0.58515625 0.021875 0.0171875
11 0.7375 0.57109375 0.425 0.05
2 0.72421875 0.57109375 0.3984375 0.05
6 0.06640625 0.6421875 0.03359375 0.02109375
13 0.15 0.63359375 0.1 0.028125
13 0.11640625 0.65625 0.0328125 0.0171875
13 0.13671875 0.65625 0.00859375 0.0171875
13 0.15234375 0.65625 0.0234375 0.0171875
13 0.1734375 0.65625 0.01796875 0.0171875
13 0.19296875 0.65625 0.021875 0.0171875
11 0.7375 0.6421875 0.425 0.05
2 0.72421875 0.6421875 0.3984375 0.05
6 0.06640625 0.71328125 0.03359375 0.02109375
13 0.16796875 0.70390625 0.13671875 0.028125
13 0.11640625 0.7265625 0.0328125 0.0171875
13 0.13671875 0.7265625 0.00859375 0.0171875
13 0.1515625 0.7265625 0.021875 0.0171875
13 0.171875 0.7265625 0.01796875 0.0171875
13 0.1921875 0.7265625 0.0234375 0.0171875
11 0.7375 0.71328125 0.425 0.05
2 0.72421875 0.71328125 0.3984375 0.05
6 0.05859375 0.91328125 0.05 0.03125
6 0.13359375 0.91328125 0.05 0.03125
13 0.5 0.88359375 1 0.00078125
6 0.4890625 0.91640625 0.021875 0.01796875
6 0.5109375 0.91640625 0.021875 0.01796875
0 0.903125 0.9171875 0.16640625 0.06640625