5 0.06015625 0.059375 0.09296875 0.06640625
13 0.31328125 0.059375 0.36015625 0.025
13 0.946875 0.059375 0.0796875 0.05
13 0.5 0.41796875 1 0.025
13 0.5 0.47890625 1 0.06328125
0 0.5 0.55625 0.946875 0.05
13 0.5 0.609375 1 0.01484375
6 0.18359375 0.06328125 0.31328125 0.025
13 0.0515625 0.134375 0.05 0.02890625
13 0.3015625 0.134375 0.34296875 0.0171875
13 0.0515625 0.19609375 0.05 0.02890625
13 0.3015625 0.19609375 0.34296875 0.0171875
13 0.0515625 0.2578125 0.05 0.02890625
13 0.3015625 0.2578125 0.34296875 0.0171875
13 0.0515625 0.3203125 0.05 0.02890625
13 0.3015625 0.3203125 0.34296875 0.0171875
13 0.0515625 0.38203125 0.05 0.02890625
13 0.3015625 0.38203125 0.34296875 0.0171875
6 0.25 0.41328125 0.5 0.00078125
13 0.0515625 0.44296875 0.05 0.02421875
13 0.3015625 0.44296875 0.34296875 0.0171875