5 0.06 0.059375 0.09333333333333334 0.06666666666666667
13 0.31333333333333335 0.059375 0.36 0.025
13 0.9466666666666667 0.059375 0.08 0.05
13 0.5 0.41770833333333335 1 0.025
13 0.5 0.4786458333333333 1 0.06354166666666666
0 0.5 0.55625 0.9466666666666667 0.05
13 0.5 0.609375 1 0.014583333333333334
6 0.18333333333333332 0.06354166666666666 0.31333333333333335 0.025
13 0.051666666666666666 0.13411458333333334 0.05 0.028645833333333332
13 0.3016666666666667 0.13411458333333334 0.3433333333333333 0.0171875
13 0.051666666666666666 0.19609375 0.05 0.028645833333333332
13 0.3016666666666667 0.19609375 0.3433333333333333 0.0171875
13 0.051666666666666666 0.25807291666666665 0.05 0.028645833333333332
13 0.3016666666666667 0.25807291666666665 0.3433333333333333 0.0171875
13 0.051666666666666666 0.32005208333333335 0.05 0.028645833333333332
13 0.3016666666666667 0.32005208333333335 0.3433333333333333 0.0171875
13 0.051666666666666666 0.38203125 0.05 0.028645833333333332
13 0.3016666666666667 0.38203125 0.3433333333333333 0.0171875
6 0.25 0.41354166666666664 0.5 0.0010416666666666667
13 0.051666666666666666 0.44296875 0.05 0.024479166666666666
13 0.3016666666666667 0.44296875 0.3433333333333333 0.0171875