5 0.06015625 0.059375 0.09296875 0.06640625
13 0.1671875 0.059375 0.0671875 0.06640625
13 0.86640625 0.059375 0.03515625 0.0234375
13 0.946875 0.059375 0.03515625 0.0234375
13 0.40859375 0.11796875 0.06484375 0.01953125
13 0.59140625 0.11796875 0.08828125 0.01953125
6 0.0234375 0.16171875 0.046875 0.0375
13 0.4109375 0.16171875 0.0265625 0.01953125
13 0.5171875 0.16171875 0.1703125 0.01796875
6 0.9765625 0.16171875 0.046875 0.0375
6 0.03828125 0.2046875 0.03671875 0.02265625
13 0.1109375 0.20625 0.08203125 0.02265625
13 0.7625 0.2046875 0.05859375 0.015625
6 0.03828125 0.23203125 0.03671875 0.02265625
13 0.12734375 0.23359375 0.1140625 0.02265625
13 0.7625 0.23203125 0.05859375 0.015625
13 0.8640625 0.21171875 0.06171875 0.01484375
13 0.8703125 0.22578125 0.0734375 0.01484375
13 0.9734375 0.21875 0.0265625 0.01796875
6 0.03828125 0.28203125 0.03671875 0.02265625
13 0.1171875 0.2828125 0.0953125 0.02265625
13 0.7625 0.28203125 0.05859375 0.015625
6 0.03828125 0.309375 0.03671875 0.02265625
13 0.11171875 0.3109375 0.084375 0.02265625
13 0.7625 0.309375 0.05859375 0.015625
13 0.8640625 0.28828125 0.06171875 0.01484375
13 0.86484375 0.303125 0.0625 0.01484375
13 0.9734375 0.29609375 0.0265625 0.01796875
6 0.03828125 0.37578125 0.03671875 0.02265625
13 0.11328125 0.3765625 0.08671875 0.02265625
13 0.7625 0.37578125 0.05859375 0.015625
6 0.03828125 0.403125 0.03671875 0.02265625
13 0.11796875 0.4046875 0.096875 0.02265625
13 0.7625 0.403125 0.05859375 0.015625
13 0.8640625 0.38203125 0.06171875 0.01484375
13 0.86796875 0.396875 0.06953125 0.01484375
13 0.9734375 0.38984375 0.0265625 0.01796875
6 0.03828125 0.45234375 0.03671875 0.02265625
13 0.10078125 0.45390625 0.06171875 0.02265625
13 0.7625 0.45234375 0.05859375 0.015625
6 0.03828125 0.48046875 0.03671875 0.02265625
13 0.10078125 0.48125 0.0609375 0.02265625
13 0.7625 0.48046875 0.05859375 0.015625
13 0.8640625 0.459375 0.06171875 0.01484375
13 0.8703125 0.47421875 0.0734375 0.01484375
13 0.9734375 0.46640625 0.0265625 0.01796875
6 0.03828125 0.5296875 0.03671875 0.02265625
13 0.11171875 0.53125 0.084375 0.02265625
13 0.7625 0.5296875 0.05859375 0.015625
6 0.03828125 0.55703125 0.03671875 0.02265625
13 0.1296875 0.55859375 0.11953125 0.02265625
13 0.7625 0.55703125 0.05859375 0.015625
13 0.8640625 0.53671875 0.06171875 0.01484375
13 0.8546875 0.55078125 0.0421875 0.01484375
13 0.9734375 0.54375 0.0265625 0.01796875
6 0.03828125 0.60703125 0.03671875 0.02265625
13 0.12265625 0.6078125 0.10546875 0.02265625
13 0.7625 0.60703125 0.05859375 0.015625
6 0.03828125 0.634375 0.03671875 0.02265625
13 0.10546875 0.6359375 0.071875 0.02265625
13 0.7625 0.634375 0.05859375 0.015625
13 0.8640625 0.61328125 0.06171875 0.01484375
13 0.8671875 0.628125 0.06796875 0.01484375
13 0.9734375 0.62109375 0.0265625 0.01796875
6 0.03828125 0.68359375 0.03671875 0.02265625
13 0.11953125 0.68515625 0.0984375 0.02265625
13 0.7625 0.68359375 0.05859375 0.015625
6 0.03828125 0.71171875 0.03671875 0.02265625
13 0.109375 0.7125 0.07890625 0.02265625
13 0.7625 0.71171875 0.05859375 0.015625
13 0.8640625 0.690625 0.06171875 0.01484375
13 0.86953125 0.70546875 0.071875 0.01484375
13 0.9734375 0.69765625 0.0265625 0.01796875
6 0.03828125 0.7609375 0.03671875 0.02265625
13 0.12109375 0.7625 0.1015625 0.02265625
13 0.7625 0.7609375 0.05859375 0.015625
6 0.03828125 0.78828125 0.03671875 0.02265625
13 0.1109375 0.78984375 0.0828125 0.02265625
13 0.7625 0.78828125 0.05859375 0.015625
13 0.86875 0.76796875 0.07109375 0.01484375
13 0.8671875 0.78203125 0.06796875 0.01484375
13 0.9734375 0.775 0.0265625 0.01796875
6 0.03828125 0.8546875 0.03671875 0.02265625
13 0.1 0.85625 0.06015625 0.02265625
13 0.7625 0.8546875 0.05859375 0.015625
6 0.03828125 0.88203125 0.03671875 0.02265625
13 0.11171875 0.88359375 0.08359375 0.02265625
13 0.7625 0.88203125 0.05859375 0.015625
13 0.86875 0.86171875 0.07109375 0.01484375
13 0.8625 0.87578125 0.05859375 0.01484375
13 0.9734375 0.86875 0.0265625 0.01796875