5 0.06015625 0.03359375 0.09296875 0.05859375
13 0.26328125 0.03359375 0.29921875 0.028125
13 0.00625 0.09140625 0.0125 0.02109375
13 0.2140625 0.09140625 0.3234375 0.02109375
13 0.58515625 0.09140625 0.33828125 0.02109375
13 0.88671875 0.09140625 0.1859375 0.02109375
6 0.13671875 0.16328125 0.26640625 0.08125
13 0.54921875 0.13359375 0.559375 0.02109375
13 0.3703125 0.15390625 0.2 0.01875
6 0.28671875 0.1734375 0.03359375 0.02109375
6 0.9546875 0.1703125 0.03359375 0.03125
6 0.13671875 0.25703125 0.26640625 0.08125
13 0.61640625 0.23671875 0.69296875 0.03984375
13 0.3640625 0.265625 0.18828125 0.01875
6 0.28671875 0.28515625 0.03359375 0.02109375
6 0.9546875 0.28203125 0.03359375 0.03125
6 0.13671875 0.35078125 0.26640625 0.08125
13 0.61640625 0.33046875 0.69296875 0.03984375
13 0.3640625 0.359375 0.18828125 0.01875
6 0.28671875 0.37890625 0.03359375 0.02109375
6 0.9546875 0.37578125 0.03359375 0.03125
6 0.13671875 0.44453125 0.26640625 0.08125
13 0.61640625 0.42421875 0.69296875 0.03984375
13 0.3640625 0.453125 0.18828125 0.01875
6 0.28671875 0.47265625 0.03359375 0.02109375
6 0.9546875 0.46953125 0.03359375 0.03125
6 0.13671875 0.53828125 0.26640625 0.08125
13 0.61640625 0.51796875 0.69296875 0.03984375
13 0.3640625 0.546875 0.18828125 0.01875
6 0.28671875 0.56640625 0.03359375 0.02109375
6 0.9546875 0.56328125 0.03359375 0.03125
6 0.13671875 0.63203125 0.26640625 0.08125
13 0.61640625 0.61171875 0.69296875 0.03984375
13 0.3640625 0.640625 0.18828125 0.01875
6 0.28671875 0.66015625 0.03359375 0.02109375
6 0.9546875 0.65703125 0.03359375 0.03125
6 0.13671875 0.72578125 0.26640625 0.08125
13 0.61640625 0.70546875 0.69296875 0.03984375
13 0.3640625 0.734375 0.18828125 0.01875
6 0.28671875 0.75390625 0.03359375 0.02109375
6 0.9546875 0.75078125 0.03359375 0.03125