6 0.4859375 0.24140625 0.94921875 0.28515625
6 0.25390625 0.73125 0.175 0.08046875
6 0.415625 0.73203125 0.1125 0.07734375
6 0.58515625 0.7375 0.12265625 0.06953125
6 0.75078125 0.7375 0.13046875 0.06953125
13 0.5046875 0.84375 0.83984375 0.0296875
13 0.5 0.89140625 0.16328125 0.03046875
13 0.49296875 0.4578125 0.66640625 0.04140625
13 0.50234375 0.515625 0.059375 0.0265625
13 0.22421875 0.06015625 0.2546875 0.03046875
5 0.0484375 0.0609375 0.05234375 0.0265625
5 0.953125 0.05859375 0.05234375 0.03828125
0 0.834375 0.63125 0.26640625 0.05078125