6 0.48625 0.24140625 0.9491666666666667 0.28489583333333335
6 0.25416666666666665 0.7315104166666667 0.175 0.08072916666666667
6 0.41541666666666666 0.73203125 0.1125 0.07760416666666667
6 0.5854166666666667 0.7372395833333333 0.1225 0.06927083333333334
6 0.7504166666666666 0.7372395833333333 0.13083333333333333 0.06927083333333334
13 0.505 0.8440104166666667 0.84 0.0296875
13 0.5 0.89140625 0.16333333333333333 0.030729166666666665
13 0.49333333333333335 0.4578125 0.6666666666666666 0.041666666666666664
13 0.5020833333333333 0.5158854166666667 0.059166666666666666 0.0265625
13 0.22416666666666665 0.06015625 0.255 0.030729166666666665
5 0.04875 0.061197916666666664 0.0525 0.0265625
5 0.9529166666666666 0.05859375 0.0525 0.03802083333333333
0 0.8341666666666666 0.63125 0.26666666666666666 0.051041666666666666