5 0.06 0.059375 0.09333333333333334 0.06666666666666667
6 0.15333333333333332 0.059375 0.04 0.025
6 0.94 0.059375 0.04 0.025
13 0.42583333333333334 0.11770833333333333 0.058333333333333334 0.019791666666666666
13 0.5741666666666667 0.11770833333333333 0.10833333333333334 0.019791666666666666
6 0.5 0.5229166666666667 0.09833333333333333 0.071875
13 0.5 0.6028645833333334 0.1 0.021354166666666667
6 0.5 0.8911458333333333 1 0.0010416666666666667
6 0.22 0.9125 0.04 0.025
13 0.22 0.9341145833333333 0.24 0.0171875
6 0.5 0.9125 0.04 0.025
13 0.5 0.9341145833333333 0.24 0.0171875
6 0.78 0.9104166666666667 0.04 0.025
13 0.78 0.9328125 0.24 0.019791666666666666