5 0.06015625 0.059375 0.09296875 0.06640625
6 0.153125 0.059375 0.03984375 0.025
6 0.93984375 0.059375 0.03984375 0.025
13 0.42578125 0.11796875 0.05859375 0.01953125
13 0.57421875 0.11796875 0.10859375 0.01953125
6 0.5 0.52265625 0.0984375 0.071875
13 0.5 0.603125 0.1 0.02109375
6 0.5 0.89140625 1 0.00078125
6 0.2203125 0.9125 0.03984375 0.025
13 0.2203125 0.934375 0.23984375 0.0171875
6 0.5 0.9125 0.03984375 0.025
13 0.5 0.934375 0.23984375 0.0171875
6 0.7796875 0.91015625 0.03984375 0.025
13 0.7796875 0.9328125 0.23984375 0.01953125