6 0.0453125 0.0546875 0.03984375 0.025
6 0.12265625 0.0546875 0.025 0.015625
13 0.1828125 0.0546875 0.07890625 0.01875
6 0.2390625 0.0546875 0.0203125 0.0125
6 0.8984375 0.0546875 0.03671875 0.021875
6 0.9109375 0.04765625 0.01171875 0.00703125
13 0.20078125 0.12578125 0.171875 0.0171875
13 0.14453125 0.14921875 0.05859375 0.01484375
13 0.1796875 0.14921875 0.00703125 0.01484375
13 0.33671875 0.14921875 0.3 0.01484375
13 0.75 0.09921875 0.46640625 0.02109375
13 0.75 0.12421875 0.46640625 0.01875
13 0.75 0.16484375 0.2 0.03125
6 0.1375 0.26171875 0.0796875 0.05
13 0.16015625 0.23828125 0.04453125 0.015625
13 0.1375 0.30078125 0.06796875 0.015625
6 0.37890625 0.26171875 0.0796875 0.05
13 0.39765625 0.23828125 0.053125 0.015625
13 0.37890625 0.30078125 0.06953125 0.015625
6 0.62109375 0.26171875 0.0796875 0.05
13 0.65078125 0.23984375 0.0296875 0.01875
13 0.62109375 0.30078125 0.125 0.015625
6 0.8625 0.26171875 0.0796875 0.05
13 0.86171875 0.30078125 0.07421875 0.015625
6 0.1375 0.35546875 0.0796875 0.05
13 0.1671875 0.33359375 0.0296875 0.01875
13 0.13671875 0.39453125 0.0421875 0.015625
6 0.37890625 0.35546875 0.0796875 0.05
13 0.40234375 0.33359375 0.04453125 0.01875
13 0.37890625 0.39453125 0.07265625 0.015625
6 0.62109375 0.35546875 0.0796875 0.05
13 0.62109375 0.39453125 0.06015625 0.015625
6 0.8625 0.35546875 0.0796875 0.05
13 0.8921875 0.33359375 0.0296875 0.01875
13 0.86171875 0.39453125 0.07109375 0.015625
6 0.5 0.42421875 0.0203125 0.0125
6 0.1015625 0.5140625 0.16640625 0.14375
13 0.58359375 0.46953125 0.746875 0.02421875
13 0.58359375 0.49765625 0.746875 0.02109375
13 0.58359375 0.5390625 0.746875 0.06171875
13 0.46640625 0.6171875 0.9328125 0.021875
6 0.96640625 0.61796875 0.06640625 0.04140625
6 0.02265625 0.64921875 0.01171875 0.00703125
13 0.096875 0.65 0.11015625 0.02109375
13 0.1875 0.690625 0.24140625 0.02109375
6 0.946875 0.68671875 0.0203125 0.0125
6 0.1265625 0.74921875 0.1203125 0.075
1 0.1546875 0.7671875 0.06328125 0.03984375
6 0.02265625 0.81953125 0.01171875 0.00703125
13 0.11015625 0.81953125 0.13671875 0.02109375
13 0.2078125 0.8609375 0.28203125 0.02109375
6 0.946875 0.85625 0.0203125 0.0125
6 0.09140625 0.90234375 0.05 0.03125
13 0.484375 0.90234375 0.7015625 0.02109375
13 0.8734375 0.90234375 0.05 0.02109375
1 0.93984375 0.90234375 0.08359375 0.04140625
6 0.5 0.89140625 1 0.00390625
0 0.1 0.921875 0.03359375 0.04296875
0 0.29921875 0.921875 0.05234375 0.04296875
0 0.5 0.921875 0.05859375 0.04296875
0 0.69921875 0.921875 0.0671875 0.04296875
0 0.89921875 0.921875 0.05234375 0.04296875