5 0.053125 0.059375 0.0796875 0.05
6 0.1953125 0.059375 0.203125 0.01328125
13 0.78671875 0.059375 0.0796875 0.05
13 0.86640625 0.059375 0.0796875 0.05
13 0.946875 0.059375 0.0796875 0.05
13 0.5 0.10859375 1 0.03125
13 0.2453125 0.16640625 0.43671875 0.03515625
13 0.14296875 0.2078125 0.2328125 0.02109375
13 0.13046875 0.22890625 0.20859375 0.02109375
13 0.06484375 0.284375 0.07578125 0.02109375
13 0.13046875 0.30625 0.20859375 0.02109375
13 0.125 0.36171875 0.196875 0.02109375
13 0.1359375 0.3828125 0.21796875 0.02109375
13 0.23203125 0.42109375 0.41015625 0.02109375
13 0.090625 0.4765625 0.128125 0.02109375
13 0.13046875 0.4984375 0.20859375 0.02109375
13 0.10625 0.5359375 0.159375 0.02109375
13 0.140625 0.5921875 0.22734375 0.02109375
13 0.1984375 0.61328125 0.34453125 0.02109375