5 0.05333333333333334 0.059375 0.08 0.05
6 0.195 0.059375 0.20333333333333334 0.013541666666666667
13 0.7866666666666666 0.059375 0.08 0.05
13 0.8666666666666667 0.059375 0.08 0.05
13 0.9466666666666667 0.059375 0.08 0.05
13 0.5 0.10833333333333334 1 0.03125
13 0.245 0.16666666666666666 0.43666666666666665 0.035416666666666666
13 0.14291666666666666 0.20755208333333333 0.2325 0.021354166666666667
13 0.13083333333333333 0.22890625 0.20833333333333334 0.021354166666666667
13 0.06458333333333334 0.28463541666666664 0.07583333333333334 0.021354166666666667
13 0.13083333333333333 0.3059895833333333 0.20833333333333334 0.021354166666666667
13 0.125 0.36171875 0.19666666666666666 0.021354166666666667
13 0.13583333333333333 0.38307291666666665 0.21833333333333332 0.021354166666666667
13 0.23166666666666666 0.42109375 0.41 0.021354166666666667
13 0.09083333333333334 0.47682291666666665 0.12833333333333333 0.021354166666666667
13 0.13083333333333333 0.4981770833333333 0.20833333333333334 0.021354166666666667
13 0.10625 0.5361979166666667 0.15916666666666668 0.021354166666666667
13 0.14041666666666666 0.5919270833333333 0.2275 0.021354166666666667
13 0.19875 0.61328125 0.3441666666666667 0.021354166666666667