5 0.05333333333333334 0.059375 0.08 0.05
6 0.195 0.059375 0.20333333333333334 0.013541666666666667
13 0.7866666666666666 0.059375 0.08 0.05
13 0.8666666666666667 0.059375 0.08 0.05
13 0.9466666666666667 0.059375 0.08 0.05
13 0.17541666666666667 0.14375 0.2975 0.035416666666666666
3 0.5 0.20598958333333334 0.9466666666666667 0.0359375
3 0.5 0.2559895833333333 0.9466666666666667 0.0359375
12 0.06583333333333333 0.3072916666666667 0.07833333333333334 0.028125
13 0.20583333333333334 0.30755208333333334 0.18833333333333332 0.021354166666666667
13 0.8729166666666667 0.30755208333333334 0.20083333333333334 0.021354166666666667
0 0.5 0.3651041666666667 0.9466666666666667 0.04375
6 0.055 0.4453125 0.056666666666666664 0.035416666666666666
13 0.19083333333333333 0.42864583333333334 0.16833333333333333 0.025
13 0.32625 0.45598958333333334 0.43916666666666665 0.021354166666666667
6 0.055 0.5208333333333334 0.056666666666666664 0.035416666666666666
13 0.2708333333333333 0.5041666666666667 0.3283333333333333 0.025
13 0.2920833333333333 0.5315104166666667 0.37083333333333335 0.021354166666666667
6 0.055 0.5963541666666666 0.056666666666666664 0.035416666666666666
13 0.2375 0.5796875 0.26166666666666666 0.025
13 0.33666666666666667 0.60703125 0.46 0.021354166666666667
13 0.17875 0.6583333333333333 0.30416666666666664 0.01875
13 0.27291666666666664 0.6825520833333333 0.4925 0.0171875