13 0.11416666666666667 0.41848958333333336 0.09833333333333333 0.03177083333333333
13 0.10833333333333334 0.51796875 0.09 0.034895833333333334
13 0.10583333333333333 0.5731770833333333 0.09666666666666666 0.030729166666666665
13 0.21541666666666667 0.35911458333333335 0.2975 0.03177083333333333
13 0.4979166666666667 0.6236979166666666 0.1075 0.027604166666666666
13 0.2425 0.11848958333333333 0.345 0.028645833333333332
13 0.1875 0.18619791666666666 0.235 0.027604166666666666
13 0.21208333333333335 0.703125 0.2775 0.06041666666666667
13 0.18291666666666667 0.89140625 0.22583333333333333 0.030729166666666665
8 0.90625 0.46588541666666666 0.04083333333333333 0.0265625
8 0.9029166666666667 0.51640625 0.04416666666666667 0.03177083333333333
8 0.9029166666666667 0.5705729166666667 0.050833333333333335 0.0296875
1 0.90625 0.19140625 0.050833333333333335 0.03177083333333333