5 0.06 0.059375 0.09333333333333334 0.06666666666666667
13 0.1775 0.059375 0.08833333333333333 0.028125
6 0.06125 0.909375 0.10916666666666666 0.06041666666666667
6 0.17041666666666666 0.909375 0.10916666666666666 0.06041666666666667
6 0.27958333333333335 0.909375 0.10916666666666666 0.06041666666666667
6 0.38875 0.909375 0.10916666666666666 0.06041666666666667
6 0.4979166666666667 0.909375 0.10916666666666666 0.06041666666666667
6 0.6070833333333333 0.909375 0.10916666666666666 0.06041666666666667
6 0.71625 0.909375 0.10916666666666666 0.06041666666666667
6 0.8254166666666667 0.909375 0.10916666666666666 0.06041666666666667
6 0.9345833333333333 0.909375 0.10916666666666666 0.06041666666666667