13 0.1359375 0.059375 0.1921875 0.028125
6 0.953125 0.059375 0.06640625 0.05
13 0.4296875 0.11796875 0.1 0.01953125
13 0.56953125 0.11796875 0.08046875 0.01953125
6 0.13359375 0.22578125 0.23984375 0.15
6 0.3796875 0.22578125 0.23984375 0.15
6 0.6265625 0.22578125 0.23984375 0.15
6 0.8734375 0.22578125 0.23984375 0.15
6 0.13359375 0.384375 0.23984375 0.15
6 0.3796875 0.384375 0.23984375 0.15
6 0.6265625 0.384375 0.23984375 0.15
6 0.8734375 0.384375 0.23984375 0.15
6 0.13359375 0.54296875 0.23984375 0.15
6 0.3796875 0.54296875 0.23984375 0.15
6 0.6265625 0.54296875 0.23984375 0.15
6 0.8734375 0.54296875 0.23984375 0.15
6 0.13359375 0.70078125 0.23984375 0.15
6 0.3796875 0.70078125 0.23984375 0.15
6 0.6265625 0.70078125 0.23984375 0.15
6 0.8734375 0.70078125 0.23984375 0.15
6 0.13359375 0.859375 0.23984375 0.15
6 0.3796875 0.859375 0.23984375 0.15
6 0.6265625 0.859375 0.23984375 0.15
6 0.8734375 0.859375 0.23984375 0.15
6 0.13359375 0.97109375 0.23984375 0.05703125
6 0.3796875 0.97109375 0.23984375 0.05703125
6 0.6265625 0.97109375 0.23984375 0.05703125
6 0.8734375 0.97109375 0.23984375 0.05703125
5 0.93828125 0.91171875 0.1234375 0.07734375