13 0.18916666666666668 0.05755208333333333 0.25833333333333336 0.027604166666666666
0 0.9275 0.05755208333333333 0.09166666666666666 0.0421875
8 0.14666666666666667 0.5234375 0.29333333333333333 0.020833333333333332
8 0.1225 0.5578125 0.245 0.020833333333333332
8 0.145 0.5921875 0.29 0.020833333333333332
8 0.1625 0.6994791666666667 0.325 0.020833333333333332
8 0.195 0.7338541666666667 0.39 0.020833333333333332
0 0.11833333333333333 0.8046875 0.13666666666666666 0.03125
3 0.31166666666666665 0.8640625 0.5233333333333333 0.03125
3 0.12 0.9161458333333333 0.14 0.03125
3 0.31166666666666665 0.9682291666666667 0.5233333333333333 0.03125
6 0.043333333333333335 0.9270833333333334 0.05333333333333334 0.03333333333333333
13 0.5 0.9268229166666667 0.18166666666666667 0.028645833333333332
6 0.9383333333333334 0.9270833333333334 0.07 0.04375