5 0.06 0.05520833333333333 0.09333333333333334 0.058333333333333334
13 0.21583333333333332 0.05520833333333333 0.165 0.028125
13 0.8666666666666667 0.05520833333333333 0.08 0.05
13 0.9466666666666667 0.05520833333333333 0.08 0.05
3 0.5 0.1140625 0.96 0.03854166666666667
3 0.5 0.16302083333333334 0.96 0.03854166666666667
0 0.5 0.2078125 0.96 0.03854166666666667
1 0.05333333333333334 0.2520833333333333 0.05333333333333334 0.03333333333333333
13 0.20416666666666666 0.2520833333333333 0.24833333333333332 0.019791666666666666
13 0.8779166666666667 0.2559895833333333 0.19083333333333333 0.0171875
13 0.5 0.2875 1 0.004166666666666667
13 0.13166666666666665 0.3059895833333333 0.23 0.0328125
6 0.9666666666666667 0.30416666666666664 0.04666666666666667 0.029166666666666667
0 0.16666666666666666 0.33932291666666664 0.3333333333333333 0.03177083333333333
0 0.5 0.33932291666666664 0.3333333333333333 0.03177083333333333
0 0.8333333333333334 0.33932291666666664 0.3333333333333333 0.03177083333333333
13 0.08166666666666667 0.3731770833333333 0.16333333333333333 0.033854166666666664
13 0.05375 0.40260416666666665 0.1075 0.025
13 0.05625 0.4276041666666667 0.1125 0.025
13 0.050833333333333335 0.45286458333333335 0.10166666666666667 0.025520833333333333
13 0.40625 0.3731770833333333 0.14583333333333334 0.033854166666666664
13 0.3954166666666667 0.40260416666666665 0.12416666666666666 0.025
13 0.38958333333333334 0.4276041666666667 0.1125 0.025
13 0.38416666666666666 0.45286458333333335 0.10166666666666667 0.025520833333333333
13 0.7395833333333334 0.3731770833333333 0.14583333333333334 0.033854166666666664
13 0.7120833333333333 0.40260416666666665 0.09083333333333334 0.025
13 0.7229166666666667 0.4276041666666667 0.1125 0.025
13 0.7066666666666667 0.45286458333333335 0.08 0.025520833333333333
13 0.07083333333333333 0.48333333333333334 0.14166666666666666 0.034375
13 0.21333333333333335 0.48333333333333334 0.14166666666666666 0.034375
13 0.35583333333333333 0.48333333333333334 0.14166666666666666 0.034375
13 0.49833333333333335 0.48333333333333334 0.14166666666666666 0.034375
13 0.64125 0.48333333333333334 0.1425 0.034375
13 0.7845833333333333 0.48333333333333334 0.1425 0.034375
13 0.9279166666666666 0.48333333333333334 0.1425 0.034375
6 0.5 0.6 1 0.19791666666666666
13 0.16666666666666666 0.7158854166666667 0.3333333333333333 0.03177083333333333
13 0.5 0.7158854166666667 0.3333333333333333 0.03177083333333333
13 0.8333333333333334 0.7158854166666667 0.3333333333333333 0.03177083333333333
13 0.05625 0.7484375 0.1125 0.03333333333333333
13 0.38708333333333333 0.7484375 0.1075 0.03333333333333333
13 0.7204166666666667 0.7484375 0.1075 0.03333333333333333
13 0.05875 0.7776041666666667 0.1175 0.025
13 0.38125 0.7776041666666667 0.09583333333333334 0.025
13 0.7229166666666667 0.7776041666666667 0.1125 0.025
13 0.16666666666666666 0.80390625 0.3333333333333333 0.0171875
13 0.19166666666666668 0.82421875 0.38333333333333336 0.0171875
13 0.49916666666666665 0.8565104166666667 0.9816666666666667 0.0390625
13 0.50125 0.89375 0.9858333333333333 0.023958333333333335
6 0.043333333333333335 0.9270833333333334 0.05333333333333334 0.03333333333333333
13 0.5 0.9268229166666667 0.18166666666666667 0.028645833333333332
6 0.9383333333333334 0.9270833333333334 0.07 0.04375