5 0.06015625 0.05546875 0.09296875 0.06640625
13 0.50703125 0.04140625 0.8 0.0234375
13 0.196875 0.07109375 0.18046875 0.03515625
13 0.946875 0.05546875 0.0796875 0.05
6 0.05703125 0.12578125 0.0796875 0.05
13 0.546875 0.1171875 0.8734375 0.03671875
13 0.546875 0.1453125 0.8734375 0.01875
6 0.05703125 0.19375 0.0796875 0.05
13 0.546875 0.18515625 0.8734375 0.03671875
13 0.546875 0.21328125 0.8734375 0.01875
6 0.05703125 0.26171875 0.0796875 0.05
13 0.546875 0.253125 0.8734375 0.03671875
13 0.546875 0.28046875 0.8734375 0.01875
6 0.05703125 0.32890625 0.0796875 0.05
13 0.546875 0.3203125 0.8734375 0.03671875
13 0.546875 0.3484375 0.8734375 0.01875
6 0.05703125 0.396875 0.0796875 0.05
13 0.546875 0.38828125 0.8734375 0.03671875
13 0.546875 0.41640625 0.8734375 0.01875
13 0.1 0.91640625 0.16015625 0.03828125
13 0.3 0.91640625 0.16015625 0.03828125
13 0.5 0.91640625 0.16015625 0.040625
13 0.7 0.91640625 0.16015625 0.03828125
13 0.9 0.91640625 0.16015625 0.03828125