5 0.06 0.05520833333333333 0.09333333333333334 0.06666666666666667
13 0.49416666666666664 0.059375 0.775 0.028125
13 0.9466666666666667 0.05520833333333333 0.08 0.05
13 0.5 0.22421875 0.12666666666666668 0.03802083333333333
13 0.38208333333333333 0.26197916666666665 0.2075 0.019791666666666666
13 0.5816666666666667 0.26197916666666665 0.135 0.019791666666666666
6 0.5 0.37135416666666665 0.9533333333333334 0.16666666666666666
6 0.1325 0.30104166666666665 0.17833333333333334 0.03125
13 0.08 0.38255208333333335 0.11333333333333333 0.044270833333333336
13 0.5083333333333333 0.4703125 0.9366666666666666 0.025
13 0.09916666666666667 0.4984375 0.11833333333333333 0.014583333333333334
13 0.5 0.5234375 0.92 0.01875
13 0.5 0.5505208333333333 0.92 0.01875
6 0.06333333333333334 0.5880208333333333 0.04666666666666667 0.030208333333333334
6 0.0975 0.5880208333333333 0.05333333333333334 0.034375
13 0.48875 0.5880208333333333 0.6958333333333333 0.015625
6 0.885 0.5880208333333333 0.06 0.0375
6 0.9466666666666667 0.5880208333333333 0.06 0.0375
6 0.5 0.7036458333333333 0.9533333333333334 0.16666666666666666
6 0.1325 0.6333333333333333 0.17833333333333334 0.03125
13 0.06625 0.71484375 0.08583333333333333 0.044270833333333336
13 0.5083333333333333 0.8028645833333333 0.9366666666666666 0.025520833333333333
13 0.5 0.8333333333333334 0.92 0.01875
13 0.5 0.8604166666666667 0.92 0.01875
6 0.885 0.8979166666666667 0.06 0.0375
6 0.9466666666666667 0.8979166666666667 0.06 0.0375
6 0.5 0.9651041666666667 0.9533333333333334 0.06979166666666667
13 0.08208333333333333 0.121875 0.11416666666666667 0.0375
13 0.235 0.121875 0.15833333333333333 0.0375
13 0.4041666666666667 0.121875 0.14666666666666667 0.0375
13 0.59375 0.121875 0.19916666666666666 0.0375
6 0.5 0.16979166666666667 0.06 0.0375
5 0.9033333333333333 0.8822916666666667 0.14 0.10208333333333333