5 0.06015625 0.05546875 0.09296875 0.06640625
13 0.49453125 0.059375 0.775 0.028125
13 0.946875 0.05546875 0.0796875 0.05
13 0.5 0.22421875 0.1265625 0.03828125
13 0.38203125 0.26171875 0.2078125 0.01953125
13 0.58203125 0.26171875 0.13515625 0.01953125
6 0.5 0.37109375 0.953125 0.16640625
6 0.1328125 0.30078125 0.178125 0.03125
13 0.0796875 0.3828125 0.11328125 0.04453125
13 0.50859375 0.4703125 0.93671875 0.025
13 0.09921875 0.4984375 0.11796875 0.01484375
13 0.5 0.5234375 0.9203125 0.01875
13 0.5 0.55078125 0.9203125 0.01875
6 0.06328125 0.58828125 0.046875 0.03046875
6 0.09765625 0.58828125 0.053125 0.034375
13 0.4890625 0.58828125 0.69609375 0.015625
6 0.88515625 0.58828125 0.06015625 0.0375
6 0.946875 0.58828125 0.06015625 0.0375
6 0.5 0.70390625 0.953125 0.16640625
6 0.1328125 0.63359375 0.178125 0.03125
13 0.06640625 0.71484375 0.0859375 0.04453125
13 0.50859375 0.803125 0.93671875 0.02578125
13 0.5 0.83359375 0.9203125 0.01875
13 0.5 0.86015625 0.9203125 0.01875
6 0.88515625 0.89765625 0.06015625 0.0375
6 0.946875 0.89765625 0.06015625 0.0375
6 0.5 0.96484375 0.953125 0.06953125
13 0.08203125 0.121875 0.1140625 0.0375
13 0.23515625 0.121875 0.15859375 0.0375
13 0.40390625 0.121875 0.146875 0.0375
13 0.59375 0.121875 0.19921875 0.0375
6 0.5 0.16953125 0.06015625 0.0375
5 0.903125 0.88203125 0.13984375 0.10234375