6 0.5 0.109375 1 0.16666666666666666
5 0.06 0.059375 0.09333333333333334 0.06666666666666667
13 0.9466666666666667 0.059375 0.08 0.05
13 0.5 0.20989583333333334 1 0.034375
6 0.0925 0.2765625 0.125 0.078125
13 0.5620833333333334 0.2625 0.7791666666666667 0.019791666666666666
13 0.29583333333333334 0.2596354166666667 0.23333333333333334 0.0296875
13 0.5654166666666667 0.29296875 0.7858333333333334 0.03697916666666667
7 0.5654166666666667 0.2950520833333333 0.7725 0.04114583333333333
6 0.15083333333333335 0.2765625 0.028333333333333332 0.078125
6 0.0925 0.3651041666666667 0.125 0.078125
13 0.5620833333333334 0.35104166666666664 0.7791666666666667 0.019791666666666666
13 0.29583333333333334 0.34817708333333336 0.23333333333333334 0.0296875
13 0.5654166666666667 0.3815104166666667 0.7858333333333334 0.03697916666666667
7 0.5654166666666667 0.38359375 0.7725 0.04114583333333333
6 0.15083333333333335 0.3651041666666667 0.028333333333333332 0.078125
6 0.0925 0.45364583333333336 0.125 0.078125
13 0.5620833333333334 0.4395833333333333 0.7791666666666667 0.019791666666666666
13 0.29583333333333334 0.43671875 0.23333333333333334 0.0296875
13 0.5654166666666667 0.4700520833333333 0.7858333333333334 0.03697916666666667
7 0.5654166666666667 0.47213541666666664 0.7725 0.04114583333333333
6 0.15083333333333335 0.45364583333333336 0.028333333333333332 0.078125
6 0.0925 0.5421875 0.125 0.078125
13 0.5620833333333334 0.528125 0.7791666666666667 0.019791666666666666
13 0.29583333333333334 0.5252604166666667 0.23333333333333334 0.0296875
13 0.5654166666666667 0.55859375 0.7858333333333334 0.03697916666666667
7 0.5654166666666667 0.5606770833333333 0.7725 0.04114583333333333
6 0.15083333333333335 0.5421875 0.028333333333333332 0.078125
6 0.0925 0.6307291666666667 0.125 0.078125
13 0.5620833333333334 0.6166666666666667 0.7791666666666667 0.019791666666666666
13 0.29583333333333334 0.6138020833333333 0.23333333333333334 0.0296875
13 0.5654166666666667 0.6471354166666666 0.7858333333333334 0.03697916666666667
7 0.5654166666666667 0.64921875 0.7725 0.04114583333333333
6 0.15083333333333335 0.6307291666666667 0.028333333333333332 0.078125
6 0.0925 0.7192708333333333 0.125 0.078125
13 0.5620833333333334 0.7052083333333333 0.7791666666666667 0.019791666666666666
13 0.29583333333333334 0.70234375 0.23333333333333334 0.0296875
13 0.5654166666666667 0.7356770833333334 0.7858333333333334 0.03697916666666667
7 0.5654166666666667 0.7377604166666667 0.7725 0.04114583333333333
6 0.15083333333333335 0.7192708333333333 0.028333333333333332 0.078125
6 0.0925 0.8078125 0.125 0.078125
13 0.5620833333333334 0.79375 0.7791666666666667 0.019791666666666666
13 0.29583333333333334 0.7908854166666667 0.23333333333333334 0.0296875
13 0.5654166666666667 0.82421875 0.7858333333333334 0.03697916666666667
7 0.5654166666666667 0.8263020833333333 0.7725 0.04114583333333333
6 0.15083333333333335 0.8078125 0.028333333333333332 0.078125
6 0.0925 0.8963541666666667 0.125 0.078125
13 0.5620833333333334 0.8822916666666667 0.7791666666666667 0.019791666666666666
13 0.29583333333333334 0.8794270833333333 0.23333333333333334 0.0296875
13 0.5654166666666667 0.9127604166666666 0.7858333333333334 0.03697916666666667
7 0.5654166666666667 0.91484375 0.7725 0.04114583333333333
6 0.15083333333333335 0.8963541666666667 0.028333333333333332 0.078125
6 0.0925 0.9729166666666667 0.125 0.05416666666666667
6 0.15083333333333335 0.9729166666666667 0.028333333333333332 0.05416666666666667