6 0.5 0.109375 1 0.16640625
5 0.06015625 0.059375 0.09296875 0.06640625
13 0.946875 0.059375 0.0796875 0.05
13 0.5 0.21015625 1 0.034375
6 0.0921875 0.2765625 0.125 0.078125
13 0.56171875 0.2625 0.77890625 0.01953125
13 0.29609375 0.259375 0.23359375 0.0296875
13 0.565625 0.29296875 0.7859375 0.03671875
7 0.565625 0.2953125 0.77265625 0.04140625
6 0.15078125 0.2765625 0.028125 0.078125
6 0.0921875 0.36484375 0.125 0.078125
13 0.56171875 0.35078125 0.77890625 0.01953125
13 0.29609375 0.3484375 0.23359375 0.0296875
13 0.565625 0.38125 0.7859375 0.03671875
7 0.565625 0.38359375 0.77265625 0.04140625
6 0.15078125 0.36484375 0.028125 0.078125
6 0.0921875 0.45390625 0.125 0.078125
13 0.56171875 0.43984375 0.77890625 0.01953125
13 0.29609375 0.43671875 0.23359375 0.0296875
13 0.565625 0.4703125 0.7859375 0.03671875
7 0.565625 0.471875 0.77265625 0.04140625
6 0.15078125 0.45390625 0.028125 0.078125
6 0.0921875 0.5421875 0.125 0.078125
13 0.56171875 0.528125 0.77890625 0.01953125
13 0.29609375 0.525 0.23359375 0.0296875
13 0.565625 0.55859375 0.7859375 0.03671875
7 0.565625 0.5609375 0.77265625 0.04140625
6 0.15078125 0.5421875 0.028125 0.078125
6 0.0921875 0.63046875 0.125 0.078125
13 0.56171875 0.61640625 0.77890625 0.01953125
13 0.29609375 0.6140625 0.23359375 0.0296875
13 0.565625 0.646875 0.7859375 0.03671875
7 0.565625 0.64921875 0.77265625 0.04140625
6 0.15078125 0.63046875 0.028125 0.078125
6 0.0921875 0.71953125 0.125 0.078125
13 0.56171875 0.70546875 0.77890625 0.01953125
13 0.29609375 0.70234375 0.23359375 0.0296875
13 0.565625 0.7359375 0.7859375 0.03671875
7 0.565625 0.7375 0.77265625 0.04140625
6 0.15078125 0.71953125 0.028125 0.078125
6 0.0921875 0.8078125 0.125 0.078125
13 0.56171875 0.79375 0.77890625 0.01953125
13 0.29609375 0.790625 0.23359375 0.0296875
13 0.565625 0.82421875 0.7859375 0.03671875
7 0.565625 0.8265625 0.77265625 0.04140625
6 0.15078125 0.8078125 0.028125 0.078125
6 0.0921875 0.89609375 0.125 0.078125
13 0.56171875 0.88203125 0.77890625 0.01953125
13 0.29609375 0.8796875 0.23359375 0.0296875
13 0.565625 0.9125 0.7859375 0.03671875
7 0.565625 0.91484375 0.77265625 0.04140625
6 0.15078125 0.89609375 0.028125 0.078125
6 0.0921875 0.97265625 0.125 0.05390625
6 0.15078125 0.97265625 0.028125 0.05390625