13 0.11708333333333333 0.059375 0.18083333333333335 0.028125
13 0.7866666666666666 0.059375 0.08 0.05
13 0.8666666666666667 0.059375 0.08 0.05
13 0.9466666666666667 0.059375 0.08 0.05
6 0.06 0.178125 0.12 0.09166666666666666
13 0.56 0.12161458333333333 0.8266666666666667 0.024479166666666666
5 0.18666666666666668 0.19895833333333332 0.08 0.05
3 0.56 0.19895833333333332 0.6133333333333333 0.13020833333333334
5 0.9333333333333333 0.19895833333333332 0.08 0.05
6 0.06 0.3494791666666667 0.12 0.09166666666666666
13 0.56 0.29296875 0.8266666666666667 0.024479166666666666
5 0.18666666666666668 0.3703125 0.08 0.05
3 0.56 0.3703125 0.6133333333333333 0.13020833333333334
5 0.9333333333333333 0.3703125 0.08 0.05
6 0.06 0.5208333333333334 0.12 0.09166666666666666
13 0.56 0.46432291666666664 0.8266666666666667 0.024479166666666666
5 0.18666666666666668 0.5416666666666666 0.08 0.05
3 0.56 0.5416666666666666 0.6133333333333333 0.13020833333333334
5 0.9333333333333333 0.5416666666666666 0.08 0.05
6 0.06 0.6921875 0.12 0.09166666666666666
13 0.56 0.6356770833333333 0.8266666666666667 0.024479166666666666
5 0.18666666666666668 0.7130208333333333 0.08 0.05
3 0.56 0.7130208333333333 0.6133333333333333 0.13020833333333334
5 0.9333333333333333 0.7130208333333333 0.08 0.05
0 0.5 0.8643229166666667 0.96 0.14635416666666667