13 0.33375 0.20625 0.2025 0.1
13 0.2575 0.502734375 0.4675 0.09921875
13 0.339375 0.057421875 0.45875 0.03046875
13 0.214375 0.110546875 0.10875 0.03046875
13 0.513125 0.108984375 0.12375 0.03515625
13 0.796875 0.10546875 0.07625 0.0296875
0 0.50375 0.748046875 0.895 0.06796875
0 0.853125 0.9328125 0.16625 0.0375
13 0.7825 0.871875 0.415 0.0390625
6 0.50125 0.901171875 0.1425 0.09140625
6 0.220625 0.896484375 0.32125 0.05859375
6 0.06 0.055859375 0.08 0.05390625
11 0.121875 0.21171875 0.19375 0.1265625