13 0.33359375 0.20625 0.20234375 0.1
13 0.2578125 0.503125 0.4671875 0.09921875
13 0.3390625 0.0578125 0.45859375 0.03046875
13 0.2140625 0.1109375 0.10859375 0.03046875
13 0.51328125 0.109375 0.1234375 0.03515625
13 0.796875 0.10546875 0.0765625 0.0296875
0 0.50390625 0.7484375 0.8953125 0.06796875
0 0.853125 0.9328125 0.16640625 0.0375
13 0.7828125 0.871875 0.41484375 0.0390625
6 0.5015625 0.9015625 0.1421875 0.09140625
6 0.2203125 0.896875 0.32109375 0.05859375
6 0.06015625 0.05625 0.0796875 0.05390625
11 0.121875 0.21171875 0.19375 0.1265625