13 0.19916666666666666 0.28802083333333334 0.25166666666666665 0.042708333333333334
6 0.50125 0.22604166666666667 0.9508333333333333 0.06041666666666667
6 0.49333333333333335 0.8380208333333333 0.915 0.21770833333333334
6 0.17 0.11484375 0.075 0.03177083333333333
6 0.49916666666666665 0.11536458333333334 0.07333333333333333 0.030729166666666665
6 0.8308333333333333 0.11588541666666667 0.08 0.0359375
5 0.8633333333333333 0.05859375 0.06333333333333334 0.033854166666666664
5 0.9479166666666666 0.05963541666666667 0.05583333333333333 0.03177083333333333
13 0.16625 0.06015625 0.2841666666666667 0.034895833333333334
13 0.10458333333333333 0.33567708333333335 0.059166666666666666 0.027604166666666666
13 0.18125 0.48463541666666665 0.20583333333333334 0.0296875
13 0.12708333333333333 0.5872395833333334 0.11083333333333334 0.0328125
13 0.13458333333333333 0.63671875 0.1125 0.021354166666666667
13 0.13625 0.6841145833333333 0.1325 0.030729166666666665
13 0.55625 0.16067708333333333 0.11583333333333333 0.0296875
13 0.08 0.16119791666666666 0.15333333333333332 0.030729166666666665