6 0.5 0.475 1 0.95
6 0.5 0.32369791666666664 1 0.6473958333333333
5 0.42625 0.05807291666666667 0.10583333333333333 0.06614583333333333
5 0.5729166666666666 0.05807291666666667 0.10583333333333333 0.06614583333333333
5 0.9566666666666667 0.027083333333333334 0.06666666666666667 0.041666666666666664
6 0.48 0.14505208333333333 0.365 0.0578125
5 0.04666666666666667 0.6924479166666667 0.06666666666666667 0.0484375
5 0.11333333333333333 0.6924479166666667 0.06666666666666667 0.0484375
8 0.43333333333333335 0.6934895833333333 0.06666666666666667 0.0484375
8 0.5 0.6934895833333333 0.06666666666666667 0.0484375
8 0.5666666666666667 0.6934895833333333 0.06666666666666667 0.0484375
5 0.8733333333333333 0.6924479166666667 0.06666666666666667 0.0484375
5 0.9533333333333334 0.6924479166666667 0.06666666666666667 0.0484375
6 0.5 0.9010416666666666 1 0.09791666666666667