6 0.5 0.475 1 0.95
6 0.5 0.3234375 1 0.646875
5 0.4265625 0.0578125 0.10546875 0.06640625
5 0.57265625 0.0578125 0.10546875 0.06640625
5 0.95703125 0.02734375 0.06640625 0.04140625
6 0.4796875 0.1453125 0.36484375 0.0578125
5 0.046875 0.6921875 0.06640625 0.0484375
5 0.11328125 0.6921875 0.06640625 0.0484375
8 0.43359375 0.69375 0.06640625 0.0484375
8 0.5 0.69375 0.06640625 0.0484375
8 0.56640625 0.69375 0.06640625 0.0484375
5 0.8734375 0.6921875 0.06640625 0.0484375
5 0.953125 0.6921875 0.06640625 0.0484375
6 0.5 0.90078125 1 0.09765625