13 0.19921875 0.28828125 0.2515625 0.04296875
6 0.5015625 0.22578125 0.95078125 0.06015625
6 0.49296875 0.83828125 0.91484375 0.21796875
6 0.1703125 0.11484375 0.075 0.03203125
6 0.49921875 0.115625 0.0734375 0.03046875
6 0.83046875 0.115625 0.0796875 0.0359375
5 0.86328125 0.05859375 0.06328125 0.03359375
5 0.94765625 0.059375 0.05546875 0.03203125
13 0.16640625 0.06015625 0.284375 0.03515625
13 0.1046875 0.3359375 0.059375 0.02734375
13 0.18125 0.484375 0.20546875 0.0296875
13 0.12734375 0.5875 0.1109375 0.0328125
13 0.134375 0.63671875 0.1125 0.02109375
13 0.1359375 0.684375 0.1328125 0.03046875
13 0.55625 0.1609375 0.115625 0.0296875
13 0.0796875 0.1609375 0.153125 0.03046875