5 0.06015625 0.059375 0.09296875 0.06640625
13 0.1875 0.059375 0.10859375 0.028125
13 0.93984375 0.059375 0.09296875 0.05
5 0.953125 0.059375 0.09296875 0.06640625
13 0.953125 0.03515625 0.09296875 0.01484375
13 0.953125 0.08359375 0.09296875 0.01484375
13 0.49921875 0.4921875 0.1390625 0.03359375
13 0.21796875 0.9328125 0.09921875 0.0171875
6 0.21796875 0.9125 0.03984375 0.025
13 0.49921875 0.9328125 0.03984375 0.0171875
6 0.49921875 0.9125 0.03984375 0.025
13 0.78046875 0.93203125 0.07578125 0.01953125
6 0.7796875 0.91015625 0.03984375 0.025