5 0.06 0.059375 0.09333333333333334 0.06666666666666667
13 0.1875 0.059375 0.10833333333333334 0.028125
13 0.94 0.059375 0.09333333333333334 0.05
5 0.9533333333333334 0.059375 0.09333333333333334 0.06666666666666667
13 0.9533333333333334 0.035416666666666666 0.09333333333333334 0.014583333333333334
13 0.9533333333333334 0.08333333333333333 0.09333333333333334 0.014583333333333334
13 0.4995833333333333 0.49192708333333335 0.13916666666666666 0.033854166666666664
13 0.21791666666666668 0.9325520833333333 0.09916666666666667 0.0171875
6 0.21833333333333332 0.9125 0.04 0.025
13 0.49916666666666665 0.9325520833333333 0.04 0.0171875
6 0.49916666666666665 0.9125 0.04 0.025
13 0.7804166666666666 0.9317708333333333 0.07583333333333334 0.019791666666666666
6 0.78 0.9104166666666667 0.04 0.025