0 0.0375 0.049479166666666664 0.075 0.046875
0 0.11666666666666667 0.049479166666666664 0.08333333333333333 0.046875
0 0.8875 0.049479166666666664 0.075 0.046875
11 0.9625 0.049479166666666664 0.075 0.046875
13 0.95875 0.0359375 0.0675 0.019791666666666666
13 0.5 0.10703125 1 0.06822916666666666
13 0.5 0.15104166666666666 1 0.019791666666666666
13 0.445 0.21588541666666666 0.79 0.07864583333333333
0 0.9125 0.21822916666666667 0.041666666666666664 0.026041666666666668
3 0.4529166666666667 0.290625 0.8058333333333333 0.05
0 0.3333333333333333 0.36770833333333336 0.15 0.05
0 0.5 0.36770833333333336 0.15 0.05
0 0.6666666666666666 0.36770833333333336 0.15 0.05