6 0.5 0.028125 1 0.00390625
13 0.15859375 0.05078125 0.31640625 0.04140625
6 0.96640625 0.05078125 0.06640625 0.04140625
6 0.04140625 0.096875 0.0828125 0.05
6 0.125 0.096875 0.08359375 0.05
6 0.20859375 0.096875 0.08359375 0.05
6 0.54140625 0.096875 0.05 0.03125
6 0.625 0.096875 0.08359375 0.05
6 0.70859375 0.096875 0.08359375 0.05
6 0.79140625 0.096875 0.08359375 0.05
6 0.875 0.096875 0.08359375 0.05
6 0.9578125 0.096875 0.084375 0.05
0 0.3046875 0.17421875 0.225 0.021875
0 0.55234375 0.17421875 0.0453125 0.021875
3 0.42578125 0.1734375 0.21015625 0.0203125
1 0.1078125 0.2140625 0.18984375 0.01171875
1 0.1078125 0.22578125 0.18984375 0.01171875
1 0.1078125 0.78984375 0.18984375 0.01171875
1 0.1078125 0.871875 0.18984375 0.01171875
1 0.1078125 0.88359375 0.18984375 0.01171875
1 0.1078125 0.8953125 0.18984375 0.01171875
1 0.1078125 0.90703125 0.18984375 0.01171875
1 0.1078125 0.91875 0.18984375 0.01171875
1 0.1078125 0.93125 0.18984375 0.01171875
1 0.1078125 0.94296875 0.18984375 0.01171875
1 0.1078125 0.990625 0.18984375 0.01171875
1 0.10703125 0.99765625 0.1890625 0.0046875