6 0.5 0.028125 1 0.004166666666666667
13 0.15833333333333333 0.051041666666666666 0.31666666666666665 0.041666666666666664
6 0.9666666666666667 0.051041666666666666 0.06666666666666667 0.041666666666666664
6 0.041666666666666664 0.096875 0.08333333333333333 0.05
6 0.125 0.096875 0.08333333333333333 0.05
6 0.20833333333333334 0.096875 0.08333333333333333 0.05
6 0.5416666666666666 0.096875 0.05 0.03125
6 0.625 0.096875 0.08333333333333333 0.05
6 0.7083333333333334 0.096875 0.08333333333333333 0.05
6 0.7916666666666666 0.096875 0.08333333333333333 0.05
6 0.875 0.096875 0.08333333333333333 0.05
6 0.9583333333333334 0.096875 0.08333333333333333 0.05
0 0.305 0.17447916666666666 0.225 0.021875
0 0.5525 0.17395833333333333 0.045 0.021875
3 0.42583333333333334 0.17317708333333334 0.21 0.0203125
1 0.1075 0.2140625 0.19 0.011458333333333333
1 0.1075 0.22578125 0.19 0.011979166666666667
1 0.1075 0.78984375 0.19 0.011979166666666667
1 0.1075 0.8716145833333333 0.19 0.011979166666666667
1 0.1075 0.88359375 0.19 0.011979166666666667
1 0.1075 0.8953125 0.19 0.011458333333333333
1 0.1075 0.90703125 0.19 0.011979166666666667
1 0.1075 0.9190104166666667 0.19 0.011979166666666667
1 0.1075 0.9309895833333334 0.19 0.011979166666666667
1 0.1075 0.94296875 0.19 0.011979166666666667
1 0.1075 0.9903645833333333 0.19 0.011979166666666667
1 0.1075 0.9981770833333333 0.19 0.0036458333333333334