13 0.34375 0.07369791666666667 0.4525 0.0328125
13 0.49666666666666665 0.2630208333333333 0.415 0.04583333333333333
13 0.49166666666666664 0.39921875 0.235 0.030729166666666665
13 0.19666666666666666 0.4466145833333333 0.31833333333333336 0.03697916666666667
13 0.5241666666666667 0.5088541666666667 0.76 0.06354166666666666
13 0.3329166666666667 0.575 0.3875 0.051041666666666666
13 0.3075 0.6369791666666667 0.3466666666666667 0.058333333333333334
13 0.5033333333333333 0.32265625 0.095 0.030729166666666665
5 0.06333333333333334 0.07005208333333333 0.06833333333333333 0.0359375
6 0.08916666666666667 0.5 0.07333333333333333 0.052083333333333336
6 0.09166666666666666 0.5661458333333333 0.07166666666666667 0.04375
6 0.09 0.6322916666666667 0.06833333333333333 0.046875
6 0.5020833333333333 0.1734375 0.1375 0.05520833333333333
6 0.39208333333333334 0.9111979166666667 0.0525 0.03697916666666667
6 0.58875 0.91171875 0.050833333333333335 0.0296875
6 0.82875 0.9143229166666667 0.049166666666666664 0.0328125