13 0.34375 0.0734375 0.45234375 0.0328125
13 0.496875 0.26328125 0.41484375 0.04609375
13 0.49140625 0.39921875 0.23515625 0.03046875
13 0.196875 0.446875 0.31796875 0.03671875
13 0.52421875 0.50859375 0.76015625 0.06328125
13 0.3328125 0.575 0.3875 0.05078125
13 0.3078125 0.63671875 0.346875 0.05859375
13 0.503125 0.32265625 0.0953125 0.03046875
5 0.06328125 0.0703125 0.06796875 0.0359375
6 0.0890625 0.5 0.0734375 0.05234375
6 0.09140625 0.56640625 0.071875 0.04375
6 0.08984375 0.63203125 0.06796875 0.046875
6 0.50234375 0.1734375 0.1375 0.05546875
6 0.3921875 0.9109375 0.05234375 0.03671875
6 0.5890625 0.91171875 0.05078125 0.0296875
6 0.82890625 0.9140625 0.04921875 0.0328125