6 0.5 0.028125 1 0.004166666666666667
13 0.15833333333333333 0.051041666666666666 0.31666666666666665 0.041666666666666664
6 0.9666666666666667 0.051041666666666666 0.06666666666666667 0.041666666666666664
6 0.041666666666666664 0.096875 0.08333333333333333 0.05
6 0.125 0.096875 0.08333333333333333 0.05
6 0.20833333333333334 0.096875 0.08333333333333333 0.05
6 0.5416666666666666 0.096875 0.05 0.03125
6 0.625 0.096875 0.08333333333333333 0.05
6 0.7083333333333334 0.096875 0.08333333333333333 0.05
6 0.7916666666666666 0.096875 0.08333333333333333 0.05
6 0.875 0.096875 0.08333333333333333 0.05
6 0.9583333333333334 0.096875 0.08333333333333333 0.05
6 0.16666666666666666 0.20208333333333334 0.13333333333333333 0.08333333333333333
6 0.22416666666666665 0.16302083333333334 0.056666666666666664 0.01875
13 0.16666666666666666 0.25364583333333335 0.16666666666666666 0.019791666666666666
13 0.085 0.14895833333333333 0.03666666666666667 0.0125
6 0.5 0.20208333333333334 0.13333333333333333 0.08333333333333333
13 0.4995833333333333 0.25364583333333335 0.07416666666666667 0.019791666666666666
6 0.8333333333333334 0.20208333333333334 0.13333333333333333 0.08333333333333333
13 0.8329166666666666 0.25364583333333335 0.1025 0.019791666666666666
6 0.16666666666666666 0.3645833333333333 0.13333333333333333 0.08333333333333333
13 0.16666666666666666 0.4161458333333333 0.07333333333333333 0.019791666666666666
6 0.5 0.3645833333333333 0.13333333333333333 0.08333333333333333
13 0.4995833333333333 0.4161458333333333 0.0925 0.019791666666666666
6 0.8333333333333334 0.3645833333333333 0.13333333333333333 0.08333333333333333
13 0.8329166666666666 0.4161458333333333 0.0875 0.019791666666666666
6 0.16666666666666666 0.5270833333333333 0.13333333333333333 0.08333333333333333