6 0.5 0.028125 1 0.00390625
13 0.15859375 0.05078125 0.31640625 0.04140625
6 0.96640625 0.05078125 0.06640625 0.04140625
6 0.04140625 0.096875 0.0828125 0.05
6 0.125 0.096875 0.08359375 0.05
6 0.20859375 0.096875 0.08359375 0.05
6 0.54140625 0.096875 0.05 0.03125
6 0.625 0.096875 0.08359375 0.05
6 0.70859375 0.096875 0.08359375 0.05
6 0.79140625 0.096875 0.08359375 0.05
6 0.875 0.096875 0.08359375 0.05
6 0.9578125 0.096875 0.084375 0.05
6 0.16640625 0.20234375 0.13359375 0.08359375
6 0.22421875 0.16328125 0.05703125 0.01875
13 0.16640625 0.25390625 0.16640625 0.01953125
13 0.08515625 0.14921875 0.03671875 0.0125
6 0.5 0.20234375 0.13359375 0.08359375
13 0.49921875 0.25390625 0.07421875 0.01953125
6 0.83359375 0.20234375 0.13359375 0.08359375
13 0.8328125 0.25390625 0.10234375 0.01953125
6 0.16640625 0.36484375 0.13359375 0.08359375
13 0.16640625 0.41640625 0.0734375 0.01953125
6 0.5 0.36484375 0.13359375 0.08359375
13 0.49921875 0.41640625 0.0921875 0.01953125
6 0.83359375 0.36484375 0.13359375 0.08359375
13 0.8328125 0.41640625 0.0875 0.01953125
6 0.16640625 0.52734375 0.13359375 0.08359375