5 0.06015625 0.059375 0.09296875 0.06640625
13 0.20078125 0.059375 0.175 0.028125
5 0.84140625 0.059375 0.0796875 0.05
12 0.934375 0.059375 0.078125 0.028125
13 0.15234375 0.15234375 0.221875 0.046875
13 0.35234375 0.15859375 0.15078125 0.04453125
5 0.93828125 0.15859375 0.05703125 0.03515625
6 0.08203125 0.221875 0.0796875 0.05
6 0.18828125 0.221875 0.0796875 0.05
6 0.2953125 0.221875 0.0796875 0.05
6 0.4015625 0.221875 0.0796875 0.05
6 0.50859375 0.221875 0.0796875 0.05
6 0.61484375 0.221875 0.0796875 0.05
13 0.09296875 0.30078125 0.10234375 0.02265625
13 0.20703125 0.29453125 0.0984375 0.04453125
6 0.06171875 0.35 0.03984375 0.025
10 0.53359375 0.35 0.88984375 0.025
13 0.1109375 0.4484375 0.13828125 0.02421875
13 0.228125 0.44296875 0.06953125 0.04453125
6 0.06171875 0.4984375 0.03984375 0.025
10 0.53359375 0.4984375 0.88984375 0.025
6 0.06171875 0.54609375 0.03984375 0.025
13 0.49453125 0.54609375 0.771875 0.01953125
12 0.91953125 0.54609375 0.078125 0.028125
6 0.06171875 0.59296875 0.03984375 0.025
13 0.26484375 0.59296875 0.31328125 0.01953125
13 0.134375 0.6953125 0.1859375 0.02421875
13 0.28984375 0.68984375 0.09765625 0.04453125
12 0.91953125 0.68984375 0.078125 0.028125
6 0.5 0.87578125 0.9703125 0.24765625
6 0.0296875 0.76171875 0.0203125 0.0125