13 0.20541666666666666 0.42942708333333335 0.30583333333333335 0.03177083333333333
8 0.9216666666666666 0.4661458333333333 0.065 0.041666666666666664
8 0.9241666666666667 0.51171875 0.06666666666666667 0.034895833333333334
12 0.8745833333333334 0.32708333333333334 0.20916666666666667 0.04791666666666667
12 0.87625 0.6859375 0.2125 0.04791666666666667
13 0.22791666666666666 0.6872395833333333 0.30583333333333335 0.030729166666666665
13 0.20166666666666666 0.46848958333333335 0.25 0.033854166666666664
13 0.18375 0.51171875 0.22416666666666665 0.034895833333333334
13 0.79125 0.5606770833333333 0.11583333333333333 0.0265625
13 0.9145833333333333 0.55859375 0.05416666666666667 0.0265625
13 0.14583333333333334 0.05520833333333333 0.15166666666666667 0.040625
13 0.1675 0.13046875 0.17166666666666666 0.03177083333333333
13 0.18125 0.19609375 0.18916666666666668 0.0328125
13 0.13708333333333333 0.2638020833333333 0.1075 0.0296875
6 0.04875 0.1328125 0.049166666666666664 0.051041666666666666
6 0.04875 0.19765625 0.0525 0.0359375
6 0.050416666666666665 0.26328125 0.0525 0.033854166666666664
6 0.04958333333333333 0.32734375 0.05416666666666667 0.03177083333333333
6 0.8458333333333333 0.05364583333333333 0.07 0.03958333333333333
5 0.03208333333333333 0.053385416666666664 0.05416666666666667 0.034895833333333334
13 0.215 0.32421875 0.23 0.03177083333333333