5 0.06 0.059375 0.09333333333333334 0.06666666666666667
13 0.20083333333333334 0.059375 0.175 0.028125
5 0.8416666666666667 0.059375 0.08 0.05
12 0.9341666666666667 0.059375 0.07833333333333334 0.028125
13 0.1525 0.15260416666666668 0.22166666666666668 0.046875
13 0.35208333333333336 0.15833333333333333 0.15083333333333335 0.04479166666666667
5 0.9383333333333334 0.15833333333333333 0.056666666666666664 0.035416666666666666
6 0.08166666666666667 0.221875 0.08 0.05
6 0.18833333333333332 0.221875 0.08 0.05
6 0.295 0.221875 0.08 0.05
6 0.40166666666666667 0.221875 0.08 0.05
6 0.5083333333333333 0.221875 0.08 0.05
6 0.615 0.221875 0.08 0.05
13 0.09291666666666666 0.30078125 0.1025 0.022395833333333334
13 0.20666666666666667 0.2942708333333333 0.09833333333333333 0.04479166666666667
6 0.06166666666666667 0.35 0.04 0.025
10 0.5333333333333333 0.35 0.89 0.025
13 0.11083333333333334 0.44817708333333334 0.13833333333333334 0.024479166666666666
13 0.22791666666666666 0.4427083333333333 0.06916666666666667 0.04479166666666667
6 0.06166666666666667 0.4984375 0.04 0.025
10 0.5333333333333333 0.4984375 0.89 0.025
6 0.06166666666666667 0.5458333333333333 0.04 0.025
13 0.49416666666666664 0.5458333333333333 0.7716666666666666 0.019791666666666666
12 0.9191666666666667 0.5458333333333333 0.07833333333333334 0.028125
6 0.06166666666666667 0.5932291666666667 0.04 0.025
13 0.265 0.5932291666666667 0.31333333333333335 0.019791666666666666
13 0.13458333333333333 0.6955729166666667 0.18583333333333332 0.024479166666666666
13 0.28958333333333336 0.6901041666666666 0.0975 0.04479166666666667
12 0.9191666666666667 0.6901041666666666 0.07833333333333334 0.028125
6 0.5 0.8760416666666667 0.97 0.24791666666666667
6 0.03 0.7614583333333333 0.02 0.0125