13 0.56625 0.241796875 0.83 0.15859375
13 0.485 0.81328125 0.935 0.0796875
13 0.55 0.662109375 0.8725 0.13828125
13 0.481875 0.409375 0.93875 0.0828125
13 0.348125 0.066015625 0.45375 0.04453125
5 0.1025 0.9109375 0.1 0.053125
5 0.299375 0.91328125 0.11875 0.0625
5 0.696875 0.910546875 0.08375 0.05390625
5 0.896875 0.9140625 0.11375 0.059375
5 0.7925 0.0578125 0.105 0.0609375
5 0.931875 0.062890625 0.08125 0.05390625
5 0.930625 0.129296875 0.09875 0.05234375
5 0.615 0.127734375 0.095 0.05390625
5 0.38875 0.130859375 0.105 0.05078125
5 0.065625 0.0640625 0.08375 0.040625