6 0.5 0.328125 1 0.65625
5 0.0546875 0.034375 0.08359375 0.05234375
5 0.046875 0.690625 0.06640625 0.05546875
5 0.11328125 0.690625 0.06640625 0.05546875
8 0.43359375 0.690625 0.06640625 0.05546875
8 0.5 0.690625 0.06640625 0.05546875
8 0.56640625 0.690625 0.06640625 0.05546875
5 0.8734375 0.690625 0.06640625 0.05546875
5 0.953125 0.690625 0.06640625 0.05546875
13 0.49921875 0.76015625 0.20546875 0.01953125
6 0.096875 0.81953125 0.03828125 0.08125
6 0.21015625 0.83671875 0.03828125 0.08125
6 0.3234375 0.83671875 0.03828125 0.08125
6 0.43671875 0.83671875 0.03828125 0.08125
6 0.55 0.83671875 0.03828125 0.08125
6 0.66328125 0.83671875 0.03828125 0.08125
6 0.7765625 0.83671875 0.03828125 0.08125
5 0.92734375 0.7921875 0.10546875 0.06640625
6 0.5 0.90078125 1 0.09765625
6 0.05 0.91875 0.08671875 0.05390625
13 0.4234375 0.90859375 0.63984375 0.01953125
13 0.4234375 0.93046875 0.63984375 0.01640625
13 0.89296875 0.91875 0.21328125 0.0625