13 0.56640625 0.2421875 0.8296875 0.15859375
13 0.48515625 0.81328125 0.93515625 0.0796875
13 0.55 0.6625 0.87265625 0.13828125
13 0.48203125 0.409375 0.9390625 0.0828125
13 0.3484375 0.065625 0.45390625 0.04453125
5 0.10234375 0.9109375 0.1 0.053125
5 0.29921875 0.91328125 0.11875 0.0625
5 0.696875 0.9109375 0.08359375 0.05390625
5 0.896875 0.9140625 0.1140625 0.059375
5 0.7921875 0.0578125 0.1046875 0.0609375
5 0.93203125 0.0625 0.08125 0.05390625
5 0.93046875 0.1296875 0.0984375 0.05234375
5 0.61484375 0.128125 0.0953125 0.05390625
5 0.3890625 0.13125 0.1046875 0.05078125
5 0.065625 0.0640625 0.08359375 0.040625