6 0.5 0.32838541666666665 1 0.6567708333333333
5 0.055 0.034375 0.08333333333333333 0.052083333333333336
5 0.04666666666666667 0.6908854166666667 0.06666666666666667 0.05572916666666667
5 0.11333333333333333 0.6908854166666667 0.06666666666666667 0.05572916666666667
8 0.43333333333333335 0.6908854166666667 0.06666666666666667 0.05572916666666667
8 0.5 0.6908854166666667 0.06666666666666667 0.05572916666666667
8 0.5666666666666667 0.6908854166666667 0.06666666666666667 0.05572916666666667
5 0.8733333333333333 0.6908854166666667 0.06666666666666667 0.05572916666666667
5 0.9533333333333334 0.6908854166666667 0.06666666666666667 0.05572916666666667
13 0.4995833333333333 0.7598958333333333 0.20583333333333334 0.019791666666666666
6 0.09666666666666666 0.8197916666666667 0.03833333333333333 0.08125
6 0.21 0.8364583333333333 0.03833333333333333 0.08125
6 0.3233333333333333 0.8364583333333333 0.03833333333333333 0.08125
6 0.43666666666666665 0.8364583333333333 0.03833333333333333 0.08125
6 0.55 0.8364583333333333 0.03833333333333333 0.08125
6 0.6633333333333333 0.8364583333333333 0.03833333333333333 0.08125
6 0.7766666666666666 0.8364583333333333 0.03833333333333333 0.08125
5 0.9270833333333334 0.7924479166666667 0.10583333333333333 0.06614583333333333
6 0.5 0.9010416666666666 1 0.09791666666666667