13 0.27875 0.08802083333333334 0.2891666666666667 0.057291666666666664
13 0.29833333333333334 0.16901041666666666 0.3283333333333333 0.03177083333333333
13 0.30416666666666664 0.2638020833333333 0.3233333333333333 0.03177083333333333
13 0.36541666666666667 0.44609375 0.4725 0.028645833333333332
13 0.22791666666666666 0.6369791666666667 0.2075 0.05625
13 0.27125 0.8177083333333334 0.2875 0.04791666666666667
13 0.3254166666666667 0.8893229166666666 0.30416666666666664 0.08697916666666666
6 0.06291666666666666 0.22630208333333332 0.11583333333333333 0.34427083333333336
6 0.059583333333333335 0.5916666666666667 0.11916666666666667 0.36041666666666666
6 0.08458333333333333 0.8973958333333333 0.13916666666666666 0.1
6 0.06041666666666667 0.8125 0.1075 0.06458333333333334