6 0.50125 0.5190104166666667 0.9475 0.6109375
6 0.24208333333333334 0.09921875 0.4775 0.034895833333333334
6 0.07333333333333333 0.054947916666666666 0.07833333333333334 0.0359375
13 0.20375 0.05911458333333333 0.12583333333333332 0.0328125
10 0.5720833333333334 0.87890625 0.2941666666666667 0.03802083333333333
6 0.97125 0.8747395833333333 0.050833333333333335 0.0296875
6 0.034166666666666665 0.8786458333333333 0.065 0.04583333333333333
5 0.28791666666666665 0.8794270833333333 0.0525 0.030729166666666665
5 0.34708333333333335 0.87890625 0.050833333333333335 0.03177083333333333
5 0.04416666666666667 0.14036458333333332 0.065 0.0359375
5 0.041666666666666664 0.184375 0.07 0.03958333333333333