6 0.03671875 0.04765625 0.03359375 0.02109375
13 0.30859375 0.04765625 0.053125 0.02421875
13 0.76953125 0.04765625 0.16640625 0.02421875
6 0.5 0.4375 0.13671875 0.08515625
13 0.5 0.5015625 0.6015625 0.02109375
6 0.14921875 0.91640625 0.04296875 0.0265625
13 0.14921875 0.93984375 0.11015625 0.0203125
6 0.265625 0.91640625 0.04296875 0.0265625
13 0.265625 0.93984375 0.11015625 0.0203125
6 0.3828125 0.91640625 0.04296875 0.0265625
13 0.3828125 0.93984375 0.11015625 0.0203125
6 0.49921875 0.91640625 0.04296875 0.0265625
13 0.49921875 0.93984375 0.11015625 0.0203125
6 0.615625 0.91640625 0.04296875 0.0265625
13 0.615625 0.93984375 0.11015625 0.0203125
6 0.7328125 0.91640625 0.04296875 0.0265625
13 0.7328125 0.93984375 0.11015625 0.0203125
6 0.84921875 0.91640625 0.04296875 0.0265625
13 0.84921875 0.93984375 0.11015625 0.0203125