6 0.03666666666666667 0.04791666666666667 0.03333333333333333 0.020833333333333332
13 0.30833333333333335 0.04791666666666667 0.05333333333333334 0.023958333333333335
13 0.7691666666666667 0.04791666666666667 0.16666666666666666 0.023958333333333335
6 0.5 0.4375 0.13666666666666666 0.08541666666666667
13 0.5 0.5013020833333334 0.6016666666666667 0.021354166666666667
6 0.14916666666666667 0.91640625 0.043333333333333335 0.0265625
13 0.14916666666666667 0.93984375 0.11 0.0203125
6 0.2658333333333333 0.91640625 0.043333333333333335 0.0265625
13 0.2658333333333333 0.93984375 0.11 0.0203125
6 0.3825 0.91640625 0.043333333333333335 0.0265625
13 0.3825 0.93984375 0.11 0.0203125
6 0.49916666666666665 0.91640625 0.043333333333333335 0.0265625
13 0.49916666666666665 0.93984375 0.11 0.0203125
6 0.6158333333333333 0.91640625 0.043333333333333335 0.0265625
13 0.6158333333333333 0.93984375 0.11 0.0203125
6 0.7325 0.91640625 0.043333333333333335 0.0265625
13 0.7325 0.93984375 0.11 0.0203125
6 0.8491666666666666 0.91640625 0.043333333333333335 0.0265625
13 0.8491666666666666 0.93984375 0.11 0.0203125