6 0.0375 0.04895833333333333 0.03333333333333333 0.019791666666666666
13 0.5 0.04895833333333333 0.85 0.04583333333333333
6 0.025 0.09270833333333334 0.03333333333333333 0.020833333333333332
13 0.5208333333333334 0.09270833333333334 0.9416666666666667 0.01875
6 0.14916666666666667 0.91640625 0.043333333333333335 0.0265625
13 0.14916666666666667 0.93984375 0.11 0.0203125
6 0.2658333333333333 0.91640625 0.043333333333333335 0.0265625
13 0.2658333333333333 0.93984375 0.11 0.0203125
6 0.3825 0.91640625 0.043333333333333335 0.0265625
13 0.3825 0.93984375 0.11 0.0203125
6 0.49916666666666665 0.91640625 0.043333333333333335 0.0265625
13 0.49916666666666665 0.93984375 0.11 0.0203125
6 0.6158333333333333 0.91640625 0.043333333333333335 0.0265625
13 0.6158333333333333 0.93984375 0.11 0.0203125
6 0.7325 0.91640625 0.043333333333333335 0.0265625
13 0.7325 0.93984375 0.11 0.0203125
6 0.8491666666666666 0.91640625 0.043333333333333335 0.0265625
13 0.8491666666666666 0.93984375 0.11 0.0203125
6 0.26666666666666666 0.08854166666666667 0.5333333333333333 0.125
13 0.175 0.08828125 0.14166666666666666 0.0390625
13 0.3458333333333333 0.08828125 0.16666666666666666 0.0390625
6 0.035 0.175 0.043333333333333335 0.027083333333333334
13 0.16166666666666665 0.17526041666666667 0.21 0.0484375
6 0.035 0.2234375 0.043333333333333335 0.027083333333333334
13 0.15208333333333332 0.22369791666666666 0.19083333333333333 0.0484375
6 0.035 0.2864583333333333 0.043333333333333335 0.027083333333333334
13 0.17166666666666666 0.28671875 0.23 0.0484375
6 0.035 0.33489583333333334 0.043333333333333335 0.027083333333333334
13 0.12875 0.33515625 0.14416666666666667 0.0484375
6 0.035 0.38333333333333336 0.043333333333333335 0.027083333333333334
13 0.12875 0.38359375 0.14416666666666667 0.0484375
6 0.035 0.4317708333333333 0.043333333333333335 0.027083333333333334
13 0.09083333333333334 0.43203125 0.06833333333333333 0.0484375