6 0.05859375 0.05390625 0.03359375 0.02109375
13 0.4875 0.05390625 0.775 0.02421875
6 0.8984375 0.05390625 0.046875 0.03984375
6 0.9546875 0.05390625 0.03984375 0.025
6 0.14921875 0.91640625 0.04296875 0.0265625
13 0.14921875 0.93984375 0.11015625 0.0203125
6 0.265625 0.91640625 0.04296875 0.0265625
13 0.265625 0.93984375 0.11015625 0.0203125
6 0.3828125 0.91640625 0.04296875 0.0265625
13 0.3828125 0.93984375 0.11015625 0.0203125
6 0.49921875 0.91640625 0.04296875 0.0265625
13 0.49921875 0.93984375 0.11015625 0.0203125
6 0.615625 0.91640625 0.04296875 0.0265625
13 0.615625 0.93984375 0.11015625 0.0203125
6 0.7328125 0.91640625 0.04296875 0.0265625
13 0.7328125 0.93984375 0.11015625 0.0203125
6 0.84921875 0.91640625 0.04296875 0.0265625
13 0.84921875 0.93984375 0.11015625 0.0203125