0 0.9484375 0.153125 0.0734375 0.04609375
0 0.9484375 0.203125 0.0734375 0.04609375
0 0.9484375 0.403125 0.0734375 0.04609375
6 0.05859375 0.88359375 0.1 0.02265625
6 0.5 0.89765625 1 0.00390625
0 0.3953125 0.925 0.78984375 0.05
0 0.89453125 0.925 0.2109375 0.05
6 0.3390625 0.10703125 0.03984375 0.02109375
13 0.5 0.10703125 0.26796875 0.01796875
6 0.96328125 0.10703125 0.04765625 0.0171875
6 0.5 0.12421875 1 0.00390625
5 0.06015625 0.059375 0.09296875 0.06640625
6 0.78671875 0.059375 0.03984375 0.025
6 0.86640625 0.059375 0.02890625 0.01796875
13 0.8796875 0.05078125 0.0265625 0.01640625
13 0.946875 0.059375 0.0796875 0.05
13 0.5 0.4765625 0.43828125 0.03046875
13 0.3890625 0.503125 0.21640625 0.021875
0 0.49921875 0.90859375 0.15390625 0.05