6 0.029166666666666667 0.05520833333333333 0.058333333333333334 0.015625
6 0.06625 0.05546875 0.0275 0.0005208333333333333
13 0.8275 0.05520833333333333 0.10333333333333333 0.027083333333333334
6 0.8791666666666667 0.07291666666666667 0.013333333333333334 0.008333333333333333
13 0.94625 0.05520833333333333 0.08083333333333333 0.019791666666666666
6 0.9866666666666667 0.06927083333333334 0.013333333333333334 0.008333333333333333
6 0.5 0.1 0.056666666666666664 0.0125
5 0.043333333333333335 0.9083333333333333 0.06666666666666667 0.046875
6 0.35 0.9083333333333333 0.041666666666666664 0.01875
6 0.5 0.9083333333333333 0.028333333333333332 0.026041666666666668
6 0.65 0.9083333333333333 0.043333333333333335 0.01875
7 0.9533333333333334 0.903125 0.04 0.025