6 0.5 0.07421875 0.1 0.0625
13 0.5 0.14765625 0.378125 0.06796875
13 0.49921875 0.2625 0.9375 0.02578125
6 0.1140625 0.378125 0.05859375 0.06171875
13 0.54140625 0.378125 0.75703125 0.06171875
6 0.1140625 0.43828125 0.06796875 0.059375
13 0.54140625 0.43828125 0.75703125 0.059375
6 0.1140625 0.49765625 0.0546875 0.059375
13 0.54140625 0.49765625 0.75703125 0.059375
0 0.5 0.79453125 0.93359375 0.05
13 0.5 0.84453125 0.425 0.0171875
0 0.49921875 0.871875 0.2171875 0.04453125
6 0.1 0.9171875 0.0515625 0.02734375
13 0.1 0.93828125 0.06484375 0.01484375
6 0.3 0.9171875 0.046875 0.02734375
13 0.29921875 0.93828125 0.0375 0.01484375
6 0.5 0.9171875 0.04296875 0.028125
13 0.49921875 0.93828125 0.0390625 0.01484375
6 0.7 0.9171875 0.0453125 0.028125
13 0.7 0.93828125 0.06171875 0.01484375
6 0.9 0.9171875 0.046875 0.02578125
13 0.9 0.9375 0.0765625 0.01484375