6 0.5 0.09375 1 0.1875
6 0.5 0.09375 1 0.1875
6 0.5 0.09375 1 0.1875
6 0.5 0.09375 1 0.1875
6 0.13 0.20416666666666666 0.2 0.18541666666666667
6 0.12958333333333333 0.20390625 0.07083333333333333 0.044270833333333336
13 0.38333333333333336 0.27421875 0.24666666666666667 0.024479166666666666
13 0.34375 0.29322916666666665 0.1675 0.013541666666666667
13 0.15541666666666668 0.32447916666666665 0.2575 0.013541666666666667
13 0.9470833333333334 0.32447916666666665 0.0525 0.013541666666666667
0 0.13291666666666666 0.3572916666666667 0.2125 0.041666666666666664
0 0.35875 0.3572916666666667 0.2125 0.041666666666666664
0 0.5845833333333333 0.3572916666666667 0.2125 0.041666666666666664
0 0.8104166666666667 0.3572916666666667 0.2125 0.041666666666666664
6 0.5 0.475 0.9466666666666667 0.07291666666666667
7 0.5 0.6395833333333333 0.1 0.0625
7 0.5 0.7916666666666666 0.1 0.0625
13 0.5 0.8611979166666667 1 0.043229166666666666
6 0.06 0.059375 0.04 0.025
13 0.135 0.05911458333333333 0.07666666666666666 0.021354166666666667
6 0.94 0.059375 0.04 0.025
6 0.125 0.915625 0.25 0.0625
6 0.375 0.915625 0.25 0.0625
6 0.625 0.915625 0.25 0.0625
6 0.875 0.915625 0.1 0.0625