6 0.5 0.09375 1 0.1875
6 0.5 0.09375 1 0.1875
6 0.5 0.09375 1 0.1875
6 0.5 0.09375 1 0.1875
6 0.1296875 0.20390625 0.2 0.18515625
6 0.1296875 0.20390625 0.07109375 0.04453125
13 0.38359375 0.27421875 0.246875 0.02421875
13 0.34375 0.29296875 0.1671875 0.01328125
13 0.15546875 0.32421875 0.2578125 0.01328125
13 0.946875 0.32421875 0.05234375 0.01328125
0 0.1328125 0.35703125 0.2125 0.04140625
0 0.35859375 0.35703125 0.2125 0.04140625
0 0.584375 0.35703125 0.2125 0.04140625
0 0.81015625 0.35703125 0.2125 0.04140625
6 0.5 0.475 0.946875 0.07265625
7 0.5 0.63984375 0.1 0.0625
7 0.5 0.79140625 0.1 0.0625
13 0.5 0.8609375 1 0.04296875
6 0.06015625 0.059375 0.03984375 0.025
13 0.13515625 0.059375 0.0765625 0.02109375
6 0.93984375 0.059375 0.03984375 0.025
6 0.125 0.915625 0.25 0.0625
6 0.375 0.915625 0.25 0.0625
6 0.625 0.915625 0.25 0.0625
6 0.875 0.915625 0.1 0.0625