13 0.16666666666666666 0.11770833333333333 0.115 0.019791666666666666
13 0.5 0.11770833333333333 0.135 0.019791666666666666
13 0.8329166666666666 0.11770833333333333 0.13916666666666666 0.019791666666666666
13 0.15083333333333335 0.2760416666666667 0.26166666666666666 0.027083333333333334
13 0.155 0.3 0.27 0.020833333333333332
13 0.155 0.32083333333333336 0.27 0.020833333333333332
13 0.4504166666666667 0.27291666666666664 0.059166666666666666 0.020833333333333332
0 0.40166666666666667 0.309375 0.15 0.0375
6 0.25 0.24192708333333332 0.4866666666666667 0.19010416666666666
13 0.5745833333333333 0.2760416666666667 0.1225 0.027083333333333334
13 0.6516666666666666 0.3 0.27666666666666667 0.020833333333333332
13 0.6516666666666666 0.32083333333333336 0.27666666666666667 0.020833333333333332
13 0.9504166666666667 0.27291666666666664 0.059166666666666666 0.020833333333333332
0 0.9016666666666666 0.309375 0.15 0.0375
6 0.7466666666666667 0.24322916666666666 0.49333333333333335 0.19270833333333334
13 0.155 0.47291666666666665 0.27 0.027083333333333334
13 0.155 0.496875 0.27 0.020833333333333332
13 0.155 0.5177083333333333 0.27 0.020833333333333332
13 0.46166666666666667 0.46979166666666666 0.03666666666666667 0.020833333333333332
0 0.40166666666666667 0.50625 0.15 0.0375
6 0.25 0.4388020833333333 0.4866666666666667 0.19010416666666666
13 0.6516666666666666 0.47291666666666665 0.27666666666666667 0.027083333333333334
13 0.6283333333333333 0.496875 0.23 0.020833333333333332
13 0.6516666666666666 0.5177083333333333 0.27666666666666667 0.020833333333333332
13 0.9504166666666667 0.46979166666666666 0.059166666666666666 0.020833333333333332
0 0.9016666666666666 0.50625 0.15 0.0375
6 0.7466666666666667 0.4401041666666667 0.49333333333333335 0.19270833333333334
13 0.155 0.6697916666666667 0.27 0.027083333333333334
13 0.155 0.69375 0.27 0.020833333333333332
13 0.155 0.7145833333333333 0.27 0.020833333333333332
13 0.46875 0.6666666666666666 0.0225 0.020833333333333332
0 0.40166666666666667 0.703125 0.15 0.0375
6 0.25 0.6356770833333333 0.4866666666666667 0.19010416666666666
13 0.6516666666666666 0.6697916666666667 0.27666666666666667 0.027083333333333334
13 0.6283333333333333 0.69375 0.23 0.020833333333333332
13 0.6516666666666666 0.7145833333333333 0.27666666666666667 0.020833333333333332
13 0.9504166666666667 0.6666666666666666 0.059166666666666666 0.020833333333333332
0 0.9016666666666666 0.703125 0.15 0.0375
6 0.7466666666666667 0.6369791666666667 0.49333333333333335 0.19270833333333334
13 0.10375 0.8666666666666667 0.1675 0.027083333333333334
13 0.13541666666666666 0.890625 0.23083333333333333 0.020833333333333332
13 0.155 0.9114583333333334 0.27 0.020833333333333332
13 0.46875 0.8635416666666667 0.0225 0.020833333333333332
0 0.40166666666666667 0.9 0.15 0.0375
6 0.25 0.8325520833333333 0.4866666666666667 0.19010416666666666
13 0.63 0.8666666666666667 0.23333333333333334 0.027083333333333334
13 0.6341666666666667 0.890625 0.24166666666666667 0.020833333333333332
13 0.6516666666666666 0.9114583333333334 0.27666666666666667 0.020833333333333332
13 0.9504166666666667 0.8635416666666667 0.059166666666666666 0.020833333333333332
0 0.9016666666666666 0.9 0.15 0.0375
6 0.7466666666666667 0.8338541666666667 0.49333333333333335 0.19270833333333334
6 0.25 0.9671875 0.4866666666666667 0.065625
6 0.7466666666666667 0.9671875 0.49333333333333335 0.065625
5 0.06 0.059375 0.09333333333333334 0.06666666666666667
13 0.20458333333333334 0.059375 0.19583333333333333 0.028125