6 0.24416666666666667 0.26666666666666666 0.48833333333333334 0.2125
6 0.7458333333333333 0.27890625 0.48833333333333334 0.1734375
6 0.24666666666666667 0.4859375 0.49 0.20416666666666666
6 0.7483333333333333 0.4895833333333333 0.48 0.20729166666666668
6 0.24666666666666667 0.7083333333333334 0.48333333333333334 0.20520833333333333
6 0.7441666666666666 0.7078125 0.48833333333333334 0.20208333333333334
6 0.24666666666666667 0.8489583333333334 0.49 0.059375
6 0.7470833333333333 0.8536458333333333 0.4775 0.057291666666666664
5 0.71125 0.11171875 0.059166666666666666 0.03802083333333333
5 0.715 0.16041666666666668 0.07333333333333333 0.04479166666666667
5 0.8795833333333334 0.05963541666666667 0.059166666666666666 0.03802083333333333
5 0.9479166666666666 0.05520833333333333 0.049166666666666664 0.040625
13 0.1075 0.058333333333333334 0.17833333333333334 0.042708333333333334
13 0.17 0.12473958333333333 0.08833333333333333 0.028645833333333332
13 0.5016666666666667 0.12682291666666667 0.08833333333333333 0.030729166666666665