6 0.24453125 0.26640625 0.48828125 0.2125
6 0.74609375 0.27890625 0.48828125 0.1734375
6 0.246875 0.4859375 0.48984375 0.20390625
6 0.7484375 0.48984375 0.4796875 0.20703125
6 0.246875 0.70859375 0.48359375 0.20546875
6 0.74453125 0.7078125 0.48828125 0.20234375
6 0.246875 0.84921875 0.48984375 0.059375
6 0.746875 0.85390625 0.47734375 0.05703125
5 0.7109375 0.11171875 0.059375 0.03828125
5 0.71484375 0.16015625 0.0734375 0.04453125
5 0.8796875 0.059375 0.059375 0.03828125
5 0.94765625 0.05546875 0.04921875 0.040625
13 0.1078125 0.05859375 0.178125 0.04296875
13 0.1703125 0.125 0.08828125 0.02890625
13 0.5015625 0.1265625 0.08828125 0.03046875