6 0.060833333333333336 0.05520833333333333 0.08 0.05
13 0.18416666666666667 0.054947916666666666 0.15333333333333332 0.025520833333333333
13 0.7216666666666667 0.05520833333333333 0.10666666666666667 0.058333333333333334
13 0.8341666666666666 0.05520833333333333 0.115 0.058333333333333334
13 0.9466666666666667 0.05520833333333333 0.10666666666666667 0.058333333333333334
5 0.04 0.10833333333333334 0.06 0.0375
13 0.20583333333333334 0.10833333333333334 0.205 0.028125
13 0.0525 0.14947916666666666 0.095 0.028125
6 0.04375 0.19713541666666667 0.0775 0.04010416666666667
13 0.19708333333333333 0.196875 0.07583333333333334 0.028125
5 0.9433333333333334 0.196875 0.06333333333333334 0.03958333333333333
6 0.041666666666666664 0.2526041666666667 0.06333333333333334 0.03958333333333333
13 0.23958333333333334 0.2526041666666667 0.15916666666666668 0.028125
5 0.9416666666666667 0.2526041666666667 0.06333333333333334 0.03958333333333333
13 0.032916666666666664 0.30520833333333336 0.05583333333333333 0.028125
13 0.051666666666666666 0.37135416666666665 0.09333333333333334 0.028125
8 0.7233333333333334 0.3453125 0.06666666666666667 0.041666666666666664
8 0.8316666666666667 0.3453125 0.06666666666666667 0.041666666666666664
8 0.94 0.3453125 0.06666666666666667 0.041666666666666664
8 0.7233333333333334 0.39739583333333334 0.06666666666666667 0.041666666666666664
8 0.8316666666666667 0.39739583333333334 0.06666666666666667 0.041666666666666664
8 0.94 0.39739583333333334 0.06666666666666667 0.041666666666666664
6 0.041666666666666664 0.45364583333333336 0.06333333333333334 0.03958333333333333
8 0.7725 0.45364583333333336 0.11666666666666667 0.034375
8 0.8895833333333333 0.45364583333333336 0.12083333333333333 0.034375
6 0.041666666666666664 0.5088541666666667 0.06333333333333334 0.03958333333333333
0 0.7216666666666667 0.5088541666666667 0.1 0.036458333333333336
13 0.8275 0.5088541666666667 0.07166666666666667 0.028125
0 0.9333333333333333 0.5088541666666667 0.1 0.036458333333333336
13 0.5 0.5450520833333333 1 0.022395833333333334
13 0.03625 0.8838541666666667 0.0725 0.019791666666666666
13 0.5 0.921875 1 0.05625