6 0.0609375 0.05546875 0.0796875 0.05
13 0.184375 0.0546875 0.153125 0.02578125
13 0.721875 0.05546875 0.10703125 0.05859375
13 0.834375 0.05546875 0.11484375 0.05859375
13 0.94609375 0.0546875 0.1078125 0.059375
5 0.03984375 0.10859375 0.06015625 0.0375
13 0.20546875 0.10859375 0.2046875 0.028125
13 0.05234375 0.14921875 0.0953125 0.028125
6 0.04375 0.196875 0.07734375 0.03984375
13 0.196875 0.196875 0.07578125 0.028125
5 0.94296875 0.196875 0.06328125 0.03984375
6 0.04140625 0.25234375 0.06328125 0.03984375
13 0.23984375 0.25234375 0.159375 0.028125
5 0.94140625 0.25234375 0.06328125 0.03984375
13 0.0328125 0.30546875 0.05546875 0.028125
13 0.0515625 0.37109375 0.09296875 0.028125
8 0.7234375 0.3453125 0.06640625 0.04140625
8 0.83203125 0.3453125 0.06640625 0.04140625
8 0.93984375 0.3453125 0.06640625 0.04140625
8 0.7234375 0.39765625 0.06640625 0.04140625
8 0.83203125 0.39765625 0.06640625 0.04140625
8 0.93984375 0.39765625 0.06640625 0.04140625
6 0.04140625 0.45390625 0.06328125 0.03984375
8 0.77265625 0.45390625 0.11640625 0.034375
8 0.88984375 0.45390625 0.12109375 0.034375
6 0.04140625 0.50859375 0.06328125 0.03984375
0 0.721875 0.50859375 0.1 0.03671875
13 0.82734375 0.50859375 0.071875 0.028125
0 0.93359375 0.50859375 0.1 0.03671875
13 0.5 0.5453125 1 0.02265625
13 0.0359375 0.8828125 0.071875 0.01875
13 0.5 0.921875 1 0.05625