13 0.28958333333333336 0.41380208333333335 0.4608333333333333 0.0328125
13 0.41458333333333336 0.47265625 0.7075 0.028645833333333332
13 0.30375 0.5455729166666666 0.2975 0.024479166666666666
13 0.75125 0.5419270833333333 0.18916666666666668 0.0234375
13 0.4970833333333333 0.24114583333333334 0.19416666666666665 0.04479166666666667
13 0.5004166666666666 0.3078125 0.38916666666666666 0.04791666666666667
13 0.6558333333333334 0.07135416666666666 0.665 0.046875
13 0.25166666666666665 0.018489583333333334 0.16666666666666666 0.024479166666666666
13 0.7616666666666667 0.01796875 0.15 0.03177083333333333
13 0.50625 0.75078125 0.13416666666666666 0.08802083333333334
13 0.8320833333333333 0.75234375 0.13416666666666666 0.07864583333333333
5 0.965 0.8940104166666667 0.06333333333333334 0.0359375