13 0.28984375 0.4140625 0.4609375 0.0328125
13 0.41484375 0.47265625 0.7078125 0.02890625
13 0.30390625 0.5453125 0.29765625 0.02421875
13 0.7515625 0.5421875 0.1890625 0.0234375
13 0.496875 0.24140625 0.19453125 0.04453125
13 0.50078125 0.3078125 0.3890625 0.04765625
13 0.65546875 0.07109375 0.66484375 0.046875
13 0.2515625 0.01875 0.16640625 0.02421875
13 0.76171875 0.01796875 0.15 0.03203125
13 0.50625 0.75078125 0.134375 0.08828125
13 0.83203125 0.75234375 0.134375 0.07890625
5 0.96484375 0.89375 0.06328125 0.0359375