5 0.06328125 0.05546875 0.0609375 0.02734375
5 0.94921875 0.05390625 0.0421875 0.03359375
13 0.2 0.05703125 0.178125 0.0328125
13 0.13515625 0.109375 0.09296875 0.02109375
13 0.665625 0.1109375 0.08984375 0.02734375
13 0.4046875 0.11171875 0.0984375 0.0296875
13 0.1640625 0.834375 0.2875 0.0328125
13 0.121875 0.6140625 0.18515625 0.03203125
13 0.6328125 0.6140625 0.2078125 0.0265625
6 0.24921875 0.90546875 0.4625 0.08515625
6 0.74765625 0.90703125 0.465625 0.08203125
6 0.50546875 0.70390625 0.1484375 0.07421875
6 0.2546875 0.48125 0.47265625 0.2125
6 0.74765625 0.4734375 0.45546875 0.209375
6 0.69921875 0.23203125 0.5421875 0.159375