5 0.06015625 0.059375 0.09296875 0.06640625
13 0.2546875 0.059375 0.24296875 0.028125
13 0.471875 0.1140625 0.94296875 0.02578125
6 0.97109375 0.1125 0.0578125 0.025
13 0.471875 0.15703125 0.94296875 0.02578125
6 0.97109375 0.15625 0.0578125 0.025
13 0.5 0.19453125 0.96640625 0.03125
8 0.075 0.22734375 0.11640625 0.034375
8 0.35546875 0.22734375 0.11640625 0.034375
8 0.6375 0.22734375 0.11640625 0.034375
8 0.921875 0.22734375 0.12265625 0.034375
13 0.471875 0.27734375 0.94296875 0.02578125
6 0.97109375 0.2765625 0.0578125 0.025
13 0.5 0.31484375 0.96640625 0.03125
8 0.17734375 0.34765625 0.321875 0.034375
8 0.49921875 0.34765625 0.32265625 0.034375
8 0.821875 0.34765625 0.32265625 0.034375
13 0.5 0.39140625 0.96640625 0.03125
8 0.17734375 0.42421875 0.321875 0.034375
8 0.49921875 0.42421875 0.32265625 0.034375
8 0.821875 0.42421875 0.32265625 0.034375
13 0.5 0.4671875 0.96640625 0.03125
8 0.25859375 0.5 0.48359375 0.034375
8 0.74140625 0.5 0.48359375 0.034375