5 0.06 0.059375 0.09333333333333334 0.06666666666666667
13 0.255 0.059375 0.24333333333333335 0.028125
13 0.4716666666666667 0.11380208333333333 0.9433333333333334 0.025520833333333333
6 0.9716666666666667 0.11354166666666667 0.056666666666666664 0.025
13 0.4716666666666667 0.15703125 0.9433333333333334 0.025520833333333333
6 0.9716666666666667 0.15677083333333333 0.056666666666666664 0.025
13 0.5 0.19479166666666667 0.9666666666666667 0.03125
8 0.075 0.22760416666666666 0.11666666666666667 0.034375
8 0.35583333333333333 0.22760416666666666 0.11666666666666667 0.034375
8 0.6375 0.22760416666666666 0.11666666666666667 0.034375
8 0.9220833333333334 0.22760416666666666 0.1225 0.034375
13 0.4716666666666667 0.27734375 0.9433333333333334 0.025520833333333333
6 0.9716666666666667 0.27708333333333335 0.056666666666666664 0.025
13 0.5 0.3151041666666667 0.9666666666666667 0.03125
8 0.1775 0.34791666666666665 0.32166666666666666 0.034375
8 0.4995833333333333 0.34791666666666665 0.3225 0.034375
8 0.8220833333333334 0.34791666666666665 0.3225 0.034375
13 0.5 0.39114583333333336 0.9666666666666667 0.03125
8 0.1775 0.4239583333333333 0.32166666666666666 0.034375
8 0.4995833333333333 0.4239583333333333 0.3225 0.034375
8 0.8220833333333334 0.4239583333333333 0.3225 0.034375
13 0.5 0.4671875 0.9666666666666667 0.03125
8 0.25833333333333336 0.5 0.48333333333333334 0.034375
8 0.7416666666666667 0.5 0.48333333333333334 0.034375