13 0.24333333333333335 0.06197916666666667 0.245 0.042708333333333334
13 0.11916666666666667 0.26119791666666664 0.16666666666666666 0.024479166666666666
13 0.60125 0.4953125 0.13416666666666666 0.04479166666666667
13 0.8633333333333333 0.5015625 0.17166666666666666 0.046875
13 0.6116666666666667 0.7192708333333333 0.18666666666666668 0.041666666666666664
13 0.10791666666666666 0.7244791666666667 0.1275 0.04791666666666667
13 0.375 0.7223958333333333 0.18166666666666667 0.05
13 0.8541666666666666 0.26223958333333336 0.14666666666666667 0.0265625
13 0.34541666666666665 0.2713541666666667 0.12916666666666668 0.042708333333333334
13 0.5970833333333333 0.275 0.1225 0.052083333333333336
13 0.35833333333333334 0.4903645833333333 0.14833333333333334 0.034895833333333334
13 0.11333333333333333 0.48932291666666666 0.155 0.0265625
5 0.058333333333333334 0.05625 0.07666666666666666 0.042708333333333334
6 0.13208333333333333 0.17395833333333333 0.18916666666666668 0.11145833333333334
6 0.38333333333333336 0.17447916666666666 0.16166666666666665 0.1125
6 0.6175 0.17057291666666666 0.18333333333333332 0.1203125
6 0.8733333333333333 0.17864583333333334 0.14833333333333334 0.10833333333333334
6 0.13083333333333333 0.4 0.16166666666666665 0.10104166666666667
6 0.38 0.4005208333333333 0.17833333333333334 0.10833333333333334
6 0.62 0.40208333333333335 0.175 0.11145833333333334
6 0.8729166666666667 0.3971354166666667 0.20083333333333334 0.1265625
6 0.13583333333333333 0.6265625 0.18333333333333332 0.109375
6 0.38083333333333336 0.6307291666666667 0.15333333333333332 0.10104166666666667
6 0.625 0.6291666666666667 0.15166666666666667 0.09791666666666667