13 0.5 0.059375 0.946875 0.06640625
6 0.5 0.26875 1 0.3515625
6 0.5 0.26875 1 0.3515625
5 0.5 0.26796875 0.08359375 0.05234375
13 0.053125 0.37734375 0.0734375 0.02265625
13 0.5 0.4078125 0.96640625 0.02734375
13 0.03984375 0.42734375 0.04609375 0.0125
6 0.9375 0.11875 0.10859375 0.04140625
6 0.5 0.6203125 1 0.3515625
6 0.5 0.6203125 1 0.3515625
5 0.5 0.61953125 0.08359375 0.05234375
13 0.053125 0.72890625 0.0734375 0.02265625
13 0.5 0.759375 0.96640625 0.02734375
13 0.03984375 0.77890625 0.04609375 0.0125
6 0.9375 0.4703125 0.10859375 0.04140625
13 0.5 0.82109375 1 0.05
13 0.45 0.86953125 0.86640625 0.01640625
13 0.45 0.8890625 0.86640625 0.02265625
6 0.95 0.88984375 0.06640625 0.04140625
6 0.1 0.92109375 0.046875 0.02890625
6 0.3 0.92109375 0.053125 0.03359375
6 0.5 0.92109375 0.046875 0.02890625
6 0.7 0.92109375 0.03984375 0.025
6 0.9 0.92109375 0.03984375 0.025