5 0.061875 0.059765625 0.04875 0.03046875
5 0.590625 0.059375 0.06125 0.034375
5 0.675625 0.05859375 0.06625 0.0359375
5 0.945 0.058203125 0.0475 0.03828125
13 0.28 0.06171875 0.3125 0.034375
13 0.07875 0.112890625 0.09 0.02421875
13 0.216875 0.115234375 0.10375 0.02265625
13 0.393125 0.11484375 0.13625 0.0234375
13 0.715625 0.114453125 0.15875 0.03046875
13 0.91875 0.115234375 0.1375 0.02578125
13 0.165 0.246484375 0.1425 0.02890625
13 0.168125 0.412109375 0.14125 0.02421875
13 0.1875 0.626953125 0.18 0.02890625
13 0.186875 0.888671875 0.17375 0.03203125
6 0.070625 0.28515625 0.04375 0.0265625
6 0.08 0.33515625 0.0625 0.034375
6 0.075625 0.459375 0.04875 0.0296875
6 0.075 0.539453125 0.0575 0.02734375
6 0.073125 0.76171875 0.05125 0.0328125
6 0.0725 0.846484375 0.0575 0.02421875
13 0.434375 0.246875 0.05625 0.0296875
13 0.744375 0.37578125 0.07625 0.034375
13 0.97125 0.537109375 0.0475 0.02890625
13 0.745 0.626171875 0.0675 0.02421875
13 0.748125 0.8046875 0.07875 0.0234375
13 0.595625 0.85 0.03875 0.0203125
13 0.42875 0.891015625 0.065 0.02578125