0 0.7179166666666666 0.7645833333333333 0.10583333333333333 0.15416666666666667
12 0.5416666666666666 0.7841145833333333 0.07333333333333333 0.12239583333333333
12 0.445 0.7815104166666667 0.08 0.1234375
13 0.9029166666666667 0.12291666666666666 0.060833333333333336 0.09479166666666666
13 0.7245833333333334 0.3846354166666667 0.13916666666666666 0.4401041666666667
13 0.54 0.27890625 0.08333333333333333 0.24114583333333334
13 0.4354166666666667 0.24557291666666667 0.05416666666666667 0.1828125
13 0.3375 0.19192708333333333 0.06333333333333334 0.08802083333333334
13 0.25 0.20885416666666667 0.065 0.115625
13 0.15333333333333332 0.27239583333333334 0.07833333333333334 0.21979166666666666
5 0.9058333333333334 0.041666666666666664 0.08 0.046875