13 0.501875 0.1125 0.36375 0.040625
13 0.220625 0.207421875 0.17875 0.07421875
13 0.556875 0.205859375 0.18875 0.07109375
13 0.88875 0.20625 0.18 0.0828125
13 0.216875 0.302734375 0.17625 0.07890625
13 0.55 0.303125 0.185 0.0734375
13 0.888125 0.304296875 0.17875 0.08359375
13 0.119375 0.436328125 0.17125 0.10078125
6 0.059375 0.20390625 0.09875 0.053125
6 0.39625 0.210546875 0.095 0.05546875
6 0.728125 0.20546875 0.10375 0.053125
6 0.064375 0.301953125 0.09375 0.05703125
6 0.38625 0.306640625 0.11 0.05234375
6 0.73 0.30625 0.1125 0.053125