5 0.046875 0.059375 0.09296875 0.05859375
13 0.2171875 0.059375 0.23515625 0.028125
13 0.8796875 0.059375 0.0796875 0.05
6 0.96015625 0.059375 0.0796875 0.05
13 0.0609375 0.1171875 0.121875 0.01875
13 0.259375 0.11796875 0.19453125 0.01953125
13 0.50078125 0.11796875 0.2078125 0.01953125
13 0.7484375 0.11796875 0.20859375 0.01953125
13 0.94609375 0.11796875 0.1078125 0.01953125
6 0.11171875 0.21015625 0.15 0.09375
13 0.35 0.21015625 0.26015625 0.03046875
6 0.11171875 0.33828125 0.15 0.09375
13 0.4515625 0.33828125 0.4625 0.03046875
6 0.11171875 0.46640625 0.15 0.09375
13 0.4578125 0.46640625 0.47578125 0.03046875
6 0.11171875 0.59453125 0.15 0.09375
13 0.38203125 0.59453125 0.32421875 0.03046875
6 0.11171875 0.72265625 0.15 0.09375
13 0.39453125 0.72265625 0.3484375 0.03046875
6 0.11171875 0.85078125 0.15 0.09375
13 0.41171875 0.85078125 0.38359375 0.03046875