5 0.04666666666666667 0.059375 0.09333333333333334 0.058333333333333334
13 0.2175 0.059375 0.235 0.028125
13 0.88 0.059375 0.08 0.05
6 0.96 0.059375 0.08 0.05
13 0.06125 0.11770833333333333 0.1225 0.019791666666666666
13 0.25958333333333333 0.11770833333333333 0.19416666666666665 0.019791666666666666
13 0.5004166666666666 0.11770833333333333 0.2075 0.019791666666666666
13 0.7483333333333333 0.11770833333333333 0.20833333333333334 0.019791666666666666
13 0.94625 0.11770833333333333 0.1075 0.019791666666666666
6 0.11166666666666666 0.21041666666666667 0.15 0.09375
13 0.35 0.21015625 0.26 0.030729166666666665
6 0.11166666666666666 0.3385416666666667 0.15 0.09375
13 0.45125 0.33828125 0.4625 0.030729166666666665
6 0.11166666666666666 0.4666666666666667 0.15 0.09375
13 0.4579166666666667 0.46640625 0.47583333333333333 0.030729166666666665
6 0.11166666666666666 0.5947916666666667 0.15 0.09375
13 0.38208333333333333 0.59453125 0.32416666666666666 0.030729166666666665
6 0.11166666666666666 0.7229166666666667 0.15 0.09375
13 0.39416666666666667 0.72265625 0.34833333333333333 0.030729166666666665
6 0.11166666666666666 0.8510416666666667 0.15 0.09375
13 0.4116666666666667 0.85078125 0.38333333333333336 0.030729166666666665