6 0.6329166666666667 0.23567708333333334 0.10916666666666666 0.07760416666666667
6 0.2175 0.6643229166666667 0.26166666666666666 0.03802083333333333
6 0.6158333333333333 0.6640625 0.3466666666666667 0.04375
6 0.4825 0.8973958333333333 0.9 0.1
13 0.14291666666666666 0.8033854166666666 0.22416666666666665 0.025520833333333333
13 0.8983333333333333 0.45234375 0.185 0.13489583333333333
13 0.41208333333333336 0.24166666666666667 0.21916666666666668 0.09479166666666666
13 0.5 0.1390625 0.245 0.051041666666666666
13 0.5283333333333333 0.058854166666666666 0.15166666666666667 0.041666666666666664
5 0.06583333333333333 0.05625 0.08666666666666667 0.046875
5 0.9508333333333333 0.059375 0.065 0.042708333333333334
13 0.145 0.54921875 0.25 0.03177083333333333
13 0.49583333333333335 0.3528645833333333 0.16833333333333333 0.0359375