6 0.144375 0.219140625 0.19375 0.12109375
6 0.145625 0.391796875 0.19875 0.12421875
6 0.145 0.5609375 0.1975 0.11875
6 0.139375 0.734375 0.20125 0.1234375
6 0.06125 0.06953125 0.075 0.05625
13 0.469375 0.910546875 0.29625 0.02265625
13 0.499375 0.12578125 0.25375 0.0328125
13 0.261875 0.055078125 0.29875 0.03203125
5 0.92875 0.06796875 0.0525 0.046875
5 0.831875 0.06796875 0.07125 0.046875
5 0.72875 0.06875 0.0675 0.0421875
5 0.62625 0.068359375 0.075 0.04765625
5 0.52375 0.066015625 0.075 0.05078125
13 0.325625 0.198828125 0.15125 0.03046875
13 0.315 0.23671875 0.1325 0.015625
13 0.33125 0.369140625 0.155 0.02890625
13 0.321875 0.57578125 0.13125 0.0234375
0 0.691875 0.916796875 0.11875 0.03515625