6 0.041666666666666664 0.05520833333333333 0.08333333333333333 0.052083333333333336
6 0.07791666666666666 0.05546875 0.0008333333333333334 0.0005208333333333333
13 0.25416666666666665 0.054947916666666666 0.3383333333333333 0.025520833333333333
6 0.0375 0.11822916666666666 0.075 0.046875
6 0.022083333333333333 0.11796875 0.010833333333333334 0.013020833333333334
13 0.5 0.11822916666666666 0.265 0.028125
13 0.485 0.17994791666666668 0.07 0.030729166666666665
13 0.53875 0.17994791666666668 0.020833333333333332 0.030729166666666665
6 0.0875 0.246875 0.075 0.046875
13 0.5625 0.24661458333333333 0.825 0.025520833333333333
6 0.125 0.92109375 0.03333333333333333 0.021354166666666667
6 0.3745833333333333 0.9213541666666667 0.034166666666666665 0.017708333333333333
6 0.625 0.9213541666666667 0.03166666666666667 0.019791666666666666
6 0.8745833333333334 0.92109375 0.03916666666666667 0.0067708333333333336