6 0.04140625 0.0546875 0.0828125 0.053125
6 0.078125 0.05546875 0.00078125 0.00078125
13 0.25390625 0.0546875 0.33828125 0.02578125
6 0.0375 0.11796875 0.075 0.046875
6 0.021875 0.11796875 0.0109375 0.01328125
13 0.5 0.11796875 0.26484375 0.028125
13 0.48515625 0.1796875 0.0703125 0.03046875
13 0.5390625 0.1796875 0.02109375 0.03046875
6 0.0875 0.246875 0.075 0.046875
13 0.5625 0.246875 0.825 0.02578125
6 0.125 0.92109375 0.03359375 0.02109375
6 0.37421875 0.92109375 0.034375 0.01796875
6 0.625 0.92109375 0.03203125 0.01953125
6 0.87421875 0.92109375 0.0390625 0.00703125