4 0.52734375 0.15234375 0.61015625 0.0328125
0 0.9359375 0.1515625 0.08984375 0.0328125
6 0.3203125 0.2921875 0.12890625 0.08046875
6 0.4890625 0.290625 0.12734375 0.07890625
6 0.6609375 0.29296875 0.1265625 0.0796875
6 0.82265625 0.29140625 0.12734375 0.0859375
6 0.3265625 0.43984375 0.1234375 0.0671875
6 0.496875 0.43984375 0.1265625 0.05625
6 0.6515625 0.4375 0.10390625 0.04921875
6 0.8171875 0.4515625 0.1171875 0.07734375
6 0.32265625 0.60078125 0.1171875 0.0765625
6 0.4921875 0.6015625 0.1171875 0.07421875
6 0.65703125 0.603125 0.13125 0.08515625
6 0.815625 0.6015625 0.12890625 0.07109375
6 0.3265625 0.75625 0.15 0.08046875
6 0.49453125 0.759375 0.12109375 0.07421875
6 0.66171875 0.759375 0.12890625 0.07890625
6 0.81640625 0.759375 0.12265625 0.0734375
13 0.06953125 0.3828125 0.12109375 0.10390625
13 0.09453125 0.2609375 0.13125 0.11796875
13 0.13046875 0.15 0.13125 0.02421875
13 0.309375 0.353125 0.1265625 0.0234375
13 0.6546875 0.35546875 0.15 0.0265625
13 0.6578125 0.665625 0.1375 0.02265625
9 0.2921875 0.3828125 0.075 0.01640625
9 0.6171875 0.3828125 0.06875 0.01796875
9 0.62109375 0.5375 0.0828125 0.01796875
9 0.4578125 0.69375 0.0796875 0.01796875
9 0.45703125 0.8484375 0.08125 0.01953125
5 0.0453125 0.1109375 0.06640625 0.03046875
5 0.1265625 0.11171875 0.0609375 0.0328125
5 0.20625 0.1125 0.06015625 0.03359375
5 0.7953125 0.1125 0.0578125 0.03359375
5 0.884375 0.11015625 0.06875 0.034375
5 0.959375 0.109375 0.05390625 0.03515625
5 0.94609375 0.05625 0.0421875 0.03359375
5 0.93203125 0.21484375 0.05859375 0.0265625