4 0.5275 0.15234375 0.61 0.0328125
0 0.93625 0.1515625 0.09 0.0328125
6 0.320625 0.291796875 0.12875 0.08046875
6 0.48875 0.290234375 0.1275 0.07890625
6 0.660625 0.29296875 0.12625 0.0796875
6 0.8225 0.29140625 0.1275 0.0859375
6 0.326875 0.43984375 0.12375 0.0671875
6 0.496875 0.43984375 0.12625 0.05625
6 0.651875 0.437890625 0.10375 0.04921875
6 0.8175 0.451953125 0.1175 0.07734375
6 0.3225 0.60078125 0.1175 0.0765625
6 0.4925 0.601171875 0.1175 0.07421875
6 0.656875 0.603515625 0.13125 0.08515625
6 0.815625 0.601953125 0.12875 0.07109375
6 0.32625 0.755859375 0.15 0.08046875
6 0.494375 0.758984375 0.12125 0.07421875
6 0.661875 0.758984375 0.12875 0.07890625
6 0.81625 0.759375 0.1225 0.0734375
13 0.069375 0.383203125 0.12125 0.10390625
13 0.094375 0.261328125 0.13125 0.11796875
13 0.130625 0.150390625 0.13125 0.02421875
13 0.309375 0.353125 0.12625 0.0234375
13 0.655 0.35546875 0.15 0.0265625
13 0.6575 0.665234375 0.1375 0.02265625
9 0.2925 0.382421875 0.075 0.01640625
9 0.616875 0.383203125 0.06875 0.01796875
9 0.62125 0.537109375 0.0825 0.01796875
9 0.4575 0.694140625 0.08 0.01796875
9 0.456875 0.848046875 0.08125 0.01953125
5 0.045625 0.110546875 0.06625 0.03046875
5 0.126875 0.11171875 0.06125 0.0328125
5 0.20625 0.112109375 0.06 0.03359375
5 0.795 0.112109375 0.0575 0.03359375
5 0.884375 0.11015625 0.06875 0.034375
5 0.959375 0.108984375 0.05375 0.03515625
5 0.94625 0.055859375 0.0425 0.03359375
5 0.931875 0.21484375 0.05875 0.0265625