13 0.444375 0.03984375 0.80375 0.034375
5 0.94125 0.040234375 0.07 0.04296875
5 0.878125 0.0203125 0.04625 0.0234375
5 0.505 0.92421875 0.1 0.040625
4 0.381875 0.759375 0.07875 0.0453125
4 0.49875 0.75859375 0.0875 0.0421875
4 0.61625 0.760546875 0.0875 0.04765625
4 0.3875 0.8359375 0.09 0.04375
4 0.49875 0.8375 0.0775 0.0421875
4 0.614375 0.836328125 0.06875 0.04765625
13 0.38875 0.79609375 0.0825 0.0109375
13 0.5 0.797265625 0.06 0.01640625
13 0.615625 0.798046875 0.09375 0.01640625
13 0.383125 0.873828125 0.06125 0.01796875
13 0.50625 0.873046875 0.0775 0.01796875
13 0.618125 0.874609375 0.08375 0.01796875