5 0.06 0.059375 0.09333333333333334 0.058333333333333334
13 0.15416666666666667 0.059375 0.08166666666666667 0.01875
13 0.43916666666666665 0.11458333333333333 0.845 0.022916666666666665
13 0.43916666666666665 0.1375 0.845 0.022916666666666665
13 0.9225 0.12578125 0.08833333333333333 0.0234375
0 0.5 0.184375 0.9666666666666667 0.05
13 0.09 0.234375 0.14666666666666667 0.05
13 0.5733333333333334 0.234375 0.82 0.03854166666666667
13 0.35208333333333336 0.28489583333333335 0.6708333333333333 0.05
13 0.8354166666666667 0.28489583333333335 0.29583333333333334 0.03854166666666667
13 0.0475 0.3296875 0.06166666666666667 0.017708333333333333
13 0.10125 0.3578125 0.13583333333333333 0.017708333333333333
13 0.5 0.3828125 0.9333333333333333 0.03229166666666667
13 0.47 0.42916666666666664 0.8733333333333333 0.017708333333333333
13 0.9366666666666666 0.42916666666666664 0.06 0.017708333333333333
13 0.051666666666666666 0.46822916666666664 0.03666666666666667 0.017708333333333333
13 0.5183333333333333 0.46822916666666664 0.8966666666666666 0.017708333333333333
13 0.47 0.5072916666666667 0.8733333333333333 0.017708333333333333
13 0.9366666666666666 0.5072916666666667 0.06 0.017708333333333333
13 0.5 0.925 1 0.05