5 0.06 0.059375 0.09333333333333334 0.058333333333333334
13 0.15708333333333332 0.059375 0.0875 0.01875
13 0.44583333333333336 0.11432291666666666 0.8916666666666667 0.043229166666666666
13 0.9458333333333333 0.11432291666666666 0.10833333333333334 0.043229166666666666
13 0.5 0.16302083333333334 0.9666666666666667 0.03229166666666667
5 0.06166666666666667 0.2125 0.09 0.04583333333333333
3 0.5 0.2125 0.7866666666666666 0.04583333333333333
5 0.9383333333333334 0.2125 0.09 0.04583333333333333
13 0.5 0.2559895833333333 0.9666666666666667 0.04114583333333333
13 0.0675 0.29791666666666666 0.06833333333333333 0.017708333333333333
2 0.94 0.2989583333333333 0.05333333333333334 0.040625
13 0.06708333333333333 0.3385416666666667 0.0675 0.017708333333333333
2 0.94 0.33958333333333335 0.05333333333333334 0.040625
13 0.10625 0.37916666666666665 0.14583333333333334 0.017708333333333333
2 0.94 0.3802083333333333 0.05333333333333334 0.040625
13 0.11416666666666667 0.4197916666666667 0.16166666666666665 0.017708333333333333
2 0.94 0.42083333333333334 0.05333333333333334 0.040625
13 0.11416666666666667 0.46041666666666664 0.16166666666666665 0.017708333333333333
2 0.94 0.46145833333333336 0.05333333333333334 0.040625
13 0.105 0.5010416666666667 0.14333333333333334 0.017708333333333333
2 0.94 0.5020833333333333 0.05333333333333334 0.040625
13 0.27708333333333335 0.5416666666666666 0.4875 0.017708333333333333
2 0.94 0.5427083333333333 0.05333333333333334 0.040625
13 0.06875 0.5822916666666667 0.07083333333333333 0.017708333333333333
2 0.94 0.5833333333333334 0.05333333333333334 0.040625
13 0.07458333333333333 0.6229166666666667 0.0825 0.017708333333333333
2 0.94 0.6239583333333333 0.05333333333333334 0.040625
13 0.06833333333333333 0.6635416666666667 0.07 0.017708333333333333
2 0.94 0.6645833333333333 0.05333333333333334 0.040625
13 0.08666666666666667 0.7041666666666667 0.10666666666666667 0.017708333333333333
2 0.94 0.7052083333333333 0.05333333333333334 0.040625
13 0.09041666666666667 0.7447916666666666 0.11416666666666667 0.017708333333333333
2 0.94 0.7458333333333333 0.05333333333333334 0.040625
13 0.0925 0.7854166666666667 0.11833333333333333 0.017708333333333333
2 0.94 0.7864583333333334 0.05333333333333334 0.040625
13 0.11791666666666667 0.8260416666666667 0.16916666666666666 0.017708333333333333
2 0.94 0.8270833333333333 0.05333333333333334 0.040625
0 0.5 0.9145833333333333 0.9733333333333334 0.05416666666666667