13 0.49666666666666665 0.07083333333333333 0.41833333333333333 0.041666666666666664
13 0.22083333333333333 0.25833333333333336 0.17 0.0125
13 0.5070833333333333 0.4361979166666667 0.10583333333333333 0.018229166666666668
13 0.7770833333333333 0.6190104166666667 0.12916666666666668 0.0203125
13 0.49541666666666667 0.9419270833333333 0.5525 0.025520833333333333
13 0.22625 0.43723958333333335 0.13916666666666666 0.022395833333333334
13 0.4995833333333333 0.6184895833333334 0.1325 0.0234375
13 0.22833333333333333 0.6153645833333333 0.15 0.019270833333333334
13 0.77 0.43723958333333335 0.16666666666666666 0.0203125
13 0.4970833333333333 0.26067708333333334 0.13416666666666666 0.019270833333333334
13 0.7779166666666667 0.26119791666666664 0.1075 0.0203125
5 0.9208333333333333 0.04791666666666667 0.10333333333333333 0.05520833333333333
6 0.22541666666666665 0.17630208333333333 0.22583333333333333 0.13385416666666666
6 0.5033333333333333 0.17578125 0.235 0.13072916666666667
6 0.7825 0.17526041666666667 0.245 0.1296875
6 0.235 0.3580729166666667 0.25166666666666665 0.12552083333333333
6 0.5029166666666667 0.35234375 0.2125 0.1265625
6 0.7791666666666667 0.35182291666666665 0.24833333333333332 0.13385416666666666
6 0.23708333333333334 0.5309895833333333 0.2125 0.1203125
6 0.5029166666666667 0.53203125 0.20583333333333334 0.1265625
6 0.7695833333333333 0.5278645833333333 0.22583333333333333 0.1328125