5 0.06015625 0.059375 0.09296875 0.05859375
13 0.15703125 0.059375 0.0875 0.01875
13 0.44609375 0.1140625 0.89140625 0.04296875
13 0.9453125 0.11328125 0.109375 0.0421875
13 0.5 0.16328125 0.96640625 0.03203125
5 0.06171875 0.2125 0.08984375 0.04609375
3 0.5 0.2125 0.78671875 0.04609375
5 0.93828125 0.2125 0.08984375 0.04609375
13 0.5 0.25625 0.96640625 0.04140625
13 0.0671875 0.29765625 0.06796875 0.01796875
2 0.93984375 0.29921875 0.053125 0.040625
13 0.0671875 0.33828125 0.0671875 0.01796875
2 0.93984375 0.33984375 0.053125 0.040625
13 0.10625 0.37890625 0.14609375 0.01796875
2 0.93984375 0.38046875 0.053125 0.040625
13 0.1140625 0.41953125 0.16171875 0.01796875
2 0.93984375 0.42109375 0.053125 0.040625
13 0.1140625 0.46015625 0.16171875 0.01796875
2 0.93984375 0.46171875 0.053125 0.040625
13 0.1046875 0.50078125 0.14296875 0.01796875
2 0.93984375 0.50234375 0.053125 0.040625
13 0.27734375 0.54140625 0.4875 0.01796875
2 0.93984375 0.54296875 0.053125 0.040625
13 0.06875 0.58203125 0.07109375 0.01796875
2 0.93984375 0.58359375 0.053125 0.040625
13 0.07421875 0.62265625 0.0828125 0.01796875
2 0.93984375 0.62421875 0.053125 0.040625
13 0.06796875 0.66328125 0.0703125 0.01796875
2 0.93984375 0.66484375 0.053125 0.040625
13 0.08671875 0.70390625 0.10703125 0.01796875
2 0.93984375 0.70546875 0.053125 0.040625
13 0.090625 0.74453125 0.1140625 0.01796875
2 0.93984375 0.74609375 0.053125 0.040625
13 0.0921875 0.78515625 0.11796875 0.01796875
2 0.93984375 0.78671875 0.053125 0.040625
13 0.11796875 0.82578125 0.16953125 0.01796875
2 0.93984375 0.82734375 0.053125 0.040625
0 0.5 0.91484375 0.9734375 0.05390625