13 0.67421875 0.5328125 0.171875 0.0328125
13 0.85390625 0.53125 0.15 0.0359375
13 0.25703125 0.415625 0.37421875 0.03828125
13 0.4875 0.46953125 0.825 0.05390625
13 0.496875 0.184375 0.2484375 0.10078125
13 0.49296875 0.25625 0.22109375 0.0203125
13 0.31875 0.025 0.4578125 0.03046875
13 0.1703125 0.84140625 0.30390625 0.03515625
13 0.1015625 0.6828125 0.1078125 0.03671875
13 0.4484375 0.90234375 0.23984375 0.040625
6 0.2640625 0.90234375 0.10546875 0.04453125
6 0.48359375 0.69453125 0.1 0.03671875
6 0.8921875 0.6921875 0.078125 0.02890625
6 0.5125 0.33515625 0.25703125 0.08984375
5 0.89609375 0.02265625 0.05078125 0.03984375
5 0.96875 0.025 0.05234375 0.0359375