6 0.5 0.475 1 0.95
6 0.5 0.475 1 0.95
6 0.035 0.021875 0.03 0.01875
13 0.5 0.27057291666666666 0.38666666666666666 0.025520833333333333
0 0.5 0.3328125 0.43333333333333335 0.036458333333333336
0 0.5 0.3796875 0.43333333333333335 0.036458333333333336
13 0.5 0.42942708333333335 0.145 0.021354166666666667
3 0.5 0.47369791666666666 0.43333333333333335 0.044270833333333336
3 0.5 0.5322916666666667 0.43333333333333335 0.05
5 0.6766666666666666 0.5322916666666667 0.08 0.05
0 0.5 0.5901041666666667 0.43333333333333335 0.036458333333333336
13 0.5 0.6447916666666667 0.27 0.020833333333333332
13 0.5 0.68125 0.07666666666666666 0.020833333333333332
6 0.035 0.021875 0.03 0.01875
13 0.5 0.023697916666666666 0.27 0.030729166666666665
13 0.17 0.1015625 0.28 0.046875
13 0.4533333333333333 0.1015625 0.28 0.046875
13 0.7833333333333333 0.09635416666666667 0.37333333333333335 0.057291666666666664
13 0.23166666666666666 0.8385416666666666 0.08166666666666667 0.028125
13 0.3020833333333333 0.8421875 0.059166666666666666 0.015625
0 0.26166666666666666 0.8880208333333334 0.44 0.036458333333333336
13 0.7166666666666667 0.8317708333333333 0.1 0.028125
13 0.7883333333333333 0.8354166666666667 0.043333333333333335 0.015625
13 0.7383333333333333 0.8526041666666667 0.44 0.013541666666666667
0 0.7383333333333333 0.8880208333333334 0.44 0.036458333333333336
6 0.9333333333333333 0.809375 0.04 0.025
6 0.4666666666666667 0.9364583333333333 0.016666666666666666 0.010416666666666666
6 0.5 0.9364583333333333 0.016666666666666666 0.010416666666666666
6 0.5333333333333333 0.9364583333333333 0.016666666666666666 0.010416666666666666