6 0.5 0.475 1 0.95
6 0.5 0.475 1 0.95
6 0.03515625 0.021875 0.0296875 0.01875
13 0.5 0.2703125 0.38671875 0.02578125
0 0.5 0.3328125 0.43359375 0.03671875
0 0.5 0.3796875 0.43359375 0.03671875
13 0.5 0.4296875 0.1453125 0.02109375
3 0.5 0.4734375 0.43359375 0.04453125
3 0.5 0.53203125 0.43359375 0.05
5 0.6765625 0.53203125 0.0796875 0.05
0 0.5 0.58984375 0.43359375 0.03671875
13 0.5 0.64453125 0.2703125 0.02109375
13 0.5 0.68125 0.0765625 0.02109375
6 0.03515625 0.021875 0.0296875 0.01875
13 0.5 0.0234375 0.2703125 0.03046875
13 0.1703125 0.1015625 0.2796875 0.046875
13 0.453125 0.1015625 0.2796875 0.046875
13 0.78359375 0.09609375 0.3734375 0.05703125
13 0.23203125 0.83828125 0.08203125 0.028125
13 0.30234375 0.8421875 0.059375 0.015625
0 0.26171875 0.88828125 0.43984375 0.03671875
13 0.71640625 0.83203125 0.1 0.028125
13 0.78828125 0.83515625 0.04296875 0.015625
13 0.73828125 0.85234375 0.43984375 0.01328125
0 0.73828125 0.88828125 0.43984375 0.03671875
6 0.93359375 0.809375 0.03984375 0.025
6 0.46640625 0.93671875 0.01640625 0.01015625
6 0.5 0.93671875 0.01640625 0.01015625
6 0.53359375 0.93671875 0.01640625 0.01015625