5 0.06015625 0.059375 0.09296875 0.06640625
13 0.21015625 0.059375 0.153125 0.028125
13 0.946875 0.059375 0.0796875 0.05
13 0.5 0.12109375 0.98359375 0.04609375
13 0.5 0.17265625 0.96640625 0.0359375
3 0.5 0.2125 0.96640625 0.04296875
13 0.4484375 0.2515625 0.8640625 0.0359375
3 0.440625 0.29140625 0.84765625 0.04296875
13 0.4484375 0.33125 0.8640625 0.0359375
3 0.440625 0.3703125 0.84765625 0.04296875
6 0.93203125 0.31328125 0.0859375 0.14765625
13 0.49609375 0.41015625 0.95859375 0.0359375
3 0.49609375 0.45 0.95859375 0.04296875
13 0.49609375 0.4890625 0.95859375 0.0359375
3 0.49609375 0.52890625 0.95859375 0.04296875
13 0.5 0.584375 0.98359375 0.0359375
5 0.9265625 0.56640625 0.13359375 0.08359375
6 0.49921875 0.91875 0.809375 0.0625