5 0.06 0.059375 0.09333333333333334 0.06666666666666667
13 0.21 0.059375 0.15333333333333332 0.028125
13 0.9466666666666667 0.059375 0.08 0.05
13 0.5 0.12109375 0.9833333333333333 0.04635416666666667
13 0.5 0.17265625 0.9666666666666667 0.0359375
3 0.5 0.21223958333333334 0.9666666666666667 0.043229166666666666
13 0.44875 0.2518229166666667 0.8641666666666666 0.0359375
3 0.4404166666666667 0.29140625 0.8475 0.043229166666666666
13 0.44875 0.33098958333333334 0.8641666666666666 0.0359375
3 0.4404166666666667 0.37057291666666664 0.8475 0.043229166666666666
6 0.9320833333333334 0.31302083333333336 0.08583333333333333 0.14791666666666667
13 0.49583333333333335 0.41015625 0.9583333333333334 0.0359375
3 0.49583333333333335 0.44973958333333336 0.9583333333333334 0.043229166666666666
13 0.49583333333333335 0.48932291666666666 0.9583333333333334 0.0359375
3 0.49583333333333335 0.52890625 0.9583333333333334 0.043229166666666666
13 0.5 0.5841145833333333 0.9833333333333333 0.0359375
5 0.9266666666666666 0.5666666666666667 0.13333333333333333 0.08333333333333333
6 0.4995833333333333 0.91875 0.8091666666666667 0.0625