13 0.653125 0.2046875 0.6734375 0.0671875
13 0.4921875 0.30859375 0.96640625 0.05625
13 0.68125 0.45625 0.6046875 0.0671875
13 0.465625 0.5546875 0.90625 0.04921875
13 0.5890625 0.7375 0.79375 0.07578125
13 0.503125 0.909375 0.1359375 0.0390625
13 0.3578125 0.06875 0.4796875 0.053125
5 0.796875 0.06484375 0.09140625 0.059375
5 0.92890625 0.0640625 0.11015625 0.05390625
5 0.93046875 0.1328125 0.10859375 0.04453125
5 0.0703125 0.0640625 0.08515625 0.03828125
5 0.10234375 0.9125 0.1078125 0.06171875
5 0.3 0.909375 0.11015625 0.05859375
5 0.71015625 0.9125 0.10234375 0.0625
5 0.8984375 0.915625 0.1234375 0.06171875