0 0.125 0.19765625 0.25 0.04296875
0 0.375 0.19765625 0.25 0.04296875
0 0.625 0.19765625 0.25 0.04296875
0 0.875 0.19765625 0.25 0.04296875
0 0.88359375 0.94140625 0.0734375 0.04140625
0 0.5 0.9875 1 0.025
0 0.046875 0.865625 0.0734375 0.04609375
6 0.046875 0.85 0.03984375 0.025
13 0.49296875 0.8484375 0.8265625 0.02265625
5 0.953125 0.85 0.09296875 0.05859375
0 0.6875 0.91484375 0.146875 0.0375
0 0.8734375 0.91484375 0.19921875 0.0375
5 0.046875 0.096875 0.0796875 0.05859375
5 0.1265625 0.096875 0.0796875 0.05859375
5 0.20703125 0.096875 0.0796875 0.05859375
5 0.28359375 0.09609375 0.06640625 0.04296875
3 0.5546875 0.09609375 0.4765625 0.03671875
5 0.8265625 0.09609375 0.06640625 0.04296875
5 0.89296875 0.09609375 0.06640625 0.04296875
5 0.9640625 0.096875 0.071875 0.05859375
6 0.5 0.12734375 1 0.00234375