0 0.125 0.19739583333333333 0.25 0.042708333333333334
0 0.375 0.19739583333333333 0.25 0.042708333333333334
0 0.625 0.19739583333333333 0.25 0.042708333333333334
0 0.875 0.19739583333333333 0.25 0.042708333333333334
0 0.8833333333333333 0.9416666666666667 0.07333333333333333 0.041666666666666664
0 0.5 0.9875 1 0.025
0 0.04666666666666667 0.865625 0.07333333333333333 0.04583333333333333
6 0.04666666666666667 0.85 0.04 0.025
13 0.49333333333333335 0.8486979166666667 0.8266666666666667 0.022395833333333334
5 0.9533333333333334 0.85 0.09333333333333334 0.058333333333333334
0 0.6875 0.9145833333333333 0.14666666666666667 0.0375
0 0.87375 0.9145833333333333 0.19916666666666666 0.0375
5 0.04666666666666667 0.096875 0.08 0.058333333333333334
5 0.12666666666666668 0.096875 0.08 0.058333333333333334
5 0.20666666666666667 0.096875 0.08 0.058333333333333334
5 0.2833333333333333 0.09635416666666667 0.06666666666666667 0.042708333333333334
3 0.555 0.09635416666666667 0.4766666666666667 0.036458333333333336
5 0.8266666666666667 0.09635416666666667 0.06666666666666667 0.042708333333333334
5 0.8933333333333333 0.09635416666666667 0.06666666666666667 0.042708333333333334
5 0.9641666666666666 0.096875 0.07166666666666667 0.058333333333333334
6 0.5 0.12708333333333333 1 0.0020833333333333333