5 0.06 0.059375 0.09333333333333334 0.06666666666666667
6 0.23208333333333334 0.05911458333333333 0.1975 0.0171875
13 0.8216666666666667 0.059375 0.08 0.05
6 0.87875 0.05911458333333333 0.034166666666666665 0.024479166666666666
13 0.8933333333333333 0.05520833333333333 0.02666666666666667 0.016666666666666666
13 0.9466666666666667 0.059375 0.08 0.05
13 0.16541666666666666 0.12994791666666666 0.22416666666666665 0.0140625
13 0.20666666666666667 0.14505208333333333 0.30666666666666664 0.016145833333333335
13 0.85 0.13802083333333334 0.19333333333333333 0.029166666666666667
6 0.25666666666666665 0.2869791666666667 0.3333333333333333 0.20833333333333334
13 0.25666666666666665 0.3734375 0.3333333333333333 0.035416666666666666
6 0.7433333333333333 0.2869791666666667 0.3333333333333333 0.20833333333333334
13 0.7433333333333333 0.3734375 0.3333333333333333 0.035416666666666666
6 0.25666666666666665 0.5119791666666667 0.3333333333333333 0.20833333333333334
13 0.25666666666666665 0.5984375 0.3333333333333333 0.035416666666666666
6 0.7433333333333333 0.5119791666666667 0.3333333333333333 0.20833333333333334
13 0.7433333333333333 0.5984375 0.3333333333333333 0.035416666666666666
6 0.25666666666666665 0.7369791666666666 0.3333333333333333 0.20833333333333334
13 0.25666666666666665 0.8234375 0.3333333333333333 0.035416666666666666
6 0.7433333333333333 0.7369791666666666 0.3333333333333333 0.20833333333333334
13 0.7433333333333333 0.8234375 0.3333333333333333 0.035416666666666666
6 0.25666666666666665 0.92890625 0.3333333333333333 0.1421875
6 0.7433333333333333 0.92890625 0.3333333333333333 0.1421875