5 0.06015625 0.059375 0.09296875 0.06640625
6 0.23203125 0.059375 0.19765625 0.0171875
13 0.821875 0.059375 0.0796875 0.05
6 0.87890625 0.059375 0.034375 0.02421875
13 0.89296875 0.05546875 0.0265625 0.01640625
13 0.946875 0.059375 0.0796875 0.05
13 0.165625 0.1296875 0.22421875 0.0140625
13 0.20703125 0.1453125 0.30703125 0.01640625
13 0.85 0.13828125 0.19296875 0.02890625
6 0.25703125 0.28671875 0.33359375 0.20859375
13 0.25703125 0.3734375 0.33359375 0.03515625
6 0.74296875 0.28671875 0.33359375 0.20859375
13 0.74296875 0.3734375 0.33359375 0.03515625
6 0.25703125 0.51171875 0.33359375 0.20859375
13 0.25703125 0.5984375 0.33359375 0.03515625
6 0.74296875 0.51171875 0.33359375 0.20859375
13 0.74296875 0.5984375 0.33359375 0.03515625
6 0.25703125 0.73671875 0.33359375 0.20859375
13 0.25703125 0.8234375 0.33359375 0.03515625
6 0.74296875 0.73671875 0.33359375 0.20859375
13 0.74296875 0.8234375 0.33359375 0.03515625
6 0.25703125 0.92890625 0.33359375 0.1421875
6 0.74296875 0.92890625 0.33359375 0.1421875