5 0.06 0.059375 0.09333333333333334 0.06666666666666667
13 0.23958333333333334 0.059375 0.2125 0.020833333333333332
6 0.02875 0.134375 0.0125 0.0125
6 0.07791666666666666 0.115625 0.03916666666666667 0.025
13 0.15125 0.115625 0.1075 0.01875
6 0.22375 0.11953125 0.0375 0.0234375
13 0.2970833333333333 0.11979166666666667 0.10916666666666666 0.03333333333333333
6 0.36833333333333335 0.11979166666666667 0.03333333333333333 0.022916666666666665
13 0.44166666666666665 0.11979166666666667 0.11333333333333333 0.03333333333333333
6 0.5195833333333333 0.11979166666666667 0.0425 0.022916666666666665
13 0.5933333333333334 0.11979166666666667 0.105 0.03333333333333333
6 0.66375 0.134375 0.035833333333333335 0.022916666666666665
13 0.7375 0.134375 0.11166666666666666 0.0625
6 0.8104166666666667 0.11979166666666667 0.034166666666666665 0.020833333333333332
13 0.8841666666666667 0.11979166666666667 0.11333333333333333 0.03333333333333333
6 0.9695833333333334 0.134375 0.0125 0.0125
13 0.27625 0.2640625 0.44583333333333336 0.13541666666666666
13 0.2758333333333333 0.25338541666666664 0.21166666666666667 0.015104166666666667
13 0.27625 0.26979166666666665 0.44583333333333336 0.017708333333333333
6 0.09833333333333333 0.20442708333333334 0.07666666666666666 0.0078125
13 0.1675 0.2046875 0.06166666666666667 0.0125
13 0.7233333333333334 0.2640625 0.44666666666666666 0.13541666666666666
13 0.7233333333333334 0.25338541666666664 0.175 0.015104166666666667
13 0.7233333333333334 0.26979166666666665 0.44666666666666666 0.017708333333333333
6 0.545 0.20442708333333334 0.07666666666666666 0.009895833333333333
13 0.5983333333333334 0.2046875 0.03 0.0125
6 0.0875 0.3611979166666667 0.025 0.0171875
13 0.17625 0.3609375 0.11583333333333333 0.0125
13 0.30916666666666665 0.37838541666666664 0.38166666666666665 0.0140625
6 0.5270833333333333 0.3611979166666667 0.0275 0.0171875
13 0.6158333333333333 0.3609375 0.11333333333333333 0.0125
13 0.7529166666666667 0.37838541666666664 0.3875 0.0140625
13 0.13833333333333334 0.4234375 0.11666666666666667 0.03333333333333333
12 0.5583333333333333 0.4234375 0.36666666666666664 0.025
13 0.4666666666666667 0.4234375 0.18333333333333332 0.025
13 0.65 0.4234375 0.18333333333333332 0.025
13 0.27625 0.5 0.0825 0.07708333333333334
13 0.27625 0.54453125 0.1525 0.011979166666666667
13 0.7229166666666667 0.5 0.10083333333333333 0.07708333333333334
13 0.7233333333333334 0.54453125 0.15333333333333332 0.011979166666666667
13 0.7229166666666667 0.5606770833333333 0.10416666666666667 0.011979166666666667
6 0.91625 0.4596354166666667 0.060833333333333336 0.03802083333333333
13 0.27666666666666667 0.9260416666666667 0.44666666666666666 0.04791666666666667
13 0.7233333333333334 0.9260416666666667 0.44666666666666666 0.04791666666666667