5 0.06015625 0.059375 0.09296875 0.06640625
13 0.23984375 0.059375 0.2125 0.02109375
6 0.02890625 0.134375 0.0125 0.0125
6 0.078125 0.115625 0.0390625 0.025
13 0.1515625 0.115625 0.1078125 0.01875
6 0.2234375 0.11953125 0.0375 0.0234375
13 0.296875 0.11953125 0.109375 0.03359375
6 0.36796875 0.11953125 0.03359375 0.02265625
13 0.44140625 0.11953125 0.11328125 0.03359375
6 0.51953125 0.11953125 0.0421875 0.02265625
13 0.59296875 0.11953125 0.1046875 0.03359375
6 0.6640625 0.134375 0.0359375 0.02265625
13 0.7375 0.134375 0.11171875 0.0625
6 0.81015625 0.11953125 0.034375 0.02109375
13 0.884375 0.11953125 0.11328125 0.03359375
6 0.96953125 0.134375 0.0125 0.0125
13 0.2765625 0.2640625 0.44609375 0.13515625
13 0.27578125 0.253125 0.21171875 0.01484375
13 0.2765625 0.26953125 0.44609375 0.01796875
6 0.0984375 0.2046875 0.0765625 0.0078125
13 0.1671875 0.2046875 0.06171875 0.0125
13 0.7234375 0.2640625 0.446875 0.13515625
13 0.7234375 0.253125 0.175 0.01484375
13 0.7234375 0.26953125 0.446875 0.01796875
6 0.5453125 0.2046875 0.0765625 0.01015625
13 0.5984375 0.2046875 0.0296875 0.0125
6 0.0875 0.3609375 0.025 0.0171875
13 0.1765625 0.3609375 0.115625 0.0125
13 0.309375 0.378125 0.38203125 0.0140625
6 0.52734375 0.3609375 0.02734375 0.0171875
13 0.615625 0.3609375 0.11328125 0.0125
13 0.753125 0.378125 0.3875 0.0140625
13 0.13828125 0.4234375 0.11640625 0.03359375
12 0.55859375 0.4234375 0.36640625 0.025
13 0.46640625 0.4234375 0.18359375 0.025
13 0.65 0.4234375 0.18359375 0.025
13 0.2765625 0.5 0.0828125 0.07734375
13 0.2765625 0.54453125 0.15234375 0.01171875
13 0.72265625 0.5 0.10078125 0.07734375
13 0.7234375 0.54453125 0.153125 0.01171875
13 0.72265625 0.5609375 0.10390625 0.01171875
6 0.91640625 0.459375 0.0609375 0.03828125
13 0.2765625 0.92578125 0.446875 0.04765625
13 0.7234375 0.92578125 0.446875 0.04765625