6 0.10234375 0.140625 0.171875 0.08671875
6 0.1078125 0.25625 0.18515625 0.07890625
6 0.10546875 0.490625 0.175 0.07578125
6 0.10234375 0.7203125 0.18203125 0.08046875
6 0.10859375 0.8359375 0.18671875 0.08203125
6 0.753125 0.4375 0.3984375 0.14609375
6 0.059375 0.05546875 0.08203125 0.05390625
5 0.9515625 0.05625 0.05546875 0.03359375
13 0.1578125 0.05625 0.096875 0.03046875
13 0.30703125 0.2578125 0.1890625 0.07578125
13 0.28359375 0.49140625 0.16171875 0.059375
13 0.7515625 0.6453125 0.16328125 0.02421875
13 0.753125 0.68125 0.3265625 0.04921875