13 0.08583333333333333 0.059375 0.09166666666666666 0.028125
13 0.8508333333333333 0.059375 0.09833333333333333 0.05
13 0.9433333333333334 0.059375 0.08666666666666667 0.05
6 0.025 0.11979166666666667 0.05 0.05416666666666667
3 0.45208333333333334 0.11692708333333333 0.8208333333333333 0.025520833333333333
13 0.9045833333333333 0.11979166666666667 0.08416666666666667 0.01875
6 0.9683333333333334 0.11979166666666667 0.056666666666666664 0.020833333333333332
3 0.45208333333333334 0.17526041666666667 0.8208333333333333 0.025520833333333333
13 0.9045833333333333 0.178125 0.08416666666666667 0.01875
6 0.96 0.178125 0.04 0.020833333333333332
3 0.45208333333333334 0.23671875 0.8208333333333333 0.025520833333333333
13 0.9045833333333333 0.23958333333333334 0.08416666666666667 0.01875
6 0.96 0.23958333333333334 0.04 0.020833333333333332
3 0.45208333333333334 0.2981770833333333 0.8208333333333333 0.025520833333333333
13 0.9045833333333333 0.30104166666666665 0.08416666666666667 0.01875
6 0.96 0.30104166666666665 0.04 0.020833333333333332
3 0.45208333333333334 0.35963541666666665 0.8208333333333333 0.025520833333333333
13 0.9045833333333333 0.3625 0.08416666666666667 0.01875
6 0.96 0.3625 0.04 0.020833333333333332
0 0.5 0.84375 0.9666666666666667 0.0625
6 0.06666666666666667 0.9130208333333333 0.04 0.025
13 0.06666666666666667 0.9333333333333333 0.05 0.015625
6 0.16666666666666666 0.9130208333333333 0.04 0.025
6 0.26666666666666666 0.9130208333333333 0.04 0.025
13 0.26666666666666666 0.9333333333333333 0.095 0.015625
6 0.36666666666666664 0.9130208333333333 0.04 0.025
6 0.4666666666666667 0.9130208333333333 0.04 0.025
13 0.4666666666666667 0.9333333333333333 0.06166666666666667 0.015625
6 0.5666666666666667 0.9130208333333333 0.04 0.025
6 0.6666666666666666 0.9130208333333333 0.04 0.025
13 0.6666666666666666 0.9333333333333333 0.06333333333333334 0.015625
6 0.7666666666666667 0.9130208333333333 0.04 0.025
6 0.8666666666666667 0.9130208333333333 0.04 0.025
13 0.86625 0.9333333333333333 0.0425 0.015625
6 0.9666666666666667 0.9130208333333333 0.04 0.025