13 0.695625 0.211328125 0.59125 0.07578125
13 0.629375 0.31015625 0.70375 0.04375
13 0.81625 0.439453125 0.3475 0.07265625
13 0.710625 0.54296875 0.51375 0.05
13 0.7825 0.6734375 0.3925 0.0671875
13 0.72 0.77421875 0.5 0.0390625
13 0.344375 0.069921875 0.43375 0.05546875
5 0.7975 0.059765625 0.095 0.05546875
5 0.929375 0.064453125 0.09375 0.05859375
5 0.07125 0.063671875 0.0975 0.04921875
5 0.101875 0.914453125 0.11875 0.04609375
5 0.301875 0.912109375 0.10375 0.05390625
5 0.704375 0.9140625 0.11625 0.059375
5 0.90375 0.912109375 0.1125 0.06171875
13 0.500625 0.9109375 0.12375 0.0359375