6 0.5 0.2921875 0.9133333333333333 0.23958333333333334
13 0.5 0.39401041666666664 0.86 0.025520833333333333
13 0.5 0.43984375 0.86 0.022395833333333334
3 0.5 0.5028645833333333 0.86 0.04739583333333333
13 0.8645833333333334 0.475 0.13083333333333333 0.014583333333333334
3 0.285 0.56171875 0.43 0.04739583333333333
3 0.715 0.56171875 0.43 0.04739583333333333
13 0.09666666666666666 0.6119791666666666 0.05333333333333334 0.019791666666666666
11 0.2808333333333333 0.634375 0.4216666666666667 0.025
13 0.2675 0.6341145833333334 0.395 0.022395833333333334
13 0.5304166666666666 0.6119791666666666 0.060833333333333336 0.019791666666666666
11 0.7108333333333333 0.634375 0.4216666666666667 0.025
13 0.6975 0.6341145833333334 0.395 0.022395833333333334
3 0.5 0.6986979166666667 0.86 0.04739583333333333
0 0.7658333333333334 0.7713541666666667 0.12833333333333333 0.05625
0 0.8833333333333333 0.7713541666666667 0.10666666666666667 0.05625