6 0.5 0.2921875 0.91328125 0.23984375
13 0.5 0.39375 0.86015625 0.02578125
13 0.5 0.43984375 0.86015625 0.02265625
3 0.5 0.503125 0.86015625 0.04765625
13 0.86484375 0.475 0.13046875 0.01484375
3 0.28515625 0.56171875 0.4296875 0.04765625
3 0.71484375 0.56171875 0.4296875 0.04765625
13 0.096875 0.61171875 0.053125 0.01953125
11 0.28046875 0.634375 0.421875 0.025
13 0.2671875 0.634375 0.3953125 0.02265625
13 0.53046875 0.61171875 0.0609375 0.01953125
11 0.7109375 0.634375 0.421875 0.025
13 0.69765625 0.634375 0.3953125 0.02265625
3 0.5 0.6984375 0.86015625 0.04765625
0 0.765625 0.77109375 0.128125 0.05625
0 0.88359375 0.77109375 0.10703125 0.05625