5 0.06015625 0.059375 0.09296875 0.06640625
13 0.946875 0.059375 0.0796875 0.05
13 0.1328125 0.12578125 0.040625 0.01953125
13 0.4 0.12578125 0.06328125 0.01953125
13 0.471875 0.2015625 0.853125 0.02578125
6 0.9453125 0.20078125 0.03984375 0.025
6 0.5 0.38671875 0.96328125 0.3125
13 0.12734375 0.5765625 0.16484375 0.02265625
13 0.10390625 0.59765625 0.11796875 0.01953125
13 0.91640625 0.584375 0.0765625 0.028125
13 0.51328125 0.65859375 0.93671875 0.01953125
13 0.2484375 0.68359375 0.40703125 0.01953125
13 0.56328125 0.68359375 0.22265625 0.01953125
13 0.81484375 0.6859375 0.28046875 0.025
13 0.51328125 0.75859375 0.93671875 0.01953125
13 0.2484375 0.78359375 0.40703125 0.01953125
13 0.56328125 0.78359375 0.22265625 0.01953125
13 0.81484375 0.7859375 0.28046875 0.025
0 0.25625 0.91640625 0.4859375 0.06640625
0 0.74375 0.91640625 0.4859375 0.06640625