6 0.49921875 0.440625 0.1609375 0.1328125
6 0.78125 0.4375 0.1375 0.12421875
6 0.925 0.10625 0.1171875 0.08828125
13 0.509375 0.1953125 0.3109375 0.05859375
13 0.4984375 0.30625 0.2125 0.0390625
13 0.7890625 0.309375 0.2125 0.04765625
13 0.16484375 0.30625 0.2078125 0.05625
13 0.1703125 0.4359375 0.1890625 0.05234375
13 0.1765625 0.5765625 0.22734375 0.04765625
13 0.2515625 0.69375 0.38359375 0.04609375
13 0.70546875 0.69609375 0.49609375 0.05
13 0.228125 0.7625 0.2859375 0.04609375
13 0.54765625 0.7625 0.30234375 0.040625
13 0.80703125 0.7578125 0.14140625 0.04140625
13 0.8640625 0.9234375 0.2546875 0.03828125
13 0.140625 0.9171875 0.1609375 0.04140625
13 0.51015625 0.865625 0.1828125 0.03046875
13 0.8328125 0.8625 0.175 0.03203125
13 0.17109375 0.86328125 0.1953125 0.0328125
6 0.6515625 0.91953125 0.09375 0.059375
6 0.4734375 0.91796875 0.0765625 0.05
6 0.3265625 0.9203125 0.10859375 0.04921875