6 0.029166666666666667 0.026041666666666668 0.058333333333333334 0.036458333333333336
13 0.085 0.02578125 0.06666666666666667 0.025520833333333333
6 0.9491666666666667 0.026041666666666668 0.058333333333333334 0.034375
13 0.0125 0.09635416666666667 0.025 0.015625
6 0.05875 0.14166666666666666 0.1175 0.07291666666666667
6 0.05875 0.14166666666666666 0.1175 0.07291666666666667
6 0.18458333333333332 0.14166666666666666 0.1175 0.07291666666666667
6 0.18458333333333332 0.14166666666666666 0.1175 0.07291666666666667
6 0.3104166666666667 0.14166666666666666 0.1175 0.07291666666666667
6 0.3104166666666667 0.14166666666666666 0.1175 0.07291666666666667
6 0.43625 0.14166666666666666 0.1175 0.07291666666666667
6 0.43625 0.14166666666666666 0.1175 0.07291666666666667
6 0.5620833333333334 0.14166666666666666 0.1175 0.07291666666666667
6 0.5620833333333334 0.14166666666666666 0.1175 0.07291666666666667
6 0.6879166666666666 0.14166666666666666 0.1175 0.07291666666666667
6 0.6879166666666666 0.14166666666666666 0.1175 0.07291666666666667
6 0.81375 0.14166666666666666 0.1175 0.07291666666666667
6 0.81375 0.14166666666666666 0.1175 0.07291666666666667
6 0.9395833333333333 0.14166666666666666 0.1175 0.07291666666666667
6 0.9395833333333333 0.14166666666666666 0.1175 0.07291666666666667
13 0.5083333333333333 0.84921875 0.9833333333333333 0.022395833333333334
0 0.9383333333333334 0.8494791666666667 0.09 0.034375
5 0.029583333333333333 0.8828125 0.059166666666666666 0.041666666666666664
5 0.06833333333333333 0.9114583333333334 0.09333333333333334 0.058333333333333334
5 0.14916666666666667 0.8828125 0.06666666666666667 0.041666666666666664
5 0.19166666666666668 0.9114583333333334 0.09333333333333334 0.058333333333333334
5 0.2725 0.8828125 0.06666666666666667 0.041666666666666664
5 0.315 0.9114583333333334 0.09333333333333334 0.058333333333333334
5 0.3958333333333333 0.8828125 0.06666666666666667 0.041666666666666664
5 0.43833333333333335 0.9114583333333334 0.09333333333333334 0.058333333333333334