6 0.02890625 0.025 0.0578125 0.0375
13 0.08515625 0.02578125 0.06640625 0.02578125
6 0.94921875 0.02578125 0.05859375 0.034375
13 0.0125 0.09609375 0.025 0.015625
6 0.05859375 0.14140625 0.1171875 0.07265625
6 0.05859375 0.14140625 0.1171875 0.07265625
6 0.184375 0.14140625 0.1171875 0.07265625
6 0.184375 0.14140625 0.1171875 0.07265625
6 0.31015625 0.14140625 0.1171875 0.07265625
6 0.31015625 0.14140625 0.1171875 0.07265625
6 0.4359375 0.14140625 0.1171875 0.07265625
6 0.4359375 0.14140625 0.1171875 0.07265625
6 0.56171875 0.14140625 0.1171875 0.07265625
6 0.56171875 0.14140625 0.1171875 0.07265625
6 0.68828125 0.14140625 0.1171875 0.07265625
6 0.68828125 0.14140625 0.1171875 0.07265625
6 0.8140625 0.14140625 0.1171875 0.07265625
6 0.8140625 0.14140625 0.1171875 0.07265625
6 0.93984375 0.14140625 0.1171875 0.07265625
6 0.93984375 0.14140625 0.1171875 0.07265625
13 0.5078125 0.8484375 0.984375 0.021875
0 0.93828125 0.84921875 0.08984375 0.034375
5 0.0296875 0.8828125 0.059375 0.04140625
5 0.06796875 0.91171875 0.09296875 0.05859375
5 0.14921875 0.8828125 0.06640625 0.04140625
5 0.19140625 0.91171875 0.09296875 0.05859375
5 0.27265625 0.8828125 0.06640625 0.04140625
5 0.31484375 0.91171875 0.09296875 0.05859375
5 0.39609375 0.8828125 0.06640625 0.04140625
5 0.43828125 0.91171875 0.09296875 0.05859375