6 0.0515625 0.02734375 0.05 0.03125
6 0.0765625 0.09375 0.1 0.0625
13 0.26640625 0.07421875 0.22890625 0.02421875
13 0.4609375 0.11015625 0.61796875 0.03671875
0 0.88359375 0.14453125 0.13984375 0.03125
13 0.13359375 0.19609375 0.20703125 0.03359375
6 0.8953125 0.26484375 0.11640625 0.09921875
6 0.1046875 0.42734375 0.11640625 0.06640625
13 0.88671875 0.4328125 0.16640625 0.03359375
13 0.25234375 0.4859375 0.09921875 0.02265625
6 0.25234375 0.53828125 0.1 0.0625
6 0.28984375 0.56171875 0.025 0.015625
13 0.746875 0.4859375 0.09921875 0.02265625
6 0.74765625 0.53828125 0.1 0.0625
6 0.78515625 0.56171875 0.025 0.015625
13 0.16328125 0.05703125 0.2421875 0.028125
6 0.04765625 0.15 0.04140625 0.02578125
13 0.4734375 0.15 0.70703125 0.02109375
6 0.84765625 0.15 0.04140625 0.02578125
6 0.04765625 0.2 0.04140625 0.02578125
13 0.4734375 0.2 0.70703125 0.02109375
6 0.84765625 0.2 0.04140625 0.02578125
6 0.04765625 0.25 0.04140625 0.02578125
13 0.4734375 0.25 0.70703125 0.02109375
6 0.84765625 0.25 0.04140625 0.02578125
6 0.04765625 0.3 0.04140625 0.02578125
13 0.4609375 0.3 0.6828125 0.02109375
6 0.04765625 0.35 0.04140625 0.02578125
13 0.4734375 0.35 0.70703125 0.02109375
6 0.84765625 0.35 0.04140625 0.02578125
6 0.04765625 0.4 0.04140625 0.02578125
13 0.4734375 0.4 0.70703125 0.02109375
6 0.84765625 0.4 0.04140625 0.02578125
6 0.04765625 0.45 0.04140625 0.02578125
13 0.1625 0.45 0.08515625 0.02109375
6 0.04765625 0.5 0.04140625 0.02578125
13 0.196875 0.5 0.153125 0.02109375
6 0.04765625 0.55 0.04140625 0.02578125
13 0.1890625 0.55 0.13828125 0.02109375