6 0.051666666666666666 0.027083333333333334 0.05 0.03125
6 0.07666666666666666 0.09375 0.1 0.0625
13 0.26625 0.07447916666666667 0.22916666666666666 0.023958333333333335
13 0.4608333333333333 0.11015625 0.6183333333333333 0.03697916666666667
0 0.8833333333333333 0.14427083333333332 0.14 0.03125
13 0.13333333333333333 0.19609375 0.20666666666666667 0.033854166666666664
6 0.895 0.26510416666666664 0.11666666666666667 0.09895833333333333
6 0.105 0.4270833333333333 0.11666666666666667 0.06666666666666667
13 0.8866666666666667 0.43307291666666664 0.16666666666666666 0.033854166666666664
13 0.2520833333333333 0.4856770833333333 0.09916666666666667 0.022395833333333334
6 0.2525 0.5385416666666667 0.1 0.0625
6 0.29 0.5619791666666667 0.025 0.015625
13 0.7470833333333333 0.4856770833333333 0.09916666666666667 0.022395833333333334
6 0.7475 0.5385416666666667 0.1 0.0625
6 0.785 0.5619791666666667 0.025 0.015625
13 0.16291666666666665 0.057291666666666664 0.2425 0.028125
6 0.0475 0.15 0.041666666666666664 0.026041666666666668
13 0.47333333333333333 0.14973958333333334 0.7066666666666667 0.021354166666666667
6 0.8475 0.15 0.041666666666666664 0.026041666666666668
6 0.0475 0.2 0.041666666666666664 0.026041666666666668
13 0.47333333333333333 0.19973958333333333 0.7066666666666667 0.021354166666666667
6 0.8475 0.2 0.041666666666666664 0.026041666666666668
6 0.0475 0.25 0.041666666666666664 0.026041666666666668
13 0.47333333333333333 0.24973958333333332 0.7066666666666667 0.021354166666666667
6 0.8475 0.25 0.041666666666666664 0.026041666666666668
6 0.0475 0.3 0.041666666666666664 0.026041666666666668
13 0.46125 0.29973958333333334 0.6825 0.021354166666666667
6 0.0475 0.35 0.041666666666666664 0.026041666666666668
13 0.47333333333333333 0.3497395833333333 0.7066666666666667 0.021354166666666667
6 0.8475 0.35 0.041666666666666664 0.026041666666666668
6 0.0475 0.4 0.041666666666666664 0.026041666666666668
13 0.47333333333333333 0.3997395833333333 0.7066666666666667 0.021354166666666667
6 0.8475 0.4 0.041666666666666664 0.026041666666666668
6 0.0475 0.45 0.041666666666666664 0.026041666666666668
13 0.1625 0.44973958333333336 0.085 0.021354166666666667
6 0.0475 0.5 0.041666666666666664 0.026041666666666668
13 0.19666666666666666 0.49973958333333335 0.15333333333333332 0.021354166666666667
6 0.0475 0.55 0.041666666666666664 0.026041666666666668
13 0.18916666666666668 0.5497395833333333 0.13833333333333334 0.021354166666666667