5 0.84 0.055859375 0.0675 0.04140625
5 0.933125 0.05859375 0.07125 0.034375
5 0.06 0.059765625 0.06 0.03203125
6 0.160625 0.214453125 0.24375 0.13828125
6 0.515 0.21640625 0.225 0.215625
6 0.83625 0.2140625 0.24 0.1703125
6 0.1675 0.57734375 0.2375 0.1421875
6 0.515625 0.566015625 0.26875 0.22421875
6 0.815 0.566015625 0.25 0.09453125
6 0.204375 0.886328125 0.27875 0.11796875
6 0.5175 0.900390625 0.23 0.10078125
6 0.785 0.9 0.1375 0.0921875
5 0.9275 0.90234375 0.1 0.0703125
13 0.0725 0.353125 0.1275 0.0296875
13 0.185 0.06015625 0.145 0.0328125
13 0.44625 0.386328125 0.1925 0.02421875
13 0.7325 0.35546875 0.1075 0.0265625
13 0.71875 0.4265625 0.085 0.0265625
13 0.4025 0.719921875 0.1075 0.02890625
13 0.08375 0.791015625 0.1225 0.03515625
13 0.744375 0.793359375 0.10875 0.02890625
13 0.736875 0.7171875 0.09375 0.0234375