6 0.32416666666666666 0.028125 0.5983333333333334 0.04583333333333333
6 0.875 0.03125 0.06666666666666667 0.041666666666666664
6 0.9541666666666667 0.028645833333333332 0.058333333333333334 0.036458333333333336
6 0.5 0.2953125 0.8433333333333334 0.36354166666666665
6 0.905 0.471875 0.03333333333333333 0.010416666666666666
6 0.905 0.471875 0.03333333333333333 0.010416666666666666
13 0.30041666666666667 0.6645833333333333 0.19416666666666665 0.041666666666666664
13 0.69875 0.6645833333333333 0.19416666666666665 0.041666666666666664
13 0.30041666666666667 0.8453125 0.19416666666666665 0.041666666666666664
6 0.69875 0.76015625 0.19416666666666665 0.12135416666666667
13 0.7783333333333333 0.81015625 0.035 0.021354166666666667
13 0.7791666666666667 0.7098958333333333 0.03333333333333333 0.020833333333333332
13 0.69875 0.8453125 0.19416666666666665 0.041666666666666664
6 0.375 0.9575520833333333 0.23333333333333334 0.08489583333333334
6 0.8616666666666667 0.9575520833333333 0.23333333333333334 0.08489583333333334