6 0.9483333333333334 0.21197916666666666 0.05 0.03125
13 0.0675 0.11119791666666666 0.08166666666666667 0.022395833333333334
13 0.1275 0.16666666666666666 0.20166666666666666 0.09583333333333334
13 0.23708333333333334 0.18880208333333334 0.0175 0.025520833333333333
13 0.07083333333333333 0.2171875 0.08833333333333333 0.020833333333333332
13 0.18041666666666667 0.21666666666666667 0.0775 0.019791666666666666
13 0.06958333333333333 0.25833333333333336 0.08583333333333333 0.019791666666666666
13 0.07458333333333333 0.2955729166666667 0.0475 0.0171875
6 0.075 0.3260416666666667 0.043333333333333335 0.027083333333333334
13 0.17125 0.2955729166666667 0.0475 0.0171875
6 0.17166666666666666 0.3260416666666667 0.043333333333333335 0.027083333333333334
13 0.2679166666666667 0.2955729166666667 0.0475 0.0171875
6 0.2683333333333333 0.3260416666666667 0.043333333333333335 0.027083333333333334
13 0.3645833333333333 0.2955729166666667 0.0475 0.0171875
6 0.365 0.3260416666666667 0.043333333333333335 0.027083333333333334
13 0.46125 0.2955729166666667 0.0475 0.0171875
6 0.46166666666666667 0.3260416666666667 0.043333333333333335 0.027083333333333334
13 0.5579166666666666 0.2955729166666667 0.0475 0.0171875
6 0.5583333333333333 0.3260416666666667 0.043333333333333335 0.027083333333333334
13 0.6545833333333333 0.2955729166666667 0.0475 0.0171875
6 0.655 0.3260416666666667 0.043333333333333335 0.027083333333333334
13 0.75125 0.2955729166666667 0.0475 0.0171875
6 0.7516666666666667 0.3260416666666667 0.043333333333333335 0.027083333333333334
13 0.8479166666666667 0.2955729166666667 0.0475 0.0171875
6 0.8483333333333334 0.3260416666666667 0.043333333333333335 0.027083333333333334
13 0.9445833333333333 0.2955729166666667 0.0475 0.0171875
6 0.945 0.3260416666666667 0.043333333333333335 0.027083333333333334
6 0.3095833333333333 0.5528645833333333 0.5491666666666667 0.1796875
6 0.05375 0.4747395833333333 0.0375 0.0234375
13 0.7604166666666666 0.47734375 0.3358333333333333 0.022395833333333334
13 0.77875 0.6244791666666667 0.3725 0.036458333333333336
13 0.05708333333333333 0.6744791666666666 0.060833333333333336 0.019791666666666666
13 0.07833333333333334 0.7239583333333334 0.06333333333333334 0.019791666666666666
13 0.13375 0.7255208333333333 0.034166666666666665 0.014583333333333334
6 0.21333333333333335 0.7239583333333334 0.05333333333333334 0.03333333333333333
13 0.5579166666666666 0.7239583333333334 0.6091666666666666 0.019791666666666666
13 0.9129166666666667 0.7239583333333334 0.08083333333333333 0.019791666666666666
13 0.06625 0.7697916666666667 0.03916666666666667 0.019791666666666666
13 0.10958333333333334 0.7713541666666667 0.034166666666666665 0.014583333333333334
6 0.21333333333333335 0.7697916666666667 0.05333333333333334 0.03333333333333333
13 0.5579166666666666 0.7697916666666667 0.6091666666666666 0.019791666666666666
13 0.9129166666666667 0.7697916666666667 0.08083333333333333 0.019791666666666666
13 0.059583333333333335 0.815625 0.025833333333333333 0.019791666666666666
13 0.09625 0.8171875 0.034166666666666665 0.014583333333333334
6 0.21333333333333335 0.815625 0.05333333333333334 0.03333333333333333
13 0.5579166666666666 0.815625 0.6091666666666666 0.019791666666666666
13 0.9129166666666667 0.815625 0.08083333333333333 0.019791666666666666
13 0.06375 0.8614583333333333 0.034166666666666665 0.019791666666666666
13 0.10458333333333333 0.8630208333333333 0.034166666666666665 0.014583333333333334
6 0.21333333333333335 0.8614583333333333 0.05333333333333334 0.03333333333333333
13 0.5579166666666666 0.8614583333333333 0.6091666666666666 0.019791666666666666
13 0.9129166666666667 0.8614583333333333 0.08083333333333333 0.019791666666666666
13 0.06625 0.9072916666666667 0.03916666666666667 0.019791666666666666
6 0.21333333333333335 0.9072916666666667 0.05333333333333334 0.03333333333333333
13 0.5579166666666666 0.9072916666666667 0.6091666666666666 0.019791666666666666
13 0.9129166666666667 0.9072916666666667 0.08083333333333333 0.019791666666666666
13 0.9233333333333333 0.6765625 0.1 0.057291666666666664
6 0.07333333333333333 0.03333333333333333 0.10666666666666667 0.06666666666666667
13 0.4845833333333333 0.03307291666666667 0.15583333333333332 0.022395833333333334
6 0.5891666666666666 0.03333333333333333 0.04 0.025
6 0.8183333333333334 0.03333333333333333 0.10666666666666667 0.06666666666666667
12 0.925 0.0265625 0.07833333333333334 0.028125
13 0.91125 0.047135416666666666 0.07916666666666666 0.013020833333333334
8 0.16666666666666666 0.9239583333333333 0.3333333333333333 0.041666666666666664
8 0.5 0.9239583333333333 0.3333333333333333 0.041666666666666664
8 0.8333333333333334 0.9239583333333333 0.3333333333333333 0.041666666666666664