6 0.9484375 0.21171875 0.05 0.03125
13 0.0671875 0.1109375 0.08203125 0.02265625
13 0.12734375 0.16640625 0.2015625 0.09609375
13 0.23671875 0.1890625 0.0171875 0.02578125
13 0.07109375 0.2171875 0.08828125 0.02109375
13 0.18046875 0.21640625 0.07734375 0.01953125
13 0.06953125 0.25859375 0.0859375 0.01953125
13 0.07421875 0.2953125 0.04765625 0.0171875
6 0.075 0.32578125 0.04296875 0.02734375
13 0.17109375 0.2953125 0.04765625 0.0171875
6 0.171875 0.32578125 0.04296875 0.02734375
13 0.26796875 0.2953125 0.04765625 0.0171875
6 0.26796875 0.32578125 0.04296875 0.02734375
13 0.36484375 0.2953125 0.04765625 0.0171875
6 0.36484375 0.32578125 0.04296875 0.02734375
13 0.4609375 0.2953125 0.04765625 0.0171875
6 0.46171875 0.32578125 0.04296875 0.02734375
13 0.5578125 0.2953125 0.04765625 0.0171875
6 0.55859375 0.32578125 0.04296875 0.02734375
13 0.6546875 0.2953125 0.04765625 0.0171875
6 0.6546875 0.32578125 0.04296875 0.02734375
13 0.7515625 0.2953125 0.04765625 0.0171875
6 0.7515625 0.32578125 0.04296875 0.02734375
13 0.84765625 0.2953125 0.04765625 0.0171875
6 0.8484375 0.32578125 0.04296875 0.02734375
13 0.94453125 0.2953125 0.04765625 0.0171875
6 0.9453125 0.32578125 0.04296875 0.02734375
6 0.309375 0.553125 0.54921875 0.1796875
6 0.05390625 0.475 0.0375 0.0234375
13 0.76015625 0.47734375 0.3359375 0.02265625
13 0.77890625 0.62421875 0.37265625 0.03671875
13 0.05703125 0.67421875 0.0609375 0.01953125
13 0.078125 0.72421875 0.06328125 0.01953125
13 0.13359375 0.72578125 0.034375 0.01484375
6 0.21328125 0.72421875 0.053125 0.03359375
13 0.5578125 0.72421875 0.609375 0.01953125
13 0.91328125 0.72421875 0.08046875 0.01953125
13 0.06640625 0.76953125 0.0390625 0.01953125
13 0.109375 0.77109375 0.034375 0.01484375
6 0.21328125 0.76953125 0.053125 0.03359375
13 0.5578125 0.76953125 0.609375 0.01953125
13 0.91328125 0.76953125 0.08046875 0.01953125
13 0.059375 0.815625 0.02578125 0.01953125
13 0.09609375 0.8171875 0.034375 0.01484375
6 0.21328125 0.815625 0.053125 0.03359375
13 0.5578125 0.815625 0.609375 0.01953125
13 0.91328125 0.815625 0.08046875 0.01953125
13 0.0640625 0.86171875 0.034375 0.01953125
13 0.1046875 0.86328125 0.034375 0.01484375
6 0.21328125 0.86171875 0.053125 0.03359375
13 0.5578125 0.86171875 0.609375 0.01953125
13 0.91328125 0.86171875 0.08046875 0.01953125
13 0.06640625 0.90703125 0.0390625 0.01953125
6 0.21328125 0.90703125 0.053125 0.03359375
13 0.5578125 0.90703125 0.609375 0.01953125
13 0.91328125 0.90703125 0.08046875 0.01953125
13 0.9234375 0.6765625 0.1 0.05703125
6 0.0734375 0.03359375 0.10703125 0.06640625
13 0.484375 0.0328125 0.15546875 0.02265625
6 0.5890625 0.03359375 0.03984375 0.025
6 0.81796875 0.03359375 0.10703125 0.06640625
12 0.925 0.0265625 0.078125 0.028125
13 0.9109375 0.046875 0.07890625 0.01328125
8 0.16640625 0.9234375 0.3328125 0.040625
8 0.5 0.92421875 0.33359375 0.04140625
8 0.8328125 0.9234375 0.334375 0.040625