13 0.12708333333333333 0.06171875 0.21416666666666667 0.03802083333333333
13 0.22916666666666666 0.11744791666666667 0.31833333333333336 0.028645833333333332
13 0.26208333333333333 0.29192708333333334 0.3641666666666667 0.028645833333333332
13 0.13583333333333333 0.42265625 0.23833333333333334 0.034895833333333334
13 0.6991666666666667 0.421875 0.15 0.042708333333333334
13 0.12958333333333333 0.5049479166666667 0.21083333333333334 0.03177083333333333
1 0.04708333333333333 0.28828125 0.05416666666666667 0.034895833333333334
13 0.06583333333333333 0.20286458333333332 0.10166666666666667 0.027604166666666666
13 0.17208333333333334 0.57109375 0.3075 0.028645833333333332
3 0.4579166666666667 0.653125 0.8791666666666667 0.04583333333333333
3 0.46541666666666665 0.71171875 0.8791666666666667 0.0328125
0 0.49625 0.9229166666666667 0.9758333333333333 0.06041666666666667
5 0.9466666666666667 0.05807291666666667 0.06333333333333334 0.03697916666666667