13 0.12734375 0.06171875 0.2140625 0.03828125
13 0.22890625 0.1171875 0.31796875 0.02890625
13 0.26171875 0.2921875 0.3640625 0.02890625
13 0.1359375 0.42265625 0.23828125 0.03515625
13 0.69921875 0.421875 0.15 0.04296875
13 0.1296875 0.5046875 0.2109375 0.03203125
1 0.046875 0.28828125 0.05390625 0.03515625
13 0.065625 0.203125 0.1015625 0.02734375
13 0.171875 0.57109375 0.3078125 0.02890625
3 0.4578125 0.653125 0.87890625 0.04609375
3 0.465625 0.71171875 0.87890625 0.0328125
0 0.49609375 0.92265625 0.97578125 0.06015625
5 0.946875 0.0578125 0.06328125 0.03671875