5 0.06 0.03333333333333333 0.09333333333333334 0.06666666666666667
13 0.5004166666666666 0.03333333333333333 0.12916666666666668 0.03333333333333333
13 0.13333333333333333 0.08645833333333333 0.06333333333333334 0.019791666666666666
13 0.13291666666666666 0.11796875 0.0525 0.022395833333333334
13 0.39958333333333335 0.08645833333333333 0.049166666666666664 0.019791666666666666
13 0.39958333333333335 0.11796875 0.04583333333333333 0.022395833333333334
13 0.66625 0.08645833333333333 0.049166666666666664 0.019791666666666666
13 0.66625 0.11796875 0.030833333333333334 0.022395833333333334
13 0.9329166666666666 0.08645833333333333 0.049166666666666664 0.019791666666666666
13 0.9333333333333333 0.11796875 0.03833333333333333 0.022395833333333334
13 0.2579166666666667 0.17942708333333332 0.0425 0.021354166666666667
6 0.1 0.24322916666666666 0.1 0.0625
13 0.21708333333333332 0.22473958333333333 0.10083333333333333 0.025520833333333333
13 0.28 0.25859375 0.22666666666666666 0.03177083333333333
13 0.21291666666666667 0.30104166666666665 0.3591666666666667 0.019791666666666666
13 0.4375 0.30130208333333336 0.09 0.022395833333333334
13 0.21291666666666667 0.3380208333333333 0.3591666666666667 0.019791666666666666
13 0.4375 0.33828125 0.09 0.022395833333333334
13 0.06166666666666667 0.375 0.056666666666666664 0.019791666666666666
13 0.24875 0.37526041666666665 0.2841666666666667 0.022395833333333334
13 0.445 0.37526041666666665 0.075 0.022395833333333334
13 0.23083333333333333 0.4119791666666667 0.095 0.019791666666666666
13 0.31333333333333335 0.4122395833333333 0.03666666666666667 0.022395833333333334
13 0.74125 0.17942708333333332 0.060833333333333336 0.021354166666666667
6 0.6 0.24322916666666666 0.1 0.0625
13 0.7170833333333333 0.22473958333333333 0.10083333333333333 0.025520833333333333
13 0.8166666666666667 0.25859375 0.3 0.03177083333333333
13 0.6966666666666667 0.30104166666666665 0.36 0.019791666666666666
13 0.9216666666666666 0.30130208333333336 0.09 0.022395833333333334
13 0.69 0.3380208333333333 0.3466666666666667 0.019791666666666666
13 0.9233333333333333 0.33828125 0.08666666666666667 0.022395833333333334
13 0.545 0.375 0.056666666666666664 0.019791666666666666
13 0.7408333333333333 0.37526041666666665 0.3016666666666667 0.022395833333333334
13 0.9291666666666667 0.37526041666666665 0.075 0.022395833333333334
13 0.715 0.4119791666666667 0.095 0.019791666666666666
13 0.7975 0.4122395833333333 0.03666666666666667 0.022395833333333334
13 0.4583333333333333 0.4796875 0.08 0.019791666666666666
13 0.5483333333333333 0.47890625 0.06666666666666667 0.022395833333333334
13 0.4583333333333333 0.5125 0.075 0.019791666666666666
13 0.5458333333333333 0.51171875 0.06666666666666667 0.022395833333333334