13 0.178125 0.0578125 0.0984375 0.03203125
13 0.3578125 0.35625 0.1234375 0.05078125
13 0.5703125 0.48515625 0.17890625 0.0609375
13 0.5578125 0.6359375 0.14609375 0.05859375
13 0.5546875 0.778125 0.14609375 0.06484375
13 0.5546875 0.9140625 0.16484375 0.05859375
13 0.5734375 0.30625 0.1 0.02734375
13 0.60546875 0.4078125 0.15625 0.02421875
5 0.93046875 0.24296875 0.11875 0.065625
5 0.0671875 0.0578125 0.06640625 0.04375
5 0.953125 0.0640625 0.0390625 0.040625
5 0.88125 0.05859375 0.0796875 0.0421875
6 0.13359375 0.3515625 0.2203125 0.13046875
6 0.31875 0.7734375 0.1375 0.06171875
6 0.31640625 0.9140625 0.1421875 0.05859375
6 0.32265625 0.4859375 0.1546875 0.07421875