6 0.5 0.24505208333333334 1 0.3046875
6 0.17333333333333334 0.5057291666666667 0.26666666666666666 0.16666666666666666
13 0.6533333333333333 0.44114583333333335 0.6133333333333333 0.03958333333333333
13 0.49125 0.47213541666666664 0.2891666666666667 0.022395833333333334
6 0.36 0.49635416666666665 0.02666666666666667 0.016666666666666666
13 0.4125 0.49661458333333336 0.058333333333333334 0.022395833333333334
13 0.14958333333333335 0.603125 0.21916666666666668 0.019791666666666666
13 0.89125 0.603125 0.1375 0.019791666666666666
6 0.06 0.6421875 0.04 0.025
13 0.39166666666666666 0.6419270833333334 0.5433333333333333 0.022395833333333334
13 0.26 0.7221354166666667 0.045 0.0296875
13 0.26 0.74921875 0.07833333333333334 0.013020833333333334
13 0.26 0.7739583333333333 0.14666666666666667 0.026041666666666668
0 0.42 0.7354166666666667 0.14666666666666667 0.103125
13 0.42 0.7158854166666667 0.058333333333333334 0.033854166666666664
13 0.41041666666666665 0.7739583333333333 0.06916666666666667 0.026041666666666668
6 0.45666666666666667 0.7786458333333334 0.013333333333333334 0.008333333333333333
0 0.58 0.7354166666666667 0.14666666666666667 0.103125
6 0.58 0.7223958333333333 0.12333333333333334 0.07708333333333334
13 0.58 0.7739583333333333 0.14666666666666667 0.026041666666666668
0 0.74 0.7354166666666667 0.14666666666666667 0.103125
6 0.74 0.7223958333333333 0.12333333333333334 0.07708333333333334
13 0.74 0.7739583333333333 0.14666666666666667 0.026041666666666668
13 0.5 0.85234375 1 0.07239583333333334
13 0.5 0.9028645833333333 1 0.028645833333333332
6 0.125 0.9690104166666667 0.25 0.06197916666666667
6 0.38166666666666665 0.9690104166666667 0.25 0.06197916666666667
6 0.6383333333333333 0.9690104166666667 0.25 0.06197916666666667
6 0.885 0.9690104166666667 0.23 0.06197916666666667
5 0.04666666666666667 0.059375 0.09333333333333334 0.06666666666666667
6 0.22166666666666668 0.059375 0.25666666666666665 0.025
13 0.96 0.059375 0.08 0.05