5 0.06 0.059375 0.09333333333333334 0.06666666666666667
13 0.19708333333333333 0.05911458333333333 0.1275 0.028645833333333332
5 0.94 0.059375 0.08 0.05
13 0.5 0.12083333333333333 0.9333333333333333 0.022916666666666665
6 0.5 0.20729166666666668 0.18666666666666668 0.11666666666666667
3 0.24916666666666668 0.3072916666666667 0.49833333333333335 0.05
3 0.75 0.3072916666666667 0.5 0.05
3 0.5 0.35833333333333334 1 0.05
3 0.4266666666666667 0.409375 0.8533333333333334 0.05
0 0.9266666666666666 0.40989583333333335 0.14666666666666667 0.05
13 0.5 0.46145833333333336 1 0.05
13 0.5 0.5125 1 0.05
3 0.5 0.5635416666666667 1 0.05