5 0.95859375 0.92421875 0.06328125 0.03515625
5 0.0421875 0.92265625 0.04765625 0.03828125
5 0.2015625 0.925 0.0765625 0.03515625
5 0.28359375 0.92578125 0.0609375 0.0296875
5 0.3640625 0.925 0.06796875 0.02578125
5 0.8828125 0.80234375 0.08515625 0.03828125
5 0.6328125 0.79921875 0.1125 0.05
5 0.0640625 0.7515625 0.1140625 0.05078125
6 0.20546875 0.85546875 0.078125 0.04140625
6 0.33671875 0.8578125 0.08203125 0.04296875
6 0.47578125 0.85703125 0.09140625 0.03671875
6 0.6015625 0.85625 0.0984375 0.04609375
6 0.73203125 0.85234375 0.05546875 0.04375
6 0.865625 0.85 0.0609375 0.03515625
6 0.3828125 0.79921875 0.10546875 0.04140625