13 0.1859375 0.05078125 0.371875 0.01875
6 0.41171875 0.05078125 0.0796875 0.05
13 0.00625 0.0984375 0.0125 0.01875
13 0.06171875 0.14375 0.1234375 0.01875
13 0.00546875 0.1890625 0.0109375 0.01875
6 0.41015625 0.1890625 0.03359375 0.02109375
13 0.02578125 0.234375 0.05078125 0.01875
6 0.41015625 0.234375 0.03359375 0.02109375
13 0.0265625 0.2796875 0.053125 0.01875
13 0.021875 0.325 0.04296875 0.01875
13 0.01640625 0.3703125 0.0328125 0.01875
13 0.0453125 0.415625 0.090625 0.01875
13 0.05625 0.4609375 0.1125 0.01875
13 0.04765625 0.50625 0.0953125 0.01875
13 0.0234375 0.5515625 0.046875 0.01875
13 0.05546875 0.596875 0.1109375 0.01875
6 0.41171875 0.928125 0.0796875 0.04375
6 0.03984375 0.05078125 0.0796875 0.05
6 0.13046875 0.05078125 0.0796875 0.05
6 0.5 0.05078125 0.81640625 0.05
13 0.49921875 0.0859375 0.065625 0.01953125
6 0.246875 0.18359375 0.49296875 0.17578125
6 0.24296875 0.18359375 0.06015625 0.0375
13 0.24296875 0.28515625 0.453125 0.0171875
6 0.753125 0.18359375 0.49296875 0.17578125
13 0.75703125 0.28515625 0.453125 0.0171875
6 0.16171875 0.4375 0.3234375 0.15625
13 0.1578125 0.5296875 0.28203125 0.0171875
6 0.5 0.4375 0.33359375 0.15625
6 0.49921875 0.4375 0.06015625 0.0375
13 0.49921875 0.5296875 0.2828125 0.0171875
6 0.8375 0.4375 0.325 0.15625
13 0.8421875 0.5296875 0.2828125 0.0171875
6 0.16171875 0.6828125 0.3234375 0.15625
13 0.1578125 0.775 0.28203125 0.0171875
6 0.5 0.6828125 0.33359375 0.15625
13 0.49921875 0.775 0.2828125 0.0171875
6 0.8375 0.6828125 0.325 0.15625
6 0.84140625 0.6828125 0.06015625 0.0375
13 0.8421875 0.775 0.2828125 0.0171875
6 0.16171875 0.925 0.3234375 0.15
6 0.1578125 0.928125 0.06015625 0.0375
6 0.5 0.925 0.33359375 0.15
6 0.49921875 0.928125 0.06015625 0.0375
6 0.8375 0.925 0.325 0.15
6 0.84140625 0.928125 0.06015625 0.0375