5 0.9583333333333334 0.92421875 0.06333333333333334 0.034895833333333334
5 0.042083333333333334 0.92265625 0.0475 0.03802083333333333
5 0.20166666666666666 0.9252604166666667 0.07666666666666666 0.034895833333333334
5 0.28375 0.92578125 0.060833333333333336 0.0296875
5 0.3641666666666667 0.9247395833333333 0.06833333333333333 0.025520833333333333
5 0.8825 0.80234375 0.085 0.03802083333333333
5 0.6329166666666667 0.7989583333333333 0.1125 0.05
5 0.06375 0.7515625 0.11416666666666667 0.051041666666666666
6 0.20583333333333334 0.8552083333333333 0.07833333333333334 0.041666666666666664
6 0.33666666666666667 0.8578125 0.08166666666666667 0.042708333333333334
6 0.47583333333333333 0.85703125 0.09166666666666666 0.03697916666666667
6 0.6016666666666667 0.85625 0.09833333333333333 0.04583333333333333
6 0.7320833333333333 0.8520833333333333 0.05583333333333333 0.04375
6 0.8654166666666666 0.8497395833333333 0.060833333333333336 0.034895833333333334
6 0.3829166666666667 0.7989583333333333 0.10583333333333333 0.041666666666666664