13 0.30390625 0.21328125 0.478125 0.01875
13 0.30390625 0.275 0.478125 0.1046875
6 0.5 0.23046875 1 0.34375
6 0.9921875 0.2296875 0.015625 0.19296875
6 0.9921875 0.23046875 0.015625 0.12109375
7 0.9921875 0.32421875 0.015625 0.00390625
6 0.5 0.50546875 1 0.34375
13 0.30390625 0.503125 0.478125 0.03671875
13 0.30390625 0.56171875 0.478125 0.08046875
6 0.9921875 0.5046875 0.015625 0.19296875
6 0.9921875 0.50546875 0.015625 0.12109375
5 0.06015625 0.059375 0.09296875 0.05859375
6 0.1828125 0.059375 0.15234375 0.01796875