5 0.06 0.036458333333333336 0.09333333333333334 0.06666666666666667
6 0.22666666666666666 0.036458333333333336 0.18666666666666668 0.020833333333333332
13 0.7733333333333333 0.036458333333333336 0.08 0.05
6 0.8666666666666667 0.036458333333333336 0.043333333333333335 0.025
13 0.8941666666666667 0.046875 0.011666666666666667 0.014583333333333334
6 0.9533333333333334 0.036458333333333336 0.06666666666666667 0.05
13 0.12958333333333333 0.96875 0.25916666666666666 0.0625
13 0.6304166666666666 0.96875 0.7391666666666666 0.0625
6 0.25083333333333335 0.22604166666666667 0.4583333333333333 0.28541666666666665
6 0.05 0.34791666666666665 0.03 0.025
13 0.7491666666666666 0.11770833333333333 0.4583333333333333 0.07708333333333334
13 0.7491666666666666 0.24166666666666667 0.4583333333333333 0.1625
6 0.555 0.35208333333333336 0.08 0.05
13 0.7166666666666667 0.35182291666666665 0.24833333333333332 0.0171875
6 0.87 0.35208333333333336 0.08 0.05
6 0.95 0.35208333333333336 0.08 0.05
6 0.25 0.43854166666666666 0.48333333333333334 0.09791666666666667
6 0.03666666666666667 0.4666666666666667 0.03 0.025
13 0.25 0.534375 0.44333333333333336 0.07708333333333334
13 0.25 0.6067708333333334 0.44333333333333336 0.059375
6 0.056666666666666664 0.6666666666666666 0.08 0.05
13 0.2175 0.66640625 0.24666666666666667 0.0171875
6 0.37 0.6666666666666666 0.08 0.05
6 0.45 0.6666666666666666 0.08 0.05
6 0.75 0.43854166666666666 0.48333333333333334 0.09791666666666667
6 0.5366666666666666 0.4666666666666667 0.03 0.025
13 0.75 0.534375 0.44333333333333336 0.07708333333333334
13 0.75 0.6067708333333334 0.44333333333333336 0.059375
6 0.5566666666666666 0.6666666666666666 0.08 0.05
13 0.7175 0.66640625 0.24666666666666667 0.0171875
6 0.87 0.6666666666666666 0.08 0.05
6 0.95 0.6666666666666666 0.08 0.05
6 0.25 0.753125 0.48333333333333334 0.09791666666666667
6 0.03666666666666667 0.78125 0.03 0.025
13 0.25 0.8489583333333334 0.44333333333333336 0.07708333333333334
13 0.25 0.9213541666666667 0.44333333333333336 0.059375
6 0.75 0.7890625 0.48333333333333334 0.16979166666666667
6 0.5366666666666666 0.853125 0.03 0.025
13 0.75 0.9208333333333333 0.44333333333333336 0.07708333333333334