5 0.06015625 0.0625 0.09296875 0.06640625
6 0.2265625 0.0625 0.18671875 0.02109375
13 0.7734375 0.0625 0.0796875 0.05
6 0.86640625 0.0625 0.04296875 0.025
13 0.89453125 0.07265625 0.01171875 0.01484375
6 0.953125 0.0625 0.06640625 0.05
13 0.1296875 0.96875 0.259375 0.0625
13 0.63046875 0.96875 0.7390625 0.0625
6 0.25078125 0.25234375 0.45859375 0.28515625
6 0.05 0.37421875 0.0296875 0.025
13 0.74921875 0.14375 0.45859375 0.07734375
13 0.74921875 0.26796875 0.45859375 0.1625
6 0.5546875 0.378125 0.0796875 0.05
13 0.71640625 0.378125 0.2484375 0.0171875
6 0.8703125 0.378125 0.0796875 0.05
6 0.95 0.378125 0.0796875 0.05
6 0.25 0.46484375 0.48359375 0.09765625
6 0.03671875 0.49296875 0.0296875 0.025
13 0.25 0.56015625 0.44296875 0.07734375
13 0.25 0.6328125 0.44296875 0.059375
6 0.05703125 0.69296875 0.0796875 0.05
13 0.2171875 0.6921875 0.246875 0.0171875
6 0.3703125 0.69296875 0.0796875 0.05
6 0.45 0.69296875 0.0796875 0.05
6 0.75 0.46484375 0.48359375 0.09765625
6 0.53671875 0.49296875 0.0296875 0.025
13 0.75 0.56015625 0.44296875 0.07734375
13 0.75 0.6328125 0.44296875 0.059375
6 0.55703125 0.69296875 0.0796875 0.05
13 0.7171875 0.6921875 0.246875 0.0171875
6 0.8703125 0.69296875 0.0796875 0.05
6 0.95 0.69296875 0.0796875 0.05
6 0.25 0.77890625 0.48359375 0.09765625
6 0.03671875 0.80703125 0.0296875 0.025
13 0.25 0.875 0.44296875 0.07734375
6 0.75 0.81484375 0.48359375 0.16953125
6 0.53671875 0.87890625 0.0296875 0.025