5 0.06 0.0625 0.09333333333333334 0.06666666666666667
6 0.22666666666666666 0.0625 0.18666666666666668 0.020833333333333332
13 0.7733333333333333 0.0625 0.08 0.05
6 0.8666666666666667 0.0625 0.043333333333333335 0.025
13 0.8941666666666667 0.07291666666666667 0.011666666666666667 0.014583333333333334
6 0.9533333333333334 0.0625 0.06666666666666667 0.05
13 0.12958333333333333 0.96875 0.25916666666666666 0.0625
13 0.6304166666666666 0.96875 0.7391666666666666 0.0625
6 0.25083333333333335 0.2520833333333333 0.4583333333333333 0.28541666666666665
6 0.05 0.37395833333333334 0.03 0.025
13 0.7491666666666666 0.14375 0.4583333333333333 0.07708333333333334
13 0.7491666666666666 0.2677083333333333 0.4583333333333333 0.1625
6 0.555 0.378125 0.08 0.05
13 0.7166666666666667 0.37786458333333334 0.24833333333333332 0.0171875
6 0.87 0.378125 0.08 0.05
6 0.95 0.378125 0.08 0.05
6 0.25 0.46458333333333335 0.48333333333333334 0.09791666666666667
6 0.03666666666666667 0.49270833333333336 0.03 0.025
13 0.25 0.5604166666666667 0.44333333333333336 0.07708333333333334
13 0.25 0.6328125 0.44333333333333336 0.059375
6 0.056666666666666664 0.6927083333333334 0.08 0.05
13 0.2175 0.6924479166666667 0.24666666666666667 0.0171875
6 0.37 0.6927083333333334 0.08 0.05
6 0.45 0.6927083333333334 0.08 0.05
6 0.75 0.46458333333333335 0.48333333333333334 0.09791666666666667
6 0.5366666666666666 0.49270833333333336 0.03 0.025
13 0.75 0.5604166666666667 0.44333333333333336 0.07708333333333334
13 0.75 0.6328125 0.44333333333333336 0.059375
6 0.5566666666666666 0.6927083333333334 0.08 0.05
13 0.7175 0.6924479166666667 0.24666666666666667 0.0171875
6 0.87 0.6927083333333334 0.08 0.05
6 0.95 0.6927083333333334 0.08 0.05
6 0.25 0.7791666666666667 0.48333333333333334 0.09791666666666667
6 0.03666666666666667 0.8072916666666666 0.03 0.025
13 0.25 0.875 0.44333333333333336 0.07708333333333334
6 0.75 0.8151041666666666 0.48333333333333334 0.16979166666666667
6 0.5366666666666666 0.8791666666666667 0.03 0.025