5 0.06015625 0.059375 0.09296875 0.06640625
13 0.14296875 0.059375 0.06015625 0.02109375
6 0.928125 0.059375 0.06640625 0.04140625
13 0.0828125 0.11953125 0.065625 0.01796875
1 0.94296875 0.11953125 0.053125 0.03359375
13 0.1625 0.17421875 0.225 0.01796875
1 0.94296875 0.17421875 0.053125 0.03359375
13 0.1171875 0.228125 0.13515625 0.01796875
1 0.94296875 0.228125 0.053125 0.03359375
13 0.16015625 0.28203125 0.2203125 0.01796875
1 0.94296875 0.28203125 0.053125 0.03359375
13 0.1640625 0.33671875 0.228125 0.01796875
1 0.94296875 0.33671875 0.053125 0.03359375