5 0.06 0.059375 0.09333333333333334 0.06666666666666667
13 0.14333333333333334 0.059375 0.06 0.020833333333333332
6 0.9283333333333333 0.059375 0.06666666666666667 0.041666666666666664
13 0.08291666666666667 0.11979166666666667 0.06583333333333333 0.017708333333333333
1 0.9433333333333334 0.11979166666666667 0.05333333333333334 0.03333333333333333
13 0.1625 0.17395833333333333 0.225 0.017708333333333333
1 0.9433333333333334 0.17395833333333333 0.05333333333333334 0.03333333333333333
13 0.1175 0.228125 0.135 0.017708333333333333
1 0.9433333333333334 0.228125 0.05333333333333334 0.03333333333333333
13 0.16 0.28229166666666666 0.22 0.017708333333333333
1 0.9433333333333334 0.28229166666666666 0.05333333333333334 0.03333333333333333
13 0.16416666666666666 0.33645833333333336 0.22833333333333333 0.017708333333333333
1 0.9433333333333334 0.33645833333333336 0.05333333333333334 0.03333333333333333