13 0.1640625 0.059375 0.275 0.06640625
13 0.946875 0.059375 0.0796875 0.05
13 0.06484375 0.13046875 0.046875 0.03046875
13 0.2859375 0.13046875 0.3953125 0.02734375
13 0.5546875 0.13046875 0.046875 0.03046875
13 0.77578125 0.13046875 0.3953125 0.02734375
13 0.24765625 0.1921875 0.44140625 0.0015625
13 0.5 0.18984375 0.0296875 0.02734375
13 0.75234375 0.1921875 0.44140625 0.0015625
13 0.25 0.24765625 0.5 0.05078125
13 0.75 0.24765625 0.5 0.05078125
3 0.5 0.325 0.946875 0.05859375
3 0.5 0.37265625 0.946875 0.04453125
3 0.5 0.41328125 0.946875 0.04453125
3 0.5 0.45390625 0.946875 0.04453125
3 0.5 0.49453125 0.946875 0.04453125
1 0.03984375 0.54296875 0.0265625 0.01953125
13 0.1328125 0.54296875 0.13046875 0.01953125
13 0.30546875 0.54296875 0.1953125 0.01953125
13 0.5 0.57890625 0.946875 0.0203125
13 0.0328125 0.61015625 0.0125 0.0125
13 0.1859375 0.6125 0.29765625 0.01796875
13 0.0328125 0.6296875 0.0125 0.01640625
13 0.19609375 0.6328125 0.3171875 0.02265625
13 0.0328125 0.65234375 0.0125 0.01640625
13 0.1453125 0.65546875 0.21484375 0.02265625
13 0.8875 0.63203125 0.171875 0.05625
13 0.0328125 0.67578125 0.0125 0.01640625
13 0.18671875 0.67890625 0.29921875 0.02265625
13 0.88125 0.6765625 0.184375 0.0296875
0 0.5 0.9078125 0.96171875 0.06015625