13 0.16416666666666666 0.059375 0.275 0.06666666666666667
13 0.9466666666666667 0.059375 0.08 0.05
13 0.065 0.13046875 0.04666666666666667 0.030729166666666665
13 0.28583333333333333 0.13072916666666667 0.395 0.027083333333333334
13 0.555 0.13046875 0.04666666666666667 0.030729166666666665
13 0.7758333333333334 0.13072916666666667 0.395 0.027083333333333334
13 0.2475 0.19244791666666666 0.44166666666666665 0.0015625
13 0.5 0.18984375 0.03 0.027604166666666666
13 0.7525 0.19244791666666666 0.44166666666666665 0.0015625
13 0.25 0.24791666666666667 0.5 0.051041666666666666
13 0.75 0.24791666666666667 0.5 0.051041666666666666
3 0.5 0.32473958333333336 0.9466666666666667 0.058854166666666666
3 0.5 0.37265625 0.9466666666666667 0.044270833333333336
3 0.5 0.41328125 0.9466666666666667 0.044270833333333336
3 0.5 0.45390625 0.9466666666666667 0.044270833333333336
3 0.5 0.49453125 0.9466666666666667 0.044270833333333336
1 0.04 0.5432291666666667 0.02666666666666667 0.019791666666666666
13 0.13291666666666666 0.54296875 0.13083333333333333 0.019270833333333334
13 0.30583333333333335 0.54296875 0.195 0.019270833333333334
13 0.5 0.57890625 0.9466666666666667 0.0203125
13 0.032916666666666664 0.6098958333333333 0.0125 0.0125
13 0.18625 0.6125 0.2975 0.017708333333333333
13 0.032916666666666664 0.6296875 0.0125 0.016666666666666666
13 0.19625 0.6328125 0.3175 0.022916666666666665
13 0.032916666666666664 0.6526041666666667 0.0125 0.016666666666666666
13 0.145 0.6557291666666667 0.215 0.022916666666666665
13 0.8875 0.6317708333333333 0.17166666666666666 0.05625
13 0.032916666666666664 0.6755208333333333 0.0125 0.016666666666666666
13 0.18708333333333332 0.6786458333333333 0.2991666666666667 0.022916666666666665
13 0.88125 0.6768229166666667 0.18416666666666667 0.0296875
0 0.5 0.9080729166666667 0.9616666666666667 0.059895833333333336