5 0.06 0.059375 0.09333333333333334 0.06666666666666667
6 0.5066666666666667 0.059375 0.2 0.05
6 0.9533333333333334 0.059375 0.06666666666666667 0.05
13 0.5 0.13854166666666667 0.20833333333333334 0.075
13 0.44666666666666666 0.24036458333333333 0.23833333333333334 0.12864583333333332
6 0.6258333333333334 0.24010416666666667 0.09333333333333334 0.058333333333333334
13 0.4995833333333333 0.3140625 0.07583333333333334 0.01875
13 0.45125 0.35625 0.050833333333333335 0.026041666666666668
13 0.49625 0.3567708333333333 0.03916666666666667 0.023958333333333335
13 0.545 0.3546875 0.058333333333333334 0.03125
13 0.48083333333333333 0.4075520833333333 0.9083333333333333 0.016145833333333335
13 0.9541666666666667 0.41015625 0.03833333333333333 0.021354166666666667
13 0.47208333333333335 0.43723958333333335 0.8908333333333334 0.016145833333333335
13 0.9454166666666667 0.43984375 0.05583333333333333 0.021354166666666667
13 0.45875 0.4669270833333333 0.8641666666666666 0.016145833333333335
13 0.9320833333333334 0.46953125 0.0825 0.021354166666666667
13 0.43291666666666667 0.49661458333333336 0.8125 0.016145833333333335
13 0.90625 0.49921875 0.13416666666666666 0.021354166666666667
13 0.1375 0.5494791666666666 0.22166666666666668 0.01875
13 0.03958333333333333 0.5828125 0.0475 0.014583333333333334
13 0.04 0.6200520833333333 0.04666666666666667 0.0265625
6 0.04 0.6645833333333333 0.06 0.0375
13 0.04 0.7010416666666667 0.05 0.01875
13 0.04 0.734375 0.055 0.014583333333333334
13 0.12666666666666668 0.5828125 0.03833333333333333 0.014583333333333334
13 0.12625 0.6200520833333333 0.0475 0.0265625
6 0.12666666666666668 0.6645833333333333 0.06 0.0375
13 0.12666666666666668 0.7010416666666667 0.05 0.01875
13 0.12666666666666668 0.734375 0.056666666666666664 0.014583333333333334
13 0.21333333333333335 0.5828125 0.03833333333333333 0.014583333333333334
13 0.21291666666666667 0.6200520833333333 0.0475 0.0265625
6 0.21333333333333335 0.6645833333333333 0.06 0.0375
13 0.21333333333333335 0.7010416666666667 0.05 0.01875
13 0.21333333333333335 0.734375 0.056666666666666664 0.014583333333333334
13 0.3 0.5828125 0.03666666666666667 0.014583333333333334
13 0.3 0.6200520833333333 0.05 0.0265625
6 0.3 0.6645833333333333 0.06 0.0375
13 0.3 0.7010416666666667 0.05 0.01875
13 0.3 0.734375 0.056666666666666664 0.014583333333333334
13 0.38666666666666666 0.5828125 0.03833333333333333 0.014583333333333334
13 0.38666666666666666 0.6200520833333333 0.04833333333333333 0.0265625
6 0.38666666666666666 0.6645833333333333 0.06 0.0375
13 0.38666666666666666 0.7010416666666667 0.05 0.01875
13 0.38666666666666666 0.734375 0.056666666666666664 0.014583333333333334
13 0.47333333333333333 0.5828125 0.03833333333333333 0.014583333333333334
13 0.47333333333333333 0.6200520833333333 0.05 0.0265625
6 0.47333333333333333 0.6645833333333333 0.06 0.0375
13 0.47333333333333333 0.7010416666666667 0.05 0.01875
13 0.47333333333333333 0.734375 0.056666666666666664 0.014583333333333334
13 0.5595833333333333 0.5828125 0.04583333333333333 0.014583333333333334
13 0.56 0.6200520833333333 0.05333333333333334 0.0265625
6 0.56 0.6645833333333333 0.06 0.0375
13 0.56 0.7010416666666667 0.05 0.01875
13 0.56 0.734375 0.056666666666666664 0.014583333333333334
13 0.6466666666666666 0.5828125 0.041666666666666664 0.014583333333333334
13 0.64625 0.6200520833333333 0.050833333333333335 0.0265625
6 0.6466666666666666 0.6645833333333333 0.06 0.0375
13 0.6466666666666666 0.7010416666666667 0.05 0.01875
13 0.6466666666666666 0.734375 0.056666666666666664 0.014583333333333334
13 0.7329166666666667 0.5828125 0.04583333333333333 0.014583333333333334
13 0.7329166666666667 0.6200520833333333 0.050833333333333335 0.0265625
6 0.7333333333333333 0.6645833333333333 0.06 0.0375
13 0.7333333333333333 0.7010416666666667 0.05 0.01875
13 0.7333333333333333 0.734375 0.056666666666666664 0.014583333333333334
13 0.8195833333333333 0.5828125 0.035833333333333335 0.014583333333333334
13 0.82 0.6200520833333333 0.04833333333333333 0.0265625
6 0.82 0.6645833333333333 0.06 0.0375
13 0.82 0.7010416666666667 0.05 0.01875
13 0.82 0.734375 0.056666666666666664 0.014583333333333334
13 0.9066666666666666 0.5828125 0.03833333333333333 0.014583333333333334
13 0.9066666666666666 0.6200520833333333 0.051666666666666666 0.0265625
6 0.9066666666666666 0.6645833333333333 0.06 0.0375
13 0.9066666666666666 0.7010416666666667 0.05 0.01875
13 0.9066666666666666 0.734375 0.056666666666666664 0.014583333333333334
13 0.9866666666666667 0.5828125 0.02666666666666667 0.014583333333333334
13 0.9841666666666666 0.6200520833333333 0.03166666666666667 0.0265625
6 0.9816666666666667 0.6645833333333333 0.03666666666666667 0.0375
13 0.9841666666666666 0.7010416666666667 0.03166666666666667 0.01875
13 0.9825 0.734375 0.035 0.014583333333333334
13 0.12708333333333333 0.8026041666666667 0.20083333333333334 0.01875
6 0.5 0.9080729166666667 1 0.18385416666666668