3 0.4166666666666667 0.05572916666666667 0.8 0.03854166666666667
5 0.8666666666666667 0.057291666666666664 0.06666666666666667 0.041666666666666664
5 0.95 0.057291666666666664 0.06666666666666667 0.041666666666666664
8 0.18625 0.10729166666666666 0.30583333333333335 0.03333333333333333
8 0.49333333333333335 0.10729166666666666 0.30833333333333335 0.03333333333333333
8 0.8070833333333334 0.10729166666666666 0.31916666666666665 0.03333333333333333
6 0.008333333333333333 0.9239583333333333 0.016666666666666666 0.020833333333333332
6 0.05 0.9239583333333333 0.06666666666666667 0.041666666666666664
5 0.16 0.9239583333333333 0.12 0.041666666666666664
5 0.28833333333333333 0.9239583333333333 0.12 0.041666666666666664
5 0.4166666666666667 0.9239583333333333 0.12 0.041666666666666664
5 0.545 0.9239583333333333 0.12 0.041666666666666664
5 0.6733333333333333 0.9239583333333333 0.12 0.041666666666666664
5 0.8020833333333334 0.9239583333333333 0.12083333333333333 0.041666666666666664
5 0.93125 0.9239583333333333 0.12083333333333333 0.041666666666666664
11 0.18583333333333332 0.9236979166666667 0.205 0.03802083333333333
13 0.17583333333333334 0.9231770833333334 0.17166666666666666 0.022395833333333334
5 0.9583333333333334 0.9239583333333333 0.06666666666666667 0.041666666666666664
5 0.07083333333333333 0.8765625 0.14166666666666666 0.03125
5 0.2125 0.8765625 0.14166666666666666 0.03125
5 0.3541666666666667 0.8765625 0.14166666666666666 0.03125
5 0.5 0.8765625 0.15 0.036458333333333336
5 0.6458333333333334 0.8765625 0.14166666666666666 0.03125
5 0.7875 0.8765625 0.14166666666666666 0.03125
5 0.9291666666666667 0.8765625 0.14166666666666666 0.03125