6 0.4995833333333333 0.045572916666666664 0.3358333333333333 0.0390625
3 0.5 0.32057291666666665 0.9466666666666667 0.030729166666666665
3 0.5 0.36171875 0.9466666666666667 0.0359375
1 0.06 0.4083333333333333 0.06666666666666667 0.041666666666666664
13 0.21458333333333332 0.4080729166666667 0.22583333333333333 0.022395833333333334
0 0.5 0.47421875 0.9466666666666667 0.0484375
13 0.5 0.5356770833333333 1 0.0328125
13 0.18416666666666667 0.5828125 0.315 0.019791666666666666
13 0.4995833333333333 0.5828125 0.31583333333333335 0.019791666666666666
13 0.8154166666666667 0.5828125 0.31583333333333335 0.019791666666666666
13 0.47291666666666665 0.6166666666666667 0.9291666666666667 0.04791666666666667
5 0.9604166666666667 0.6174479166666667 0.04583333333333333 0.028645833333333332