6 0.060833333333333336 0.05520833333333333 0.08 0.05
13 0.16958333333333334 0.054947916666666666 0.12416666666666666 0.025520833333333333
11 0.41 0.12083333333333333 0.8033333333333333 0.0625
13 0.4 0.1203125 0.7533333333333333 0.023958333333333335
12 0.9058333333333334 0.12083333333333333 0.17166666666666666 0.029166666666666667
13 0.5 0.16328125 0.9833333333333333 0.022395833333333334
13 0.04625 0.18567708333333333 0.07583333333333334 0.022395833333333334
10 0.50375 0.19114583333333332 0.8391666666666666 0.03333333333333333
13 0.9575 0.18567708333333333 0.06833333333333333 0.022395833333333334
13 0.5 0.21901041666666668 0.9833333333333333 0.022395833333333334
13 0.04625 0.24140625 0.07583333333333334 0.022395833333333334
10 0.50375 0.246875 0.8391666666666666 0.03333333333333333
13 0.9575 0.24140625 0.06833333333333333 0.022395833333333334
13 0.5 0.2747395833333333 0.9833333333333333 0.022395833333333334
13 0.04625 0.29713541666666665 0.07583333333333334 0.022395833333333334
10 0.50375 0.3026041666666667 0.8391666666666666 0.03333333333333333
13 0.9575 0.29713541666666665 0.06833333333333333 0.022395833333333334
13 0.5 0.33046875 0.9833333333333333 0.022395833333333334
13 0.04625 0.3528645833333333 0.07583333333333334 0.022395833333333334
10 0.50375 0.35833333333333334 0.8391666666666666 0.03333333333333333
13 0.9575 0.3528645833333333 0.06833333333333333 0.022395833333333334
13 0.5 0.38619791666666664 0.9833333333333333 0.022395833333333334
13 0.04625 0.40859375 0.07583333333333334 0.022395833333333334
10 0.50375 0.4140625 0.8391666666666666 0.03333333333333333
13 0.9575 0.40859375 0.06833333333333333 0.022395833333333334