6 0.0609375 0.05546875 0.0796875 0.05
13 0.16953125 0.0546875 0.12421875 0.02578125
11 0.41015625 0.12109375 0.803125 0.0625
13 0.4 0.1203125 0.753125 0.02421875
12 0.90546875 0.12109375 0.171875 0.02890625
13 0.5 0.16328125 0.98359375 0.02265625
13 0.04609375 0.1859375 0.07578125 0.02265625
10 0.50390625 0.19140625 0.8390625 0.03359375
13 0.9578125 0.1859375 0.06796875 0.02265625
13 0.5 0.21875 0.98359375 0.02265625
13 0.04609375 0.24140625 0.07578125 0.02265625
10 0.50390625 0.246875 0.8390625 0.03359375
13 0.9578125 0.24140625 0.06796875 0.02265625
13 0.5 0.275 0.98359375 0.02265625
13 0.04609375 0.296875 0.07578125 0.02265625
10 0.50390625 0.30234375 0.8390625 0.03359375
13 0.9578125 0.296875 0.06796875 0.02265625
13 0.5 0.33046875 0.98359375 0.02265625
13 0.04609375 0.353125 0.07578125 0.02265625
10 0.50390625 0.35859375 0.8390625 0.03359375
13 0.9578125 0.353125 0.06796875 0.02265625
13 0.5 0.3859375 0.98359375 0.02265625
13 0.04609375 0.40859375 0.07578125 0.02265625
10 0.50390625 0.4140625 0.8390625 0.03359375
13 0.9578125 0.40859375 0.06796875 0.02265625