6 0.055625 0.05234375 0.08125 0.05
1 0.894375 0.76953125 0.05625 0.0359375
1 0.89125 0.83359375 0.065 0.0359375
1 0.89125 0.9015625 0.075 0.0328125
13 0.185 0.13359375 0.25 0.0234375
13 0.19875 0.0546875 0.1825 0.0328125
13 0.433125 0.20078125 0.75625 0.0734375
13 0.2025 0.3671875 0.2925 0.0609375
13 0.229375 0.497265625 0.34875 0.04921875
13 0.180625 0.651953125 0.23125 0.02890625
13 0.256875 0.70078125 0.33125 0.034375
13 0.396875 0.841015625 0.59875 0.05859375
1 0.895625 0.365625 0.06625 0.0359375
1 0.885 0.432421875 0.075 0.04140625
1 0.89375 0.49921875 0.0625 0.04375
1 0.8825 0.19296875 0.065 0.0390625