6 0.5 0.159375 1 0.26666666666666666
5 0.06 0.059375 0.09333333333333334 0.06666666666666667
13 0.9266666666666666 0.059375 0.09333333333333334 0.05
13 0.3016666666666667 0.31953125 0.3466666666666667 0.0328125
6 0.11 0.3723958333333333 0.11666666666666667 0.07291666666666667
13 0.30833333333333335 0.36640625 0.28 0.0609375
13 0.23125 0.40546875 0.12583333333333332 0.0171875
0 0.375 0.4390625 0.14666666666666667 0.05
13 0.25 0.4986979166666667 0.45 0.0671875
1 0.25 0.5666666666666667 0.39666666666666667 0.03333333333333333
1 0.25 0.6 0.39666666666666667 0.03333333333333333
1 0.25 0.63515625 0.39666666666666667 0.03697916666666667
1 0.25 0.6703125 0.39666666666666667 0.03333333333333333
1 0.25 0.7036458333333333 0.39666666666666667 0.03333333333333333
1 0.25 0.7369791666666666 0.39666666666666667 0.03333333333333333
0 0.17541666666666667 0.8130208333333333 0.2475 0.05
0 0.375 0.8130208333333333 0.14666666666666667 0.05
13 0.25 0.9015625 0.46 0.06041666666666667
6 0.09666666666666666 0.9658854166666667 0.16666666666666666 0.06822916666666666
6 0.25 0.9658854166666667 0.16666666666666666 0.06822916666666666
6 0.4033333333333333 0.9658854166666667 0.16666666666666666 0.06822916666666666
13 0.75 0.33671875 0.45 0.0671875
13 0.75 0.44947916666666665 0.45 0.15625
13 0.6 0.5541666666666667 0.09666666666666666 0.019791666666666666
13 0.7395833333333334 0.5541666666666667 0.1825 0.019791666666666666
5 0.09333333333333334 0.29270833333333335 0.13333333333333333 0.09583333333333334