5 0.06015625 0.059375 0.09296875 0.06640625
13 0.21015625 0.059375 0.15390625 0.028125
6 0.9390625 0.059375 0.04140625 0.02578125
6 0.5046875 0.2859375 0.98984375 0.3515625
13 0.28515625 0.4109375 0.4765625 0.0171875
13 0.1453125 0.434375 0.196875 0.0171875
6 0.96328125 0.13515625 0.03984375 0.025
13 0.5 0.50703125 0.9203125 0.05390625
13 0.5 0.56015625 0.9796875 0.00078125
0 0.08984375 0.58515625 0.159375 0.05
5 0.76640625 0.58515625 0.06640625 0.05
13 0.80546875 0.58515625 0.01171875 0.01875
5 0.8453125 0.58515625 0.06640625 0.05
13 0.884375 0.58515625 0.01171875 0.01875
5 0.9234375 0.58515625 0.06640625 0.05
6 0.5046875 0.8125 0.98984375 0.3515625
13 0.20390625 0.9375 0.3140625 0.0171875
6 0.96328125 0.66171875 0.03984375 0.025
5 0.93671875 0.9125 0.1265625 0.09609375