5 0.06 0.059375 0.09333333333333334 0.06666666666666667
13 0.21041666666666667 0.059375 0.15416666666666667 0.028125
6 0.9391666666666667 0.059375 0.041666666666666664 0.026041666666666668
6 0.505 0.28567708333333336 0.99 0.3515625
13 0.285 0.41067708333333336 0.4766666666666667 0.0171875
13 0.145 0.43411458333333336 0.19666666666666666 0.0171875
6 0.9633333333333334 0.13489583333333333 0.04 0.025
13 0.5 0.5072916666666667 0.92 0.05416666666666667
13 0.5 0.5598958333333334 0.98 0.0010416666666666667
0 0.08958333333333333 0.5854166666666667 0.15916666666666668 0.05
5 0.7666666666666667 0.5854166666666667 0.06666666666666667 0.05
13 0.8058333333333333 0.5854166666666667 0.011666666666666667 0.01875
5 0.845 0.5854166666666667 0.06666666666666667 0.05
13 0.8841666666666667 0.5854166666666667 0.011666666666666667 0.01875
5 0.9233333333333333 0.5854166666666667 0.06666666666666667 0.05
6 0.505 0.8122395833333333 0.99 0.3515625
13 0.20375 0.9372395833333333 0.31416666666666665 0.0171875
6 0.9633333333333334 0.6614583333333334 0.04 0.025
5 0.9366666666666666 0.9125 0.12666666666666668 0.09583333333333334