6 0.10333333333333333 0.3880208333333333 0.06666666666666667 0.03333333333333333
13 0.5333333333333333 0.38776041666666666 0.7933333333333333 0.030729166666666665
13 0.06583333333333333 0.4453125 0.045 0.019791666666666666
3 0.49583333333333335 0.4440104166666667 0.815 0.04114583333333333
13 0.93 0.44375 0.05333333333333334 0.03333333333333333
13 0.06583333333333333 0.4864583333333333 0.045 0.019791666666666666
3 0.49583333333333335 0.48515625 0.815 0.04114583333333333
13 0.5 0.5208333333333334 0.9133333333333333 0.019791666666666666
1 0.49583333333333335 0.5473958333333333 0.815 0.03333333333333333
0 0.27125 0.5932291666666667 0.4558333333333333 0.05625
0 0.72875 0.5932291666666667 0.4558333333333333 0.05625