13 0.2578125 0.13046875 0.178125 0.040625
13 0.17578125 0.0484375 0.103125 0.03984375
13 0.3109375 0.31484375 0.2890625 0.03984375
13 0.47578125 0.49765625 0.6109375 0.04140625
13 0.38203125 0.67578125 0.43671875 0.03828125
13 0.3640625 0.7703125 0.41484375 0.04609375
5 0.49765625 0.8640625 0.11953125 0.07578125
5 0.06953125 0.05390625 0.0609375 0.03828125
6 0.0875 0.21953125 0.08671875 0.06015625
6 0.08203125 0.40234375 0.08828125 0.05625
6 0.09140625 0.59140625 0.05546875 0.046875
6 0.08203125 0.76796875 0.06484375 0.06171875
6 0.08515625 0.8625 0.08203125 0.06640625