9 0.50703125 0.32265625 0.45625 0.0375
6 0.0453125 0.5765625 0.0609375 0.02734375
6 0.12109375 0.90859375 0.075 0.0375
6 0.6265625 0.9203125 0.0625 0.04140625
13 0.5015625 0.2328125 0.3359375 0.02890625
13 0.43828125 0.15 0.40625 0.05546875
0 0.709375 0.153125 0.10859375 0.04921875
13 0.2828125 0.43125 0.40625 0.03046875
13 0.3546875 0.51875 0.1609375 0.02578125
13 0.49765625 0.521875 0.0671875 0.02265625
13 0.62265625 0.62109375 0.13984375 0.034375
13 0.25625 0.678125 0.3453125 0.02421875
13 0.62421875 0.790625 0.1515625 0.03515625
13 0.38671875 0.86484375 0.10390625 0.0296875
13 0.5140625 0.36875 0.32109375 0.02265625
13 0.50234375 0.27734375 0.29765625 0.0296875