5 0.06015625 0.059375 0.09296875 0.06640625
13 0.2109375 0.059375 0.1546875 0.028125
13 0.82421875 0.059375 0.190625 0.05
6 0.953125 0.059375 0.06640625 0.05
6 0.5 0.2328125 0.95859375 0.2703125
7 0.5 0.2328125 0.0796875 0.05
13 0.5 0.39609375 0.93203125 0.04609375
13 0.04765625 0.434375 0.0265625 0.01953125
13 0.17890625 0.434375 0.2359375 0.01953125
6 0.16796875 0.47109375 0.05859375 0.03828125
13 0.20859375 0.4703125 0.02265625 0.01484375
6 0.33984375 0.47109375 0.0015625 0.03828125
6 0.4859375 0.47109375 0.05703125 0.03828125
13 0.528125 0.4703125 0.028125 0.01484375
6 0.66015625 0.47109375 0.0015625 0.03828125
6 0.8203125 0.47109375 0.05703125 0.03828125
6 0.5 0.1 0.96328125 0.0046875
6 0.25859375 0.5546875 0.475 0.1203125
7 0.25859375 0.5546875 0.0796875 0.05
13 0.25859375 0.64296875 0.4484375 0.04609375
13 0.04765625 0.68125 0.0265625 0.01953125
13 0.128125 0.68125 0.13515625 0.01953125
6 0.08828125 0.71796875 0.05859375 0.03828125
13 0.128125 0.7171875 0.021875 0.01484375
6 0.178125 0.71796875 0.0015625 0.03828125
6 0.25078125 0.71796875 0.05703125 0.03828125
13 0.2859375 0.7171875 0.0140625 0.01484375
6 0.3375 0.71796875 0.0015625 0.03828125
6 0.41640625 0.71796875 0.05703125 0.03828125
6 0.25859375 0.496875 0.4796875 0.0046875
6 0.74140625 0.5546875 0.475 0.1203125
7 0.74140625 0.5546875 0.0796875 0.05
13 0.74140625 0.64296875 0.4484375 0.04609375
13 0.53046875 0.68125 0.0265625 0.01953125
13 0.6421875 0.68125 0.196875 0.01953125
6 0.575 0.71796875 0.05859375 0.03828125
13 0.6109375 0.7171875 0.0140625 0.01484375
6 0.66171875 0.71796875 0.0015625 0.03828125
6 0.734375 0.71796875 0.05703125 0.03828125
13 0.76953125 0.7171875 0.0140625 0.01484375
6 0.82109375 0.71796875 0.0015625 0.03828125
6 0.9 0.71796875 0.05703125 0.03828125
6 0.74140625 0.496875 0.4796875 0.0046875
6 0.3296875 0.840625 0.61796875 0.1984375
7 0.3296875 0.840625 0.0796875 0.05
6 0.63828125 0.9203125 0.0015625 0.03984375
13 0.809375 0.80703125 0.31328125 0.11484375
13 0.665625 0.8828125 0.0265625 0.02109375
13 0.76953125 0.88203125 0.1796875 0.01953125
6 0.68828125 0.92109375 0.05859375 0.03828125
13 0.7234375 0.9203125 0.0125 0.01484375
6 0.7515625 0.92109375 0.0015625 0.03828125
6 0.8015625 0.92109375 0.05703125 0.03828125
13 0.83671875 0.9203125 0.0140625 0.01484375
6 0.865625 0.92109375 0.0015625 0.03828125
6 0.92265625 0.92109375 0.05703125 0.03828125
6 0.5 0.74375 0.96328125 0.0046875