5 0.06 0.059375 0.09333333333333334 0.06666666666666667
13 0.21083333333333334 0.059375 0.155 0.028125
13 0.8245833333333333 0.059375 0.19083333333333333 0.05
6 0.9533333333333334 0.059375 0.06666666666666667 0.05
6 0.5 0.23307291666666666 0.9583333333333334 0.2703125
7 0.5 0.2328125 0.08 0.05
13 0.5 0.3963541666666667 0.9316666666666666 0.04583333333333333
13 0.0475 0.434375 0.02666666666666667 0.019791666666666666
13 0.17875 0.434375 0.23583333333333334 0.019791666666666666
6 0.16833333333333333 0.4708333333333333 0.058333333333333334 0.03854166666666667
13 0.20875 0.4705729166666667 0.0225 0.015104166666666667
6 0.34 0.4708333333333333 0.0016666666666666668 0.03854166666666667
6 0.48583333333333334 0.4708333333333333 0.056666666666666664 0.03854166666666667
13 0.5283333333333333 0.4705729166666667 0.028333333333333332 0.015104166666666667
6 0.66 0.4708333333333333 0.0016666666666666668 0.03854166666666667
6 0.82 0.4708333333333333 0.056666666666666664 0.03854166666666667
6 0.5 0.10026041666666667 0.9633333333333334 0.0046875
6 0.25833333333333336 0.5549479166666667 0.475 0.1203125
7 0.25833333333333336 0.5546875 0.08 0.05
13 0.25833333333333336 0.6432291666666666 0.4483333333333333 0.04583333333333333
13 0.0475 0.68125 0.02666666666666667 0.019791666666666666
13 0.12833333333333333 0.68125 0.135 0.019791666666666666
6 0.08833333333333333 0.7177083333333333 0.058333333333333334 0.03854166666666667
13 0.12833333333333333 0.7174479166666666 0.021666666666666667 0.015104166666666667
6 0.17833333333333334 0.7177083333333333 0.0016666666666666668 0.03854166666666667
6 0.25083333333333335 0.7177083333333333 0.056666666666666664 0.03854166666666667
13 0.28625 0.7174479166666666 0.014166666666666666 0.015104166666666667
6 0.3375 0.7177083333333333 0.0016666666666666668 0.03854166666666667
6 0.4166666666666667 0.7177083333333333 0.056666666666666664 0.03854166666666667
6 0.25833333333333336 0.49713541666666666 0.48 0.0046875
6 0.7416666666666667 0.5549479166666667 0.475 0.1203125
7 0.7416666666666667 0.5546875 0.08 0.05
13 0.7416666666666667 0.6432291666666666 0.4483333333333333 0.04583333333333333
13 0.5308333333333334 0.68125 0.02666666666666667 0.019791666666666666
13 0.6425 0.68125 0.19666666666666666 0.019791666666666666
6 0.575 0.7177083333333333 0.058333333333333334 0.03854166666666667
13 0.61125 0.7174479166666666 0.014166666666666666 0.015104166666666667
6 0.6616666666666666 0.7177083333333333 0.0016666666666666668 0.03854166666666667
6 0.7341666666666666 0.7177083333333333 0.056666666666666664 0.03854166666666667
13 0.7695833333333333 0.7174479166666666 0.014166666666666666 0.015104166666666667
6 0.8208333333333333 0.7177083333333333 0.0016666666666666668 0.03854166666666667
6 0.9 0.7177083333333333 0.056666666666666664 0.03854166666666667
6 0.7416666666666667 0.49713541666666666 0.48 0.0046875
6 0.33 0.8408854166666667 0.6183333333333333 0.1984375
7 0.33 0.840625 0.08 0.05
6 0.6383333333333333 0.9203125 0.0016666666666666668 0.03958333333333333
13 0.8091666666666667 0.8072916666666666 0.31333333333333335 0.11458333333333333
13 0.6658333333333334 0.8828125 0.02666666666666667 0.020833333333333332
13 0.7691666666666667 0.8822916666666667 0.18 0.019791666666666666
6 0.6883333333333334 0.9208333333333333 0.058333333333333334 0.03854166666666667
13 0.72375 0.9205729166666666 0.0125 0.015104166666666667
6 0.7516666666666667 0.9208333333333333 0.0016666666666666668 0.03854166666666667
6 0.8016666666666666 0.9208333333333333 0.056666666666666664 0.03854166666666667
13 0.8370833333333333 0.9205729166666666 0.014166666666666666 0.015104166666666667
6 0.8658333333333333 0.9208333333333333 0.0016666666666666668 0.03854166666666667
6 0.9225 0.9208333333333333 0.056666666666666664 0.03854166666666667
6 0.5 0.7440104166666667 0.9633333333333334 0.0046875