13 0.11484375 0.03359375 0.1765625 0.028125
13 0.86640625 0.03359375 0.0796875 0.05
13 0.946875 0.03359375 0.0796875 0.05
6 0.5 0.3859375 1 0.63828125
5 0.04609375 0.73359375 0.09140625 0.05703125
13 0.5 0.734375 1 0.0171875
5 0.95390625 0.73359375 0.09140625 0.05703125
13 0.5 0.778125 1 0.0171875
11 0.5 0.8203125 0.33359375 0.046875
13 0.48671875 0.81796875 0.29296875 0.02265625
13 0.5 0.86796875 1 0.0171875
0 0.0625 0.91640625 0.125 0.0671875
0 0.1875 0.91640625 0.125 0.0671875
0 0.3125 0.91640625 0.125 0.0671875
0 0.4375 0.91640625 0.125 0.0671875
0 0.5625 0.91640625 0.125 0.0671875
0 0.6875 0.91640625 0.125 0.0671875
0 0.8125 0.91640625 0.125 0.0671875
0 0.9375 0.91640625 0.125 0.0671875
6 0.0078125 0.91640625 0.015625 0.015625
6 0.9921875 0.91640625 0.015625 0.015625