13 0.115 0.03333333333333333 0.17666666666666667 0.028125
13 0.8666666666666667 0.03333333333333333 0.08 0.05
13 0.9466666666666667 0.03333333333333333 0.08 0.05
6 0.5 0.3859375 1 0.6385416666666667
5 0.04583333333333333 0.7338541666666667 0.09166666666666666 0.057291666666666664
13 0.5 0.7346354166666667 1 0.0171875
5 0.9541666666666667 0.7338541666666667 0.09166666666666666 0.057291666666666664
13 0.5 0.7778645833333333 1 0.0171875
11 0.5 0.8203125 0.3333333333333333 0.046875
13 0.4866666666666667 0.81796875 0.29333333333333333 0.022395833333333334
13 0.5 0.86796875 1 0.0171875
0 0.0625 0.91640625 0.125 0.0671875
0 0.1875 0.91640625 0.125 0.0671875
0 0.3125 0.91640625 0.125 0.0671875
0 0.4375 0.91640625 0.125 0.0671875
0 0.5625 0.91640625 0.125 0.0671875
0 0.6875 0.91640625 0.125 0.0671875
0 0.8125 0.91640625 0.125 0.0671875
0 0.9375 0.91640625 0.125 0.0671875
6 0.007916666666666667 0.9161458333333333 0.015833333333333335 0.015625
6 0.9920833333333333 0.9161458333333333 0.015833333333333335 0.015625