13 0.2546875 0.0546875 0.11640625 0.0265625
13 0.41171875 0.0546875 0.09140625 0.0265625
6 0.93828125 0.05546875 0.0734375 0.04609375
6 0.0703125 0.115625 0.053125 0.02265625
3 0.53359375 0.11171875 0.86796875 0.0375
6 0.02734375 0.3 0.0546875 0.30546875
6 0.5 0.3 0.8703125 0.30546875
6 0.97265625 0.3 0.0546875 0.30546875
13 0.11796875 0.4859375 0.203125 0.0265625
13 0.92421875 0.4859375 0.1515625 0.0625
6 0.14609375 0.678125 0.29140625 0.32265625
6 0.44609375 0.678125 0.29140625 0.32265625
6 0.74609375 0.678125 0.29140625 0.32265625
6 0.95 0.678125 0.1 0.32265625
13 0.221875 0.8703125 0.41015625 0.0265625
13 0.92421875 0.87109375 0.1515625 0.0625
6 0.125 0.91171875 0.04296875 0.02734375
13 0.125 0.934375 0.06796875 0.015625
6 0.37421875 0.91171875 0.0421875 0.0265625
13 0.37421875 0.93359375 0.05390625 0.015625
6 0.62421875 0.91171875 0.0421875 0.0265625
13 0.62421875 0.93359375 0.0578125 0.015625
6 0.87421875 0.91171875 0.0421875 0.0265625
13 0.875 0.93359375 0.05859375 0.015625