13 0.255 0.054947916666666666 0.11666666666666667 0.0265625
13 0.4116666666666667 0.054947916666666666 0.09166666666666666 0.0265625
6 0.9383333333333334 0.05520833333333333 0.07333333333333333 0.04583333333333333
6 0.07 0.11536458333333334 0.05333333333333334 0.022395833333333334
3 0.5333333333333333 0.11197916666666667 0.8683333333333333 0.0375
6 0.0275 0.29973958333333334 0.055 0.30572916666666666
6 0.5 0.29973958333333334 0.87 0.30572916666666666
6 0.9725 0.29973958333333334 0.055 0.30572916666666666
13 0.11833333333333333 0.4856770833333333 0.20333333333333334 0.0265625
13 0.9241666666666667 0.4859375 0.15166666666666667 0.0625
6 0.14583333333333334 0.6783854166666666 0.2916666666666667 0.3223958333333333
6 0.44583333333333336 0.6783854166666666 0.2916666666666667 0.3223958333333333
6 0.7458333333333333 0.6783854166666666 0.2916666666666667 0.3223958333333333
6 0.95 0.6783854166666666 0.1 0.3223958333333333
13 0.22166666666666668 0.8705729166666667 0.41 0.0265625
13 0.9241666666666667 0.8708333333333333 0.15166666666666667 0.0625
6 0.125 0.9119791666666667 0.043333333333333335 0.027083333333333334
13 0.125 0.934375 0.06833333333333333 0.015625
6 0.3745833333333333 0.91171875 0.0425 0.0265625
13 0.3745833333333333 0.9338541666666667 0.05416666666666667 0.015625
6 0.6245833333333334 0.91171875 0.0425 0.0265625
13 0.6245833333333334 0.9338541666666667 0.0575 0.015625
6 0.8745833333333334 0.91171875 0.0425 0.0265625
13 0.875 0.9338541666666667 0.058333333333333334 0.015625