5 0.06015625 0.059375 0.09296875 0.06640625
13 0.1875 0.059375 0.10859375 0.03046875
6 0.2203125 0.15859375 0.1046875 0.07265625
13 0.58671875 0.134375 0.49140625 0.02109375
13 0.58671875 0.1609375 0.49140625 0.02109375
13 0.58671875 0.1875 0.49140625 0.02109375
6 0.5 0.15859375 1 0.13203125
6 0.04140625 0.27109375 0.05 0.03125
13 0.525 0.27109375 0.91640625 0.01953125
6 0.04140625 0.33359375 0.05 0.03125
13 0.17578125 0.33359375 0.21796875 0.01953125
13 0.49921875 0.38984375 0.209375 0.01796875
3 0.51640625 0.4546875 0.96640625 0.0671875
3 0.51640625 0.52265625 0.96640625 0.0671875
3 0.51640625 0.590625 0.96640625 0.0671875
3 0.51640625 0.659375 0.96640625 0.0671875
1 0.5 0.73828125 0.93359375 0.04765625
13 0.5 0.8140625 0.93359375 0.0625