5 0.06 0.059375 0.09333333333333334 0.06666666666666667
13 0.1875 0.05911458333333333 0.10833333333333334 0.030729166666666665
6 0.22 0.15833333333333333 0.105 0.07291666666666667
13 0.5866666666666667 0.13463541666666667 0.49166666666666664 0.021354166666666667
13 0.5866666666666667 0.16119791666666666 0.49166666666666664 0.021354166666666667
13 0.5866666666666667 0.18776041666666668 0.49166666666666664 0.021354166666666667
6 0.5 0.15859375 1 0.13177083333333334
6 0.041666666666666664 0.2713541666666667 0.05 0.03125
13 0.525 0.2713541666666667 0.9166666666666666 0.019791666666666666
6 0.041666666666666664 0.3338541666666667 0.05 0.03125
13 0.17583333333333334 0.3338541666666667 0.21833333333333332 0.019791666666666666
13 0.4995833333333333 0.38984375 0.20916666666666667 0.018229166666666668
3 0.5166666666666667 0.4544270833333333 0.9666666666666667 0.0671875
3 0.5166666666666667 0.52265625 0.9666666666666667 0.0671875
3 0.5166666666666667 0.5908854166666667 0.9666666666666667 0.0671875
3 0.5166666666666667 0.6591145833333333 0.9666666666666667 0.0671875
1 0.5 0.73828125 0.9333333333333333 0.04739583333333333
13 0.5 0.8140625 0.9333333333333333 0.0625