13 0.8734375 0.17421875 0.1484375 0.04375
13 0.875 0.29765625 0.171875 0.05703125
13 0.87734375 0.559375 0.16015625 0.04453125
13 0.88046875 0.72109375 0.1765625 0.04375
13 0.87578125 0.8796875 0.16328125 0.03984375
13 0.2703125 0.0609375 0.31796875 0.05390625
5 0.06328125 0.059375 0.0578125 0.03203125
5 0.94609375 0.05859375 0.05546875 0.03203125
6 0.12890625 0.215625 0.2453125 0.04296875
6 0.0359375 0.71484375 0.06796875 0.04453125
6 0.0265625 0.55625 0.04921875 0.04296875
6 0.02890625 0.6078125 0.05390625 0.03515625
6 0.03671875 0.76953125 0.06640625 0.040625
6 0.0203125 0.81640625 0.034375 0.02734375
6 0.06796875 0.45078125 0.12265625 0.03203125
6 0.12265625 0.5015625 0.23203125 0.03359375
6 0.1484375 0.34375 0.06796875 0.03359375
6 0.03203125 0.290625 0.06328125 0.0328125
13 0.4921875 0.1328125 0.33515625 0.03203125
13 0.0578125 0.3453125 0.0953125 0.03046875
13 0.1515625 0.396875 0.20390625 0.02734375
13 0.1671875 0.55390625 0.20078125 0.02734375
13 0.171875 0.60546875 0.1796875 0.02890625
13 0.16328125 0.6671875 0.19609375 0.03984375
13 0.17578125 0.71484375 0.178125 0.03046875
13 0.15234375 0.821875 0.1921875 0.02109375
13 0.11484375 0.9265625 0.2125 0.0328125