13 0.8733333333333333 0.17395833333333333 0.14833333333333334 0.04375
13 0.875 0.29739583333333336 0.17166666666666666 0.057291666666666664
13 0.8775 0.559375 0.16 0.04479166666666667
13 0.8808333333333334 0.7213541666666666 0.17666666666666667 0.04375
13 0.8758333333333334 0.8796875 0.16333333333333333 0.03958333333333333
13 0.27 0.0609375 0.31833333333333336 0.05416666666666667
5 0.06291666666666666 0.05963541666666667 0.0575 0.03177083333333333
5 0.94625 0.05859375 0.05583333333333333 0.03177083333333333
6 0.12916666666666668 0.215625 0.245 0.042708333333333334
6 0.035833333333333335 0.7145833333333333 0.06833333333333333 0.04479166666666667
6 0.02625 0.55625 0.049166666666666664 0.042708333333333334
6 0.02875 0.6075520833333333 0.05416666666666667 0.034895833333333334
6 0.03666666666666667 0.7697916666666667 0.06666666666666667 0.040625
6 0.020416666666666666 0.81640625 0.034166666666666665 0.027604166666666666
6 0.06791666666666667 0.45078125 0.1225 0.03177083333333333
6 0.1225 0.5018229166666667 0.23166666666666666 0.033854166666666664
6 0.14833333333333334 0.34348958333333335 0.06833333333333333 0.033854166666666664
6 0.03166666666666667 0.2908854166666667 0.06333333333333334 0.0328125
13 0.4925 0.13255208333333332 0.335 0.03177083333333333
13 0.0575 0.3450520833333333 0.095 0.030729166666666665
13 0.15125 0.3966145833333333 0.20416666666666666 0.027604166666666666
13 0.16708333333333333 0.55390625 0.20083333333333334 0.027604166666666666
13 0.17166666666666666 0.60546875 0.18 0.028645833333333332
13 0.16291666666666665 0.6671875 0.19583333333333333 0.03958333333333333
13 0.17583333333333334 0.71484375 0.17833333333333334 0.030729166666666665
13 0.15208333333333332 0.8216145833333334 0.1925 0.021354166666666667
13 0.11458333333333333 0.9263020833333333 0.2125 0.0328125