6 0.5 0.2981770833333333 0.9333333333333333 0.33177083333333335
13 0.5 0.4276041666666667 0.9333333333333333 0.014583333333333334
13 0.5 0.4421875 0.9333333333333333 0.014583333333333334
13 0.5 0.45677083333333335 0.9333333333333333 0.014583333333333334
6 0.5 0.29791666666666666 0.10666666666666667 0.06666666666666667
13 0.4525 0.48776041666666664 0.8383333333333334 0.04739583333333333
13 0.9191666666666667 0.48776041666666664 0.095 0.04739583333333333
13 0.06541666666666666 0.578125 0.06416666666666666 0.020833333333333332
13 0.9345833333333333 0.578125 0.06416666666666666 0.020833333333333332
13 0.11958333333333333 0.6528645833333333 0.1725 0.05677083333333333
0 0.45 0.6528645833333333 0.1 0.05677083333333333
13 0.5966666666666667 0.6528645833333333 0.15666666666666668 0.05677083333333333
11 0.8208333333333333 0.6528645833333333 0.2916666666666667 0.05677083333333333
13 0.8208333333333333 0.6528645833333333 0.2916666666666667 0.0171875
13 0.11958333333333333 0.7286458333333333 0.1725 0.057291666666666664
0 0.45 0.7286458333333333 0.1 0.057291666666666664
5 0.50625 0.7997395833333333 0.2841666666666667 0.04739583333333333
5 0.8158333333333333 0.7997395833333333 0.285 0.04739583333333333
6 0.43583333333333335 0.8807291666666667 0.08666666666666667 0.07708333333333334
13 0.5429166666666667 0.8807291666666667 0.1275 0.07708333333333334