5 0.06 0.059375 0.09333333333333334 0.06666666666666667
13 0.17625 0.059375 0.08583333333333333 0.028125
6 0.7733333333333333 0.059375 0.08 0.05
13 0.8533333333333334 0.059375 0.08 0.05
13 0.94 0.059375 0.09333333333333334 0.05
6 0.46 0.11770833333333333 0.04 0.025
6 0.54 0.11770833333333333 0.04 0.025
6 0.25 0.23802083333333332 0.4866666666666667 0.18229166666666666
13 0.25 0.15677083333333333 0.4866666666666667 0.019791666666666666
13 0.25 0.31796875 0.4866666666666667 0.022395833333333334
6 0.415 0.31354166666666666 0.05 0.03125
6 0.465 0.31354166666666666 0.05 0.03125
6 0.75 0.23802083333333332 0.4866666666666667 0.18229166666666666
13 0.75 0.15677083333333333 0.4866666666666667 0.019791666666666666
13 0.75 0.31796875 0.4866666666666667 0.022395833333333334
6 0.915 0.31354166666666666 0.05 0.03125
6 0.965 0.31354166666666666 0.05 0.03125
6 0.25 0.42864583333333334 0.4866666666666667 0.18229166666666666
13 0.25 0.34739583333333335 0.4866666666666667 0.019791666666666666
13 0.25 0.50859375 0.4866666666666667 0.022395833333333334
6 0.415 0.5041666666666667 0.05 0.03125
6 0.465 0.5041666666666667 0.05 0.03125
6 0.75 0.42864583333333334 0.4866666666666667 0.18229166666666666
13 0.75 0.34739583333333335 0.4866666666666667 0.019791666666666666
13 0.75 0.50859375 0.4866666666666667 0.022395833333333334
6 0.915 0.5041666666666667 0.05 0.03125
6 0.965 0.5041666666666667 0.05 0.03125
6 0.25 0.6192708333333333 0.4866666666666667 0.18229166666666666
13 0.25 0.5380208333333333 0.4866666666666667 0.019791666666666666
13 0.25 0.69921875 0.4866666666666667 0.022395833333333334
6 0.415 0.6947916666666667 0.05 0.03125
6 0.465 0.6947916666666667 0.05 0.03125