5 0.06 0.07291666666666667 0.09333333333333334 0.06666666666666667
13 0.20875 0.07291666666666667 0.15083333333333335 0.03125
6 0.1 0.13541666666666666 0.2 0.03125
13 0.1 0.1625 0.2 0.022916666666666665
6 0.3 0.13541666666666666 0.2 0.03125
13 0.3 0.1625 0.2 0.022916666666666665
6 0.5 0.13541666666666666 0.2 0.03125
13 0.5 0.1625 0.2 0.022916666666666665
6 0.7 0.13541666666666666 0.2 0.03125
13 0.7 0.1625 0.2 0.022916666666666665
6 0.9 0.13541666666666666 0.2 0.03125
13 0.9 0.1625 0.2 0.022916666666666665
13 0.5 0.22109375 1 0.04635416666666667
13 0.5 0.2677083333333333 1 0.046875
13 0.5 0.3145833333333333 0.2 0.03229166666666667
6 0.5 0.2604166666666667 1 0.15625
6 0.5 0.4583333333333333 0.225 0.140625
13 0.5 0.5625 0.9 0.046875
6 0.5 0.4869791666666667 1 0.2635416666666667
6 0.5 0.7395833333333334 0.225 0.140625
13 0.5 0.84375 0.9 0.046875
6 0.5 0.7682291666666666 1 0.2635416666666667
13 0.9291666666666667 0.6765625 0.14166666666666666 0.09479166666666666
6 0.5 0.9588541666666667 1 0.08229166666666667
13 0.9291666666666667 0.9552083333333333 0.14166666666666666 0.08958333333333333
13 0.5 0.21354166666666666 1 0.035416666666666666
6 0.5 0.5572916666666666 1 0.625
6 0.9375 0.8307291666666666 0.075 0.046875
6 0.5 0.9510416666666667 1 0.09791666666666667