13 0.5 0.05390625 0.96640625 0.03515625
3 0.5 0.0953125 0.96640625 0.04765625
13 0.5 0.15703125 0.96640625 0.03515625
13 0.17734375 0.18515625 0.321875 0.02109375
13 0.49921875 0.18515625 0.32265625 0.02109375
13 0.821875 0.18515625 0.32265625 0.02109375
0 0.17734375 0.23046875 0.321875 0.06875
3 0.17734375 0.28984375 0.321875 0.05
0 0.17734375 0.34921875 0.321875 0.06875
0 0.49921875 0.23046875 0.32265625 0.06875
3 0.49921875 0.28984375 0.32265625 0.05
0 0.49921875 0.34921875 0.32265625 0.06875
0 0.821875 0.23046875 0.32265625 0.06875
3 0.821875 0.28984375 0.32265625 0.05
0 0.821875 0.34921875 0.32265625 0.06875
13 0.5 0.421875 0.96640625 0.03515625
13 0.5 0.44921875 0.96640625 0.01953125
8 0.06875 0.47578125 0.10390625 0.03359375
8 0.0953125 0.51953125 0.1578125 0.03359375
0 0.2578125 0.58203125 0.4828125 0.05
0 0.7421875 0.58203125 0.4828125 0.05