6 0.060833333333333336 0.05520833333333333 0.08 0.05
13 0.20458333333333334 0.054947916666666666 0.19416666666666665 0.025520833333333333
8 0.24083333333333334 0.11770833333333333 0.095 0.03333333333333333
8 0.395 0.11770833333333333 0.14666666666666667 0.03333333333333333
6 0.7733333333333333 0.121875 0.06666666666666667 0.041666666666666664
3 0.5 0.16328125 0.6133333333333333 0.04114583333333333
3 0.5 0.20442708333333334 0.6133333333333333 0.04114583333333333
3 0.5 0.24557291666666667 0.6133333333333333 0.04114583333333333
1 0.28625 0.2828125 0.18583333333333332 0.03333333333333333
13 0.22583333333333333 0.32109375 0.051666666666666666 0.022395833333333334
0 0.7395833333333334 0.3265625 0.1275 0.05