5 0.06015625 0.059375 0.09296875 0.06640625
13 0.15546875 0.059375 0.084375 0.028125
6 0.5 0.18125 0.23359375 0.14609375
3 0.5 0.284375 0.95 0.05234375
6 0.5 0.3109375 0.95 0.00078125
3 0.5 0.33671875 0.95 0.05234375
13 0.49921875 0.4015625 0.07421875 0.02578125
1 0.1546875 0.4484375 0.259375 0.02578125
13 0.85390625 0.4484375 0.2421875 0.02578125
13 0.49921875 0.8453125 0.0390625 0.02578125
6 0.1078125 0.9 0.059375 0.03515625
13 0.2953125 0.9 0.2890625 0.02578125
6 0.61015625 0.9 0.065625 0.03515625
13 0.7796875 0.9 0.246875 0.02578125