13 0.9395833333333333 0.49973958333333335 0.059166666666666666 0.1234375
13 0.7704166666666666 0.5 0.060833333333333336 0.5791666666666667
13 0.7120833333333333 0.49947916666666664 0.0425 0.21875
13 0.5604166666666667 0.0609375 0.035833333333333335 0.05
0 0.16458333333333333 0.06276041666666667 0.11083333333333334 0.0890625
0 0.28958333333333336 0.0625 0.11916666666666667 0.09270833333333334
0 0.46458333333333335 0.062239583333333334 0.12583333333333332 0.08385416666666666
0 0.6554166666666666 0.06484375 0.1275 0.07864583333333333
6 0.49083333333333334 0.5026041666666666 0.16833333333333333 0.10208333333333333
5 0.9416666666666667 0.890625 0.06666666666666667 0.046875
5 0.9408333333333333 0.9578125 0.06833333333333333 0.042708333333333334
6 0.47833333333333333 0.9588541666666667 0.7416666666666667 0.051041666666666666