5 0.06 0.059375 0.09333333333333334 0.06666666666666667
6 0.18916666666666668 0.059375 0.165 0.021875
13 0.2554166666666667 0.11927083333333334 0.5108333333333334 0.053125
13 0.7554166666666666 0.11927083333333334 0.4891666666666667 0.053125
6 0.5 0.4901041666666667 0.055 0.021875
13 0.5 0.5427083333333333 0.92 0.058333333333333334
13 0.5 0.596875 0.92 0.016666666666666666
11 0.15541666666666668 0.6453125 0.23083333333333333 0.05520833333333333
13 0.15541666666666668 0.6453125 0.11416666666666667 0.030208333333333334
0 0.4995833333333333 0.6453125 0.29083333333333333 0.053125
6 0.265 0.8143229166666667 0.45 0.1578125
6 0.265 0.8140625 0.085 0.051041666666666666
13 0.735 0.7440104166666667 0.45 0.0171875
13 0.735 0.78046875 0.45 0.030729166666666665
13 0.735 0.8213541666666667 0.45 0.019791666666666666
13 0.735 0.8932291666666666 0.45 0.08645833333333333
13 0.735 0.9588541666666667 0.45 0.019791666666666666
6 0.5 0.35859375 1 0.42552083333333335