5 0.06015625 0.059375 0.09296875 0.06640625
6 0.1890625 0.059375 0.16484375 0.021875
13 0.25546875 0.11953125 0.5109375 0.053125
13 0.75546875 0.11953125 0.4890625 0.053125
6 0.5 0.48984375 0.0546875 0.021875
13 0.5 0.54296875 0.9203125 0.05859375
13 0.5 0.596875 0.9203125 0.01640625
11 0.15546875 0.6453125 0.23046875 0.05546875
13 0.15546875 0.6453125 0.1140625 0.03046875
0 0.49921875 0.6453125 0.290625 0.053125
6 0.26484375 0.8140625 0.45 0.1578125
6 0.26484375 0.8140625 0.08515625 0.05078125
13 0.73515625 0.74375 0.45 0.0171875
13 0.73515625 0.78046875 0.45 0.03046875
13 0.73515625 0.82109375 0.45 0.01953125
13 0.73515625 0.89296875 0.45 0.08671875
13 0.73515625 0.95859375 0.45 0.01953125
6 0.5 0.35859375 1 0.42578125