6 0.02 0.05520833333333333 0.04 0.025
6 0.07416666666666667 0.05520833333333333 0.08 0.05
13 0.20375 0.054947916666666666 0.16583333333333333 0.025520833333333333
13 0.8666666666666667 0.05520833333333333 0.10666666666666667 0.058333333333333334
6 0.96 0.05520833333333333 0.08 0.03333333333333333
13 0.96 0.05260416666666667 0.03 0.019791666666666666
6 0.25833333333333336 0.17708333333333334 0.05333333333333334 0.03333333333333333
13 0.25875 0.20494791666666667 0.1875 0.022395833333333334
6 0.7583333333333333 0.17708333333333334 0.058333333333333334 0.036458333333333336
13 0.75875 0.20651041666666667 0.1525 0.022395833333333334
6 0.25833333333333336 0.3854166666666667 0.058333333333333334 0.036458333333333336
13 0.25875 0.41484375 0.10083333333333333 0.022395833333333334
6 0.75875 0.38567708333333334 0.4825 0.0390625
13 0.7583333333333333 0.41640625 0.045 0.022395833333333334
6 0.25833333333333336 0.59375 0.058333333333333334 0.036458333333333336
13 0.25875 0.6231770833333333 0.12416666666666666 0.022395833333333334
6 0.7583333333333333 0.59375 0.058333333333333334 0.036458333333333336
13 0.75875 0.6231770833333333 0.0675 0.022395833333333334