6 0.0203125 0.05546875 0.03984375 0.025
6 0.07421875 0.05546875 0.0796875 0.05
13 0.20390625 0.0546875 0.165625 0.02578125
13 0.86640625 0.05546875 0.10703125 0.05859375
6 0.96015625 0.05546875 0.0796875 0.03359375
13 0.96015625 0.05234375 0.0296875 0.01953125
6 0.25859375 0.17734375 0.053125 0.03359375
13 0.25859375 0.2046875 0.1875 0.02265625
6 0.75859375 0.17734375 0.05859375 0.03671875
13 0.75859375 0.20625 0.15234375 0.02265625
6 0.25859375 0.38515625 0.05859375 0.03671875
13 0.25859375 0.41484375 0.10078125 0.02265625
6 0.75859375 0.3859375 0.4828125 0.0390625
13 0.75859375 0.41640625 0.0453125 0.02265625
6 0.25859375 0.59375 0.05859375 0.03671875
13 0.25859375 0.6234375 0.12421875 0.02265625
6 0.75859375 0.59375 0.05859375 0.03671875
13 0.75859375 0.6234375 0.0671875 0.02265625