6 0.06328125 0.02734375 0.0703125 0.04375
6 0.18984375 0.02734375 0.1265625 0.04375
6 0.31796875 0.02734375 0.1265625 0.04375
0 0.06640625 0.54375 0.08359375 0.05234375
0 0.22109375 0.54375 0.14140625 0.04609375
0 0.3625 0.54375 0.14140625 0.04609375
0 0.50390625 0.54375 0.14140625 0.04609375
13 0.98984375 0.02109375 0.0203125 0.0421875
13 0.97734375 0.06640625 0.0453125 0.04453125
12 0.9859375 0.11328125 0.028125 0.04453125
6 0.9859375 0.1609375 0.028125 0.034375
6 0.9859375 0.2078125 0.028125 0.034375
6 0.9859375 0.2546875 0.028125 0.034375
6 0.9859375 0.3015625 0.028125 0.034375