6 0.06333333333333334 0.027083333333333334 0.07 0.04375
6 0.19 0.027083333333333334 0.12666666666666668 0.04375
6 0.31833333333333336 0.027083333333333334 0.12666666666666668 0.04375
0 0.06666666666666667 0.54375 0.08333333333333333 0.052083333333333336
0 0.22083333333333333 0.54375 0.14166666666666666 0.04583333333333333
0 0.3625 0.54375 0.14166666666666666 0.04583333333333333
0 0.5041666666666667 0.54375 0.14166666666666666 0.04583333333333333
13 0.99 0.02109375 0.02 0.0421875
13 0.9775 0.06666666666666667 0.045 0.04479166666666667
12 0.9858333333333333 0.11354166666666667 0.028333333333333332 0.04479166666666667
6 0.9858333333333333 0.1609375 0.028333333333333332 0.034375
6 0.9858333333333333 0.2078125 0.028333333333333332 0.034375
6 0.9858333333333333 0.2546875 0.028333333333333332 0.034375
6 0.9858333333333333 0.3015625 0.028333333333333332 0.034375