6 0.06333333333333334 0.027083333333333334 0.07 0.04375
6 0.19 0.027083333333333334 0.12666666666666668 0.04375
6 0.31833333333333336 0.027083333333333334 0.12666666666666668 0.04375
5 0.09166666666666666 0.11927083333333334 0.1 0.0625
13 0.22916666666666666 0.11927083333333334 0.125 0.06770833333333333
13 0.37083333333333335 0.11927083333333334 0.125 0.06770833333333333
13 0.5125 0.11927083333333334 0.125 0.06770833333333333
13 0.6541666666666667 0.11927083333333334 0.125 0.06770833333333333
13 0.7958333333333333 0.11927083333333334 0.125 0.06770833333333333
13 0.075 0.37083333333333335 0.15 0.3729166666666667
13 0.99 0.02109375 0.02 0.0421875
12 0.9858333333333333 0.06666666666666667 0.028333333333333332 0.04479166666666667
12 0.9858333333333333 0.11354166666666667 0.028333333333333332 0.04479166666666667
6 0.9858333333333333 0.1609375 0.028333333333333332 0.034375
6 0.9858333333333333 0.2078125 0.028333333333333332 0.034375
6 0.9858333333333333 0.2546875 0.028333333333333332 0.034375
6 0.9858333333333333 0.3015625 0.028333333333333332 0.034375