6 0.16416666666666666 0.15729166666666666 0.15166666666666667 0.30833333333333335
6 0.82875 0.17083333333333334 0.10916666666666666 0.09270833333333334
6 0.9025 0.38125 0.08333333333333333 0.04791666666666667
6 0.9116666666666666 0.052083333333333336 0.07166666666666667 0.04895833333333333
11 0.7279166666666667 0.9361979166666666 0.11916666666666667 0.07135416666666666
13 0.54375 0.05182291666666667 0.0575 0.0734375
13 0.70625 0.04010416666666667 0.049166666666666664 0.05520833333333333
13 0.43 0.5440104166666667 0.06333333333333334 0.07447916666666667
13 0.43291666666666667 0.8552083333333333 0.059166666666666666 0.10520833333333333
13 0.44708333333333333 0.0453125 0.0275 0.06041666666666667
13 0.34375 0.49583333333333335 0.0375 0.9364583333333333