6 0.12583333333333332 0.17083333333333334 0.19833333333333333 0.15625
13 0.5 0.3143229166666667 1 0.12239583333333333
13 0.09083333333333334 0.38671875 0.18166666666666667 0.022395833333333334
13 0.11041666666666666 0.4278645833333333 0.1675 0.034895833333333334
13 0.13 0.49947916666666664 0.19333333333333333 0.06666666666666667
13 0.05333333333333334 0.49947916666666664 0.04 0.06666666666666667
13 0.8904166666666666 0.5015625 0.1925 0.0625
13 0.5 0.5744791666666667 0.9466666666666667 0.05
13 0.5 0.7552083333333334 1 0.31145833333333334
13 0.5 0.95546875 1 0.0890625
6 0.5 0.5 1 1
5 0.06 0.051041666666666666 0.09333333333333334 0.05
6 0.86 0.051041666666666666 0.09333333333333334 0.05
13 0.9466666666666667 0.051041666666666666 0.08 0.05