6 0.5 0.11302083333333333 1 0.17395833333333333
6 0.043333333333333335 0.05520833333333333 0.04666666666666667 0.029166666666666667
6 0.925 0.05572916666666667 0.11 0.030208333333333334
13 0.21416666666666667 0.11015625 0.38166666666666665 0.03697916666666667
6 0.06166666666666667 0.16458333333333333 0.09333333333333334 0.05416666666666667
13 0.4925 0.16458333333333333 0.7483333333333333 0.05416666666666667
13 0.9383333333333334 0.1765625 0.06333333333333334 0.028125
6 0.06833333333333333 0.2421875 0.1 0.057291666666666664
13 0.2683333333333333 0.22630208333333332 0.26666666666666666 0.025520833333333333
9 0.19125 0.25 0.1125 0.011458333333333333
13 0.15416666666666667 0.2716145833333333 0.03833333333333333 0.0171875
13 0.2375 0.2716145833333333 0.09833333333333333 0.0171875
13 0.9066666666666666 0.22604166666666667 0.1 0.022916666666666665
0 0.9083333333333333 0.2526041666666667 0.12333333333333334 0.030208333333333334
6 0.06833333333333333 0.3223958333333333 0.1 0.057291666666666664
13 0.2683333333333333 0.3065104166666667 0.26666666666666666 0.025520833333333333
9 0.19125 0.3302083333333333 0.1125 0.011458333333333333
13 0.15416666666666667 0.35182291666666665 0.03833333333333333 0.0171875
13 0.23625 0.35182291666666665 0.09583333333333334 0.0171875
13 0.9066666666666666 0.30625 0.1 0.022916666666666665
0 0.9083333333333333 0.3328125 0.12333333333333334 0.030208333333333334
6 0.06833333333333333 0.40260416666666665 0.1 0.057291666666666664
13 0.2683333333333333 0.38671875 0.26666666666666666 0.025520833333333333
9 0.19125 0.41041666666666665 0.1125 0.011458333333333333
13 0.15416666666666667 0.43203125 0.03833333333333333 0.0171875
13 0.24291666666666667 0.43203125 0.10916666666666666 0.0171875
13 0.9066666666666666 0.38645833333333335 0.1 0.022916666666666665
0 0.9083333333333333 0.41302083333333334 0.12333333333333334 0.030208333333333334
6 0.06833333333333333 0.4828125 0.1 0.057291666666666664
13 0.2683333333333333 0.4669270833333333 0.26666666666666666 0.025520833333333333
9 0.19125 0.490625 0.1125 0.011458333333333333
13 0.15416666666666667 0.5122395833333333 0.03833333333333333 0.0171875
13 0.24291666666666667 0.5122395833333333 0.10916666666666666 0.0171875
13 0.9066666666666666 0.4666666666666667 0.1 0.022916666666666665
0 0.9083333333333333 0.49322916666666666 0.12333333333333334 0.030208333333333334
6 0.06833333333333333 0.5630208333333333 0.1 0.057291666666666664
13 0.2683333333333333 0.5471354166666667 0.26666666666666666 0.025520833333333333
9 0.19125 0.5708333333333333 0.1125 0.011458333333333333
13 0.15416666666666667 0.5924479166666666 0.03833333333333333 0.0171875
13 0.24833333333333332 0.5924479166666666 0.12 0.0171875
13 0.9066666666666666 0.546875 0.1 0.022916666666666665
0 0.9083333333333333 0.5734375 0.12333333333333334 0.030208333333333334
6 0.06833333333333333 0.6432291666666666 0.1 0.057291666666666664
13 0.2683333333333333 0.62734375 0.26666666666666666 0.025520833333333333
9 0.19125 0.6510416666666666 0.1125 0.011458333333333333
13 0.15416666666666667 0.67265625 0.03833333333333333 0.0171875
13 0.2375 0.67265625 0.09833333333333333 0.0171875
13 0.9066666666666666 0.6270833333333333 0.1 0.022916666666666665
0 0.9083333333333333 0.6536458333333334 0.12333333333333334 0.030208333333333334
6 0.06833333333333333 0.7234375 0.1 0.057291666666666664
13 0.2683333333333333 0.7075520833333333 0.26666666666666666 0.025520833333333333
9 0.19125 0.73125 0.1125 0.011458333333333333
13 0.15416666666666667 0.7528645833333333 0.03833333333333333 0.0171875
13 0.24291666666666667 0.7528645833333333 0.10916666666666666 0.0171875
13 0.9066666666666666 0.7072916666666667 0.1 0.022916666666666665
0 0.9083333333333333 0.7338541666666667 0.12333333333333334 0.030208333333333334
6 0.06833333333333333 0.8036458333333333 0.1 0.057291666666666664
13 0.2683333333333333 0.7877604166666666 0.26666666666666666 0.025520833333333333
9 0.19125 0.8114583333333333 0.1125 0.011458333333333333
13 0.15416666666666667 0.8330729166666667 0.03833333333333333 0.0171875
13 0.24291666666666667 0.8330729166666667 0.10916666666666666 0.0171875
13 0.9066666666666666 0.7875 0.1 0.022916666666666665
0 0.9083333333333333 0.8140625 0.12333333333333334 0.030208333333333334
6 0.06833333333333333 0.8838541666666667 0.1 0.057291666666666664
13 0.2683333333333333 0.86796875 0.26666666666666666 0.025520833333333333
9 0.19125 0.8916666666666667 0.1125 0.011458333333333333
13 0.15416666666666667 0.91328125 0.03833333333333333 0.0171875
13 0.2375 0.91328125 0.09833333333333333 0.0171875
13 0.9066666666666666 0.8677083333333333 0.1 0.022916666666666665
0 0.9083333333333333 0.8942708333333333 0.12333333333333334 0.030208333333333334
6 0.06833333333333333 0.9640625 0.1 0.057291666666666664
13 0.2683333333333333 0.9481770833333333 0.26666666666666666 0.025520833333333333
13 0.9066666666666666 0.9479166666666666 0.1 0.022916666666666665