13 0.458125 0.39765625 0.82875 0.1234375
13 0.32625 0.61875 0.305 0.040625
13 0.81625 0.89453125 0.28 0.0390625
13 0.320625 0.71796875 0.30125 0.05
13 0.400625 0.83515625 0.16875 0.0265625
13 0.3975 0.65859375 0.1525 0.0203125
13 0.911875 0.93125 0.12375 0.0125
13 0.170625 0.4984375 0.24875 0.0421875
13 0.19 0.55234375 0.175 0.015625
13 0.16375 0.053125 0.1075 0.0421875
5 0.83875 0.05234375 0.08 0.04375
5 0.9475 0.054296875 0.0675 0.03828125
6 0.049375 0.05390625 0.07875 0.0421875
6 0.0825 0.645703125 0.1175 0.07578125
6 0.078125 0.72421875 0.12625 0.0671875
6 0.094375 0.81875 0.11625 0.06875
6 0.089375 0.908203125 0.13125 0.06484375
6 0.579375 0.907421875 0.16625 0.07734375
6 0.481875 0.23671875 0.93375 0.1765625
13 0.4825 0.10234375 0.185 0.034375
13 0.90375 0.101953125 0.14 0.03203125
13 0.16625 0.10078125 0.1375 0.0296875