13 0.49296875 0.7234375 0.9484375 0.13828125
13 0.5296875 0.534375 0.8828125 0.153125
13 0.6671875 0.1890625 0.62890625 0.096875
13 0.4421875 0.3296875 0.8390625 0.08828125
13 0.353125 0.05078125 0.43359375 0.0359375
5 0.0671875 0.04375 0.08515625 0.03515625
5 0.7984375 0.03984375 0.08359375 0.04375
5 0.9296875 0.046875 0.075 0.03515625
5 0.1 0.90390625 0.1125 0.05625
5 0.30390625 0.90859375 0.11015625 0.0609375
5 0.70703125 0.9171875 0.10859375 0.05234375
5 0.90390625 0.9140625 0.1375 0.04765625