13 0.48833333333333334 0.6609375 0.9316666666666666 0.5625
13 0.1875 0.290625 0.32666666666666666 0.04375
13 0.49125 0.34479166666666666 0.9525 0.04583333333333333
5 0.06583333333333333 0.05755208333333333 0.07333333333333333 0.0359375
5 0.9520833333333333 0.061197916666666664 0.060833333333333336 0.03697916666666667
6 0.20458333333333334 0.18307291666666667 0.04583333333333333 0.03697916666666667
6 0.36833333333333335 0.18515625 0.06333333333333334 0.027604166666666666
6 0.54625 0.18463541666666666 0.0375 0.028645833333333332
6 0.7020833333333333 0.18411458333333333 0.04083333333333333 0.030729166666666665
6 0.49875 0.12109375 0.28583333333333333 0.06614583333333333
6 0.5058333333333334 0.05755208333333333 0.165 0.0328125