6 0.5 0.48828125 1 0.92421875
6 0.5 0.28671875 0.446875 0.05859375
13 0.5 0.35390625 0.121875 0.028125
3 0.5 0.40625 0.74140625 0.04453125
3 0.5 0.4703125 0.74140625 0.04453125
3 0.5 0.534375 0.74140625 0.04453125
5 0.84453125 0.53359375 0.053125 0.04375
13 0.5 0.58046875 0.74140625 0.03203125
0 0.5 0.6296875 0.74140625 0.05
13 0.3109375 0.67265625 0.3640625 0.01953125
5 0.2171875 0.71015625 0.17578125 0.0375
5 0.40546875 0.71015625 0.175 0.0375
13 0.6890625 0.67265625 0.3640625 0.01953125
0 0.6890625 0.71015625 0.3640625 0.0375
13 0.49921875 0.7484375 0.39453125 0.03203125
6 0.5 0.48828125 1 0.92421875