5 0.06 0.059375 0.09333333333333334 0.06666666666666667
13 0.24041666666666667 0.059375 0.21416666666666667 0.028125
13 0.9466666666666667 0.059375 0.08 0.05
13 0.42083333333333334 0.11770833333333333 0.12333333333333334 0.019791666666666666
13 0.5816666666666667 0.11770833333333333 0.11833333333333333 0.019791666666666666
6 0.07583333333333334 0.19166666666666668 0.12 0.075
13 0.5683333333333334 0.19140625 0.8316666666666667 0.022395833333333334
6 0.07583333333333334 0.2791666666666667 0.12 0.075
13 0.5683333333333334 0.27890625 0.8316666666666667 0.022395833333333334
6 0.07583333333333334 0.36666666666666664 0.12 0.075
13 0.5683333333333334 0.36640625 0.8316666666666667 0.022395833333333334
6 0.07583333333333334 0.45416666666666666 0.12 0.075
13 0.5683333333333334 0.45390625 0.8316666666666667 0.022395833333333334
6 0.07583333333333334 0.5416666666666666 0.12 0.075
13 0.5683333333333334 0.54140625 0.8316666666666667 0.022395833333333334