5 0.06015625 0.059375 0.09296875 0.06640625
13 0.240625 0.059375 0.2140625 0.028125
13 0.946875 0.059375 0.0796875 0.05
13 0.42109375 0.11796875 0.1234375 0.01953125
13 0.58203125 0.11796875 0.11796875 0.01953125
6 0.07578125 0.19140625 0.1203125 0.075
13 0.56796875 0.19140625 0.83203125 0.02265625
6 0.07578125 0.27890625 0.1203125 0.075
13 0.56796875 0.27890625 0.83203125 0.02265625
6 0.07578125 0.36640625 0.1203125 0.075
13 0.56796875 0.36640625 0.83203125 0.02265625
6 0.07578125 0.45390625 0.1203125 0.075
13 0.56796875 0.45390625 0.83203125 0.02265625
6 0.07578125 0.54140625 0.1203125 0.075
13 0.56796875 0.54140625 0.83203125 0.02265625