13 0.3075 0.32369791666666664 0.24833333333333332 0.034895833333333334
13 0.31375 0.5674479166666667 0.11416666666666667 0.0234375
13 0.30291666666666667 0.8002604166666667 0.21083333333333334 0.021354166666666667
13 0.2945833333333333 0.055989583333333336 0.3675 0.028645833333333332
13 0.8416666666666667 0.3143229166666667 0.235 0.028645833333333332
13 0.7775 0.41380208333333335 0.1 0.028645833333333332
13 0.7716666666666666 0.15442708333333333 0.07666666666666666 0.024479166666666666
13 0.8295833333333333 0.21328125 0.22083333333333333 0.028645833333333332
5 0.8566666666666667 0.05546875 0.08666666666666667 0.03177083333333333
5 0.94875 0.053125 0.050833333333333335 0.040625
6 0.3070833333333333 0.25703125 0.1275 0.08072916666666667
6 0.30041666666666667 0.5033854166666667 0.14083333333333334 0.08385416666666666
6 0.305 0.7393229166666667 0.165 0.0859375
6 0.058333333333333334 0.05572916666666667 0.07166666666666667 0.05
6 0.685 0.1078125 0.06666666666666667 0.03958333333333333
6 0.6845833333333333 0.209375 0.0525 0.042708333333333334
6 0.6841666666666667 0.3640625 0.065 0.041666666666666664
6 0.6841666666666667 0.46484375 0.065 0.034895833333333334
6 0.6854166666666667 0.2625 0.0575 0.042708333333333334
6 0.6841666666666667 0.16015625 0.065 0.0359375
6 0.6858333333333333 0.4158854166666667 0.065 0.03697916666666667