13 0.3078125 0.3234375 0.2484375 0.03515625
13 0.3140625 0.5671875 0.1140625 0.0234375
13 0.303125 0.8 0.2109375 0.02109375
13 0.29453125 0.05625 0.3671875 0.02890625
13 0.84140625 0.3140625 0.23515625 0.02890625
13 0.77734375 0.4140625 0.1 0.02890625
13 0.771875 0.1546875 0.0765625 0.02421875
13 0.8296875 0.21328125 0.22109375 0.02890625
5 0.85703125 0.05546875 0.08671875 0.03203125
5 0.9484375 0.053125 0.05078125 0.040625
6 0.30703125 0.25703125 0.12734375 0.08046875
6 0.30078125 0.503125 0.140625 0.08359375
6 0.3046875 0.7390625 0.16484375 0.0859375
6 0.05859375 0.05546875 0.071875 0.05
6 0.68515625 0.1078125 0.06640625 0.03984375
6 0.684375 0.209375 0.05234375 0.04296875
6 0.684375 0.3640625 0.06484375 0.04140625
6 0.684375 0.46484375 0.06484375 0.03515625
6 0.68515625 0.2625 0.0578125 0.04296875
6 0.684375 0.16015625 0.06484375 0.0359375
6 0.6859375 0.415625 0.06484375 0.03671875