5 0.06015625 0.059375 0.09296875 0.05859375
13 0.946875 0.059375 0.0796875 0.05
2 0.0625 0.11796875 0.125 0.05
2 0.25 0.11796875 0.25 0.05
2 0.5 0.11796875 0.25 0.05
2 0.75 0.11796875 0.25 0.05
2 0.9375 0.11796875 0.125 0.05
6 0.1640625 0.3015625 0.328125 0.20546875
6 0.49921875 0.3015625 0.328125 0.20546875
6 0.834375 0.3015625 0.328125 0.20546875
6 0.1640625 0.5109375 0.328125 0.20546875
6 0.49921875 0.5109375 0.328125 0.20546875
6 0.834375 0.5109375 0.328125 0.20546875
6 0.1640625 0.7765625 0.328125 0.20546875