5 0.06 0.059375 0.09333333333333334 0.058333333333333334
13 0.9466666666666667 0.059375 0.08 0.05
2 0.0625 0.11770833333333333 0.125 0.05
2 0.25 0.11770833333333333 0.25 0.05
2 0.5 0.11770833333333333 0.25 0.05
2 0.75 0.11770833333333333 0.25 0.05
2 0.9375 0.11770833333333333 0.125 0.05
6 0.16416666666666666 0.3015625 0.3283333333333333 0.20520833333333333
6 0.49916666666666665 0.3015625 0.3283333333333333 0.20520833333333333
6 0.8341666666666666 0.3015625 0.3283333333333333 0.20520833333333333
6 0.16416666666666666 0.5109375 0.3283333333333333 0.20520833333333333
6 0.49916666666666665 0.5109375 0.3283333333333333 0.20520833333333333
6 0.8341666666666666 0.5109375 0.3283333333333333 0.20520833333333333
6 0.16416666666666666 0.7765625 0.3283333333333333 0.20520833333333333