13 0.2453125 0.05703125 0.2375 0.05625
13 0.125 0.109375 0.23984375 0.0296875
13 0.1203125 0.22890625 0.09765625 0.0171875
13 0.321875 0.35078125 0.1140625 0.0234375
13 0.5203125 0.3515625 0.1265625 0.0234375
13 0.70625 0.23125 0.1171875 0.02109375
13 0.9140625 0.23125 0.12734375 0.02421875
13 0.1265625 0.3515625 0.1140625 0.0234375
6 0.1046875 0.171875 0.175 0.08515625
6 0.59375 0.175 0.76015625 0.0796875
6 0.2984375 0.29140625 0.5578125 0.0796875
6 0.0390625 0.228125 0.0390625 0.015625
6 0.234375 0.23125 0.0515625 0.01796875
6 0.4234375 0.2296875 0.05234375 0.01796875
6 0.42890625 0.35078125 0.0375 0.0234375
6 0.70546875 0.9234375 0.11640625 0.0421875
5 0.95 0.059375 0.05234375 0.0359375
5 0.071875 0.0609375 0.07890625 0.03828125