0 0.934375 0.90234375 0.12125 0.0703125
13 0.373125 0.904296875 0.67375 0.07578125
13 0.06 0.206640625 0.11 0.02578125
13 0.14375 0.248046875 0.275 0.02578125
13 0.31 0.055078125 0.355 0.02578125
13 0.814375 0.115234375 0.21375 0.03046875
5 0.954375 0.0546875 0.07125 0.0375
5 0.315625 0.164453125 0.07625 0.03203125
5 0.40625 0.162890625 0.0575 0.03203125
5 0.503125 0.16484375 0.07125 0.0390625
5 0.594375 0.16484375 0.07625 0.040625
5 0.68375 0.16328125 0.0675 0.04375
5 0.949375 0.205078125 0.05625 0.02890625
6 0.083125 0.0546875 0.05625 0.04375
5 0.026875 0.05390625 0.03625 0.0390625