0 0.934375 0.90234375 0.12109375 0.0703125
13 0.3734375 0.9046875 0.6734375 0.07578125
13 0.06015625 0.20625 0.11015625 0.02578125
13 0.14375 0.2484375 0.275 0.02578125
13 0.31015625 0.0546875 0.3546875 0.02578125
13 0.8140625 0.115625 0.2140625 0.03046875
5 0.9546875 0.0546875 0.07109375 0.0375
5 0.315625 0.1640625 0.0765625 0.03203125
5 0.40625 0.1625 0.0578125 0.03203125
5 0.503125 0.16484375 0.07109375 0.0390625
5 0.59453125 0.16484375 0.0765625 0.040625
5 0.68359375 0.16328125 0.0671875 0.04375
5 0.94921875 0.2046875 0.05625 0.02890625
6 0.0828125 0.0546875 0.05625 0.04375
5 0.0265625 0.05390625 0.0359375 0.0390625