5 0.05375 0.06015625 0.059166666666666666 0.034895833333333334
3 0.5 0.121875 0.98 0.052083333333333336
13 0.31916666666666665 0.18385416666666668 0.57 0.046875
13 0.29125 0.2546875 0.5275 0.04583333333333333
13 0.89625 0.17421875 0.1425 0.0234375
13 0.2775 0.46197916666666666 0.49666666666666665 0.04791666666666667
13 0.2675 0.6671875 0.48333333333333334 0.05
13 0.35833333333333334 0.7338541666666667 0.6583333333333333 0.04375
13 0.2758333333333333 0.8057291666666667 0.5033333333333333 0.04895833333333333
13 0.9029166666666667 0.6559895833333333 0.13916666666666666 0.027604166666666666
13 0.8983333333333333 0.38359375 0.14666666666666667 0.025520833333333333
13 0.8991666666666667 0.7934895833333333 0.14833333333333334 0.0265625
13 0.30833333333333335 0.32760416666666664 0.565 0.053125