5 0.05390625 0.06015625 0.059375 0.03515625
3 0.5 0.121875 0.9796875 0.05234375
13 0.31953125 0.18359375 0.5703125 0.046875
13 0.29140625 0.2546875 0.52734375 0.04609375
13 0.89609375 0.17421875 0.1421875 0.0234375
13 0.27734375 0.46171875 0.496875 0.04765625
13 0.2671875 0.6671875 0.48359375 0.05
13 0.35859375 0.73359375 0.65859375 0.04375
13 0.27578125 0.80546875 0.503125 0.04921875
13 0.903125 0.65625 0.1390625 0.02734375
13 0.8984375 0.38359375 0.146875 0.02578125
13 0.89921875 0.79375 0.1484375 0.0265625
13 0.30859375 0.32734375 0.56484375 0.053125