6 0.01328125 0.05546875 0.0265625 0.01640625
6 0.0609375 0.05546875 0.0796875 0.05
13 0.1671875 0.0546875 0.1203125 0.02578125
13 0.83984375 0.05546875 0.10703125 0.05859375
13 0.94609375 0.0546875 0.1078125 0.059375
13 0.5 0.1046875 1 0.040625
6 0.125 0.92890625 0.25 0.04140625
13 0.5 0.92890625 0.5 0.04140625
6 0.875 0.92890625 0.25 0.04140625
13 0.21640625 0.11640625 0.4328125 0.0640625
13 0.21640625 0.18046875 0.4328125 0.0640625
13 0.12578125 0.23046875 0.1984375 0.01953125
6 0.39140625 0.23046875 0.03984375 0.025
6 0.06171875 0.26640625 0.0296875 0.01875
13 0.228125 0.26640625 0.2703125 0.02578125
1 0.38984375 0.26640625 0.053125 0.03359375
6 0.06171875 0.30390625 0.0296875 0.01875
13 0.228125 0.30390625 0.2703125 0.02578125
1 0.38984375 0.30390625 0.053125 0.03359375
6 0.06171875 0.34140625 0.0296875 0.01875
13 0.228125 0.34140625 0.2703125 0.02578125
1 0.38984375 0.34140625 0.053125 0.03359375
6 0.06171875 0.37890625 0.0296875 0.01875
13 0.228125 0.37890625 0.2703125 0.02578125
1 0.38984375 0.37890625 0.053125 0.03359375
6 0.06171875 0.41640625 0.0296875 0.01875
13 0.228125 0.41640625 0.2703125 0.02578125
1 0.38984375 0.41640625 0.053125 0.03359375
6 0.06171875 0.45390625 0.0296875 0.01875
13 0.228125 0.45390625 0.2703125 0.02578125
1 0.38984375 0.45390625 0.053125 0.03359375
6 0.06171875 0.49140625 0.0296875 0.01875
13 0.228125 0.49140625 0.2703125 0.02578125
1 0.38984375 0.49140625 0.053125 0.03359375
6 0.06171875 0.52890625 0.0296875 0.01875
13 0.228125 0.52890625 0.2703125 0.02578125
1 0.38984375 0.52890625 0.053125 0.03359375
13 0.1203125 0.93203125 0.18671875 0.01953125
6 0.39140625 0.93203125 0.03984375 0.025