6 0.013333333333333334 0.05520833333333333 0.02666666666666667 0.016666666666666666
6 0.060833333333333336 0.05520833333333333 0.08 0.05
13 0.1675 0.054947916666666666 0.12 0.025520833333333333
13 0.84 0.05520833333333333 0.10666666666666667 0.058333333333333334
13 0.9466666666666667 0.05520833333333333 0.10666666666666667 0.058333333333333334
13 0.5 0.1046875 1 0.040625
6 0.125 0.9291666666666667 0.25 0.041666666666666664
13 0.5 0.9291666666666667 0.5 0.041666666666666664
6 0.875 0.9291666666666667 0.25 0.041666666666666664
13 0.21666666666666667 0.11640625 0.43333333333333335 0.0640625
13 0.21666666666666667 0.18046875 0.43333333333333335 0.0640625
13 0.12583333333333332 0.23020833333333332 0.19833333333333333 0.019791666666666666
6 0.39166666666666666 0.23020833333333332 0.04 0.025
6 0.06166666666666667 0.26666666666666666 0.03 0.01875
13 0.22833333333333333 0.26640625 0.27 0.025520833333333333
1 0.39 0.26666666666666666 0.05333333333333334 0.03333333333333333
6 0.06166666666666667 0.30416666666666664 0.03 0.01875
13 0.22833333333333333 0.30390625 0.27 0.025520833333333333
1 0.39 0.30416666666666664 0.05333333333333334 0.03333333333333333
6 0.06166666666666667 0.3416666666666667 0.03 0.01875
13 0.22833333333333333 0.34140625 0.27 0.025520833333333333
1 0.39 0.3416666666666667 0.05333333333333334 0.03333333333333333
6 0.06166666666666667 0.37916666666666665 0.03 0.01875
13 0.22833333333333333 0.37890625 0.27 0.025520833333333333
1 0.39 0.37916666666666665 0.05333333333333334 0.03333333333333333
6 0.06166666666666667 0.4166666666666667 0.03 0.01875
13 0.22833333333333333 0.41640625 0.27 0.025520833333333333
1 0.39 0.4166666666666667 0.05333333333333334 0.03333333333333333
6 0.06166666666666667 0.45416666666666666 0.03 0.01875
13 0.22833333333333333 0.45390625 0.27 0.025520833333333333
1 0.39 0.45416666666666666 0.05333333333333334 0.03333333333333333
6 0.06166666666666667 0.49166666666666664 0.03 0.01875
13 0.22833333333333333 0.49140625 0.27 0.025520833333333333
1 0.39 0.49166666666666664 0.05333333333333334 0.03333333333333333
6 0.06166666666666667 0.5291666666666667 0.03 0.01875
13 0.22833333333333333 0.52890625 0.27 0.025520833333333333
1 0.39 0.5291666666666667 0.05333333333333334 0.03333333333333333
13 0.12 0.9322916666666666 0.18666666666666668 0.019791666666666666
6 0.39166666666666666 0.9322916666666666 0.04 0.025