6 0.1 0.05546875 0.053125 0.03359375
6 0.3 0.05546875 0.053125 0.03359375
6 0.5 0.05546875 0.053125 0.03359375
6 0.7 0.05546875 0.053125 0.03359375
6 0.9 0.05546875 0.053125 0.03359375
6 0.5 0.2453125 1 0.32265625
6 0.5 0.146875 0.296875 0.04140625
13 0.5 0.2515625 0.83359375 0.08359375
13 0.5 0.34140625 0.83359375 0.02578125
6 0.88046875 0.34140625 0.071875 0.046875
6 0.0546875 0.44609375 0.05703125 0.025
13 0.22578125 0.434375 0.23203125 0.02265625
13 0.28984375 0.4578125 0.359375 0.01953125
6 0.96328125 0.4453125 0.0203125 0.02109375
13 0.16953125 0.509375 0.33828125 0.02578125
6 0.46328125 0.603125 0.88828125 0.13515625
6 0.08359375 0.67890625 0.075 0.046875
13 0.225 0.6890625 0.18203125 0.02578125
13 0.1828125 0.7203125 0.2734375 0.01953125
9 0.12890625 0.74765625 0.16640625 0.01875
13 0.46328125 0.78671875 0.83515625 0.0421875
0 0.24765625 0.84921875 0.40390625 0.05
0 0.67890625 0.84921875 0.40390625 0.05
6 0.97265625 0.603125 0.05390625 0.13515625
6 0.9859375 0.67890625 0.02734375 0.046875
13 0.9859375 0.7203125 0.02734375 0.01953125
9 0.9859375 0.74765625 0.02734375 0.01875
13 0.9859375 0.78671875 0.02734375 0.0421875
0 0.9859375 0.84921875 0.02734375 0.05
6 0.43984375 0.928125 0.0296875 0.01875
6 0.4703125 0.928125 0.0296875 0.01875
6 0.5 0.928125 0.0296875 0.01875
6 0.5296875 0.928125 0.0296875 0.01875
6 0.56015625 0.928125 0.0296875 0.01875