6 0.1 0.05520833333333333 0.05333333333333334 0.03333333333333333
6 0.3 0.05520833333333333 0.05333333333333334 0.03333333333333333
6 0.5 0.05520833333333333 0.05333333333333334 0.03333333333333333
6 0.7 0.05520833333333333 0.05333333333333334 0.03333333333333333
6 0.9 0.05520833333333333 0.05333333333333334 0.03333333333333333
6 0.5 0.24557291666666667 1 0.3223958333333333
6 0.5 0.146875 0.2966666666666667 0.041666666666666664
13 0.5 0.2513020833333333 0.8333333333333334 0.08385416666666666
13 0.5 0.34140625 0.8333333333333334 0.025520833333333333
6 0.8808333333333334 0.3416666666666667 0.07166666666666667 0.046875
6 0.055 0.44583333333333336 0.056666666666666664 0.025
13 0.22583333333333333 0.43463541666666666 0.23166666666666666 0.022395833333333334
13 0.28958333333333336 0.4578125 0.3591666666666667 0.019791666666666666
6 0.9633333333333334 0.44557291666666665 0.02 0.021354166666666667
13 0.16916666666666666 0.5096354166666667 0.3383333333333333 0.025520833333333333
6 0.4633333333333333 0.603125 0.8883333333333333 0.13541666666666666
6 0.08333333333333333 0.6786458333333333 0.075 0.046875
13 0.16791666666666666 0.6893229166666667 0.0675 0.025520833333333333
13 0.1825 0.7203125 0.2733333333333333 0.019791666666666666
9 0.12916666666666668 0.7479166666666667 0.16666666666666666 0.01875
13 0.4633333333333333 0.78671875 0.835 0.0421875
0 0.24791666666666667 0.8494791666666667 0.4041666666666667 0.05
0 0.67875 0.8494791666666667 0.4041666666666667 0.05
6 0.9729166666666667 0.603125 0.05416666666666667 0.13541666666666666
6 0.98625 0.6786458333333333 0.0275 0.046875
13 0.98625 0.7203125 0.0275 0.019791666666666666
9 0.98625 0.7479166666666667 0.0275 0.01875
13 0.98625 0.78671875 0.0275 0.0421875
0 0.98625 0.8494791666666667 0.0275 0.05
6 0.44 0.928125 0.03 0.01875
6 0.47 0.928125 0.03 0.01875
6 0.5 0.928125 0.03 0.01875
6 0.53 0.928125 0.03 0.01875
6 0.56 0.928125 0.03 0.01875