0 0.7421875 0.50625 0.4984375 0.0734375
5 0.0390625 0.0515625 0.04765625 0.03515625
5 0.80859375 0.05078125 0.06796875 0.03359375
5 0.8828125 0.05234375 0.05390625 0.0328125
5 0.953125 0.0515625 0.05546875 0.0359375
13 0.2546875 0.50859375 0.2125 0.03046875
13 0.83203125 0.58828125 0.190625 0.04921875
13 0.7859375 0.7390625 0.3109375 0.0328125
13 0.77265625 0.7921875 0.31640625 0.05
13 0.77578125 0.8984375 0.3234375 0.03828125
13 0.77265625 0.12109375 0.171875 0.05859375
6 0.91484375 0.11875 0.0953125 0.06171875
6 0.49921875 0.3265625 0.91328125 0.26640625