0 0.7425 0.5065104166666666 0.49833333333333335 0.0734375
5 0.03875 0.05130208333333333 0.0475 0.034895833333333334
5 0.8083333333333333 0.05078125 0.06833333333333333 0.033854166666666664
5 0.8829166666666667 0.05234375 0.05416666666666667 0.0328125
5 0.9529166666666666 0.05182291666666667 0.05583333333333333 0.0359375
13 0.25458333333333333 0.50859375 0.2125 0.030729166666666665
13 0.8320833333333333 0.5880208333333333 0.19083333333333333 0.04895833333333333
13 0.78625 0.7393229166666667 0.31083333333333335 0.0328125
13 0.7725 0.7921875 0.31666666666666665 0.05
13 0.7758333333333334 0.8981770833333333 0.3233333333333333 0.03802083333333333
13 0.7725 0.12083333333333333 0.17166666666666666 0.058333333333333334
6 0.915 0.11875 0.095 0.06145833333333333
6 0.49916666666666665 0.3265625 0.9133333333333333 0.26666666666666666