6 0.07890625 0.05703125 0.10859375 0.0484375
3 0.56640625 0.05703125 0.81640625 0.04140625
6 0.95859375 0.05703125 0.03359375 0.02109375
6 0.5 0.2609375 1 0.34609375
13 0.47109375 0.46328125 0.90859375 0.01953125
13 0.95390625 0.4609375 0.05859375 0.0171875
6 0.1109375 0.54296875 0.18515625 0.10390625
13 0.1109375 0.61953125 0.18515625 0.028125
13 0.04765625 0.64609375 0.059375 0.01953125
6 0.32734375 0.54296875 0.18515625 0.10390625
13 0.32734375 0.61953125 0.18515625 0.02890625
13 0.27109375 0.646875 0.07265625 0.01953125
6 0.54453125 0.54296875 0.18515625 0.10390625
13 0.54453125 0.61953125 0.18515625 0.02890625
13 0.48828125 0.646875 0.07265625 0.01953125
6 0.7609375 0.54296875 0.18515625 0.10390625
13 0.7609375 0.61953125 0.18515625 0.028125
13 0.7109375 0.64609375 0.0859375 0.01953125
6 0.9421875 0.54296875 0.11484375 0.10390625
13 0.9421875 0.61953125 0.11484375 0.02890625
13 0.928125 0.646875 0.0859375 0.01953125
13 0.47109375 0.69609375 0.90859375 0.01953125
13 0.95390625 0.69375 0.05859375 0.0171875
6 0.1109375 0.77578125 0.18515625 0.10390625
13 0.1109375 0.85234375 0.18515625 0.02890625
13 0.1109375 0.8796875 0.18515625 0.01953125
6 0.32734375 0.77578125 0.18515625 0.10390625
13 0.32734375 0.85234375 0.18515625 0.028125
13 0.32734375 0.87890625 0.18515625 0.01953125
6 0.54453125 0.77578125 0.18515625 0.10390625
13 0.54453125 0.85234375 0.18515625 0.028125
13 0.54453125 0.87890625 0.18515625 0.01953125
6 0.7609375 0.77578125 0.18515625 0.10390625
13 0.7609375 0.85234375 0.18515625 0.028125
13 0.7609375 0.87890625 0.18515625 0.01953125
6 0.9421875 0.77578125 0.11484375 0.10390625
13 0.9421875 0.85234375 0.11484375 0.02890625
13 0.9421875 0.8796875 0.11484375 0.01953125
13 0.1 0.94140625 0.0453125 0.01484375
6 0.1 0.92421875 0.03984375 0.025
13 0.29921875 0.94140625 0.0671875 0.01484375
6 0.3 0.92421875 0.03984375 0.025
6 0.5 0.92421875 0.03984375 0.025
13 0.5203125 0.91796875 0.0296875 0.01875
13 0.5 0.94140625 0.03203125 0.01484375
13 0.69921875 0.94140625 0.0421875 0.01484375
6 0.7 0.92421875 0.03984375 0.025
13 0.9 0.94140625 0.06171875 0.01484375
6 0.9 0.92421875 0.03984375 0.025