6 0.05859375 0.93359375 0.1 0.02265625
6 0.05859375 0.16484375 0.0609375 0.03828125
13 0.05859375 0.19453125 0.084375 0.01953125
13 0.28359375 0.1171875 0.2828125 0.03671875
13 0.2140625 0.146875 0.1421875 0.02265625
13 0.234375 0.16875 0.18359375 0.02265625
6 0.1640625 0.19453125 0.0421875 0.025
6 0.20546875 0.19453125 0.04140625 0.025
6 0.24765625 0.19453125 0.0421875 0.025
6 0.29453125 0.19453125 0.05 0.025
6 0.340625 0.19453125 0.0421875 0.025
6 0.3828125 0.19453125 0.04140625 0.025
6 0.42421875 0.19453125 0.04140625 0.025
13 0.28671875 0.2296875 0.28828125 0.02265625
13 0.20859375 0.25234375 0.13203125 0.02265625
0 0.5 0.296875 0.98359375 0.05
3 0.46015625 0.05390625 0.903125 0.02265625
5 0.9484375 0.90859375 0.08671875 0.05390625
5 0.06015625 0.059375 0.09296875 0.06640625
13 0.20625 0.059375 0.1859375 0.028125
13 0.75078125 0.059375 0.10078125 0.05
13 0.846875 0.059375 0.0921875 0.05
13 0.93984375 0.059375 0.09296875 0.05