6 0.5 0.33828125 1 0.625
13 0.5 0.59140625 0.93359375 0.0328125
13 0.08359375 0.6296875 0.1 0.03203125
13 0.1921875 0.6296875 0.11796875 0.03203125
13 0.328125 0.6296875 0.11953125 0.03203125
6 0.0515625 0.7046875 0.0359375 0.02265625
13 0.35078125 0.703125 0.5625 0.01953125
13 0.10390625 0.7359375 0.14140625 0.01953125
13 0.08125 0.76640625 0.09609375 0.03125
13 0.1109375 0.79765625 0.15546875 0.01953125
13 0.09296875 0.828125 0.1203125 0.03125
0 0.5 0.88046875 0.8 0.04140625
8 0.3 0.9375 0.4 0.03125
8 0.7 0.9375 0.4 0.03125
6 0.0515625 0.05859375 0.053125 0.03359375
6 0.05859375 0.91328125 0.06640625 0.04140625
6 0.93984375 0.0640625 0.07109375 0.04453125
6 0.93984375 0.1234375 0.07109375 0.04453125
6 0.94140625 0.91328125 0.06640625 0.04140625