13 0.52890625 0.403125 0.9046875 0.46953125
13 0.4890625 0.778125 0.93984375 0.1953125
13 0.50078125 0.90859375 0.1734375 0.053125
13 0.3359375 0.0671875 0.41875 0.05
5 0.0640625 0.065625 0.09375 0.0375
5 0.7984375 0.05859375 0.0890625 0.05625
5 0.934375 0.0609375 0.0890625 0.05234375
5 0.93203125 0.13125 0.08359375 0.0421875
5 0.3859375 0.1296875 0.09375 0.05234375
5 0.10390625 0.9125 0.1046875 0.05
5 0.30234375 0.9125 0.0953125 0.05546875
5 0.7015625 0.9125 0.1 0.06171875
5 0.9 0.9140625 0.1046875 0.05859375