13 0.829375 0.121484375 0.33125 0.05546875
13 0.19 0.061328125 0.165 0.03515625
5 0.060625 0.05546875 0.05625 0.0359375
5 0.03625 0.11640625 0.055 0.0390625
13 0.3775 0.26484375 0.4425 0.0921875
13 0.496875 0.1140625 0.13625 0.0265625
13 0.38625 0.166015625 0.085 0.02421875
13 0.130625 0.16875 0.10875 0.0359375
13 0.380625 0.411328125 0.44875 0.09921875
13 0.3775 0.54765625 0.4525 0.09375
13 0.380625 0.68828125 0.47625 0.096875
13 0.5075 0.85859375 0.14 0.0328125
13 0.27 0.828515625 0.22 0.08828125
13 0.436875 0.926953125 0.33875 0.03203125
6 0.076875 0.266015625 0.11625 0.10234375
6 0.076875 0.406640625 0.11875 0.10390625
6 0.08 0.558984375 0.1025 0.09140625
6 0.076875 0.691796875 0.10875 0.09765625
6 0.078125 0.832421875 0.11625 0.10390625