5 0.06015625 0.059375 0.09296875 0.06640625
6 0.246875 0.059375 0.2265625 0.03359375
5 0.86640625 0.059375 0.0796875 0.05
13 0.946875 0.059375 0.0796875 0.05
6 0.5 0.52109375 1 0.85703125
6 0.0796875 0.146875 0.0796875 0.05
13 0.23359375 0.1375 0.17421875 0.03984375
13 0.28828125 0.16640625 0.28359375 0.01875
6 0.0796875 0.246875 0.0796875 0.05
13 0.225 0.2375 0.15703125 0.03984375
13 0.3140625 0.26640625 0.33515625 0.01875
6 0.0796875 0.346875 0.0796875 0.05
13 0.2234375 0.3375 0.153125 0.03984375
13 0.265625 0.36640625 0.2375 0.01875
6 0.0796875 0.446875 0.0796875 0.05
13 0.29140625 0.4375 0.28984375 0.03984375
13 0.34453125 0.46640625 0.39609375 0.01875
6 0.0796875 0.546875 0.0796875 0.05
13 0.22734375 0.5375 0.16171875 0.03984375
13 0.33046875 0.56640625 0.3671875 0.01875
6 0.0796875 0.646875 0.0796875 0.05
13 0.29609375 0.6375 0.2984375 0.03984375
13 0.27265625 0.66640625 0.2515625 0.01875