5 0.06 0.059375 0.09333333333333334 0.06666666666666667
6 0.24666666666666667 0.059375 0.22666666666666666 0.03333333333333333
5 0.8666666666666667 0.059375 0.08 0.05
13 0.9466666666666667 0.059375 0.08 0.05
6 0.5 0.5213541666666667 1 0.8572916666666667
6 0.08 0.146875 0.08 0.05
13 0.23375 0.1375 0.17416666666666666 0.03958333333333333
13 0.28833333333333333 0.16666666666666666 0.2833333333333333 0.01875
6 0.08 0.246875 0.08 0.05
13 0.225 0.2375 0.15666666666666668 0.03958333333333333
13 0.31416666666666665 0.26666666666666666 0.335 0.01875
6 0.08 0.346875 0.08 0.05
13 0.22333333333333333 0.3375 0.15333333333333332 0.03958333333333333
13 0.2654166666666667 0.36666666666666664 0.2375 0.01875
6 0.08 0.446875 0.08 0.05
13 0.2916666666666667 0.4375 0.29 0.03958333333333333
13 0.34458333333333335 0.4666666666666667 0.3958333333333333 0.01875
6 0.08 0.546875 0.08 0.05
13 0.2275 0.5375 0.16166666666666665 0.03958333333333333
13 0.3304166666666667 0.5666666666666667 0.3675 0.01875
6 0.08 0.646875 0.08 0.05
13 0.29583333333333334 0.6375 0.29833333333333334 0.03958333333333333
13 0.2725 0.6666666666666666 0.25166666666666665 0.01875