13 0.1375 0.1328125 0.23984375 0.05078125
13 0.1328125 0.0578125 0.225 0.0375
13 0.56171875 0.2265625 0.2484375 0.0296875
13 0.084375 0.2265625 0.13359375 0.02578125
3 0.49921875 0.1875 0.9640625 0.040625
13 0.08984375 0.2734375 0.1453125 0.03828125
13 0.8296875 0.27109375 0.10234375 0.0296875
5 0.8015625 0.05859375 0.0625 0.034375
5 0.87890625 0.0578125 0.05234375 0.034375
5 0.9484375 0.0578125 0.04375 0.034375
13 0.17734375 0.390625 0.2796875 0.05703125
13 0.20078125 0.459375 0.2984375 0.05078125