6 0.05078125 0.05546875 0.10078125 0.02109375
6 0.1984375 0.05546875 0.2078125 0.04609375
13 0.14921875 0.10078125 0.28203125 0.02265625
3 0.5 0.1328125 0.98359375 0.04140625
13 0.06640625 0.1640625 0.11640625 0.02265625
3 0.5 0.19609375 0.98359375 0.04140625
1 0.03515625 0.23359375 0.053125 0.03359375
13 0.16953125 0.2328125 0.21484375 0.02265625
1 0.03515625 0.26640625 0.053125 0.03359375
13 0.21328125 0.26640625 0.30234375 0.02265625
0 0.5 0.30859375 0.98359375 0.05
0 0.5 0.36328125 0.98359375 0.05