6 0.050416666666666665 0.05520833333333333 0.10083333333333333 0.020833333333333332
6 0.19875 0.05520833333333333 0.2075 0.04583333333333333
13 0.14916666666666667 0.10078125 0.2816666666666667 0.022395833333333334
3 0.5 0.13255208333333332 0.9833333333333333 0.04114583333333333
13 0.06666666666666667 0.16432291666666668 0.11666666666666667 0.022395833333333334
3 0.5 0.19609375 0.9833333333333333 0.04114583333333333
1 0.035 0.23333333333333334 0.05333333333333334 0.03333333333333333
13 0.16916666666666666 0.23307291666666666 0.215 0.022395833333333334
1 0.035 0.26666666666666666 0.05333333333333334 0.03333333333333333
13 0.21291666666666667 0.26640625 0.3025 0.022395833333333334
0 0.5 0.30833333333333335 0.9833333333333333 0.05
0 0.5 0.36354166666666665 0.9833333333333333 0.05