13 0.10583333333333333 0.03333333333333333 0.15833333333333333 0.028125
13 0.7658333333333334 0.03333333333333333 0.22333333333333333 0.05
13 0.9320833333333334 0.03333333333333333 0.10916666666666666 0.05
6 0.1 0.9122395833333333 0.16666666666666666 0.0203125
13 0.1 0.9361979166666666 0.023333333333333334 0.0171875
6 0.3 0.9122395833333333 0.16666666666666666 0.0203125
13 0.3 0.9361979166666666 0.06833333333333333 0.0171875
6 0.5 0.9122395833333333 0.16666666666666666 0.0203125
13 0.4995833333333333 0.9361979166666666 0.08416666666666667 0.0171875
6 0.7 0.9122395833333333 0.16666666666666666 0.0203125
13 0.7 0.9361979166666666 0.08166666666666667 0.0171875
6 0.9 0.9122395833333333 0.18333333333333332 0.030729166666666665
13 0.8995833333333333 0.9361979166666666 0.049166666666666664 0.0171875