13 0.16583333333333333 0.31979166666666664 0.19833333333333333 0.03125
13 0.36583333333333334 0.31979166666666664 0.19833333333333333 0.03125
13 0.7425 0.31979166666666664 0.38166666666666665 0.03125
13 0.27291666666666664 0.3893229166666667 0.049166666666666664 0.0171875
13 0.7270833333333333 0.3893229166666667 0.0475 0.0171875
0 0.36 0.46979166666666666 0.10666666666666667 0.06875
3 0.36 0.5291666666666667 0.10666666666666667 0.05
0 0.36 0.5885416666666666 0.10666666666666667 0.06875
0 0.49333333333333335 0.46979166666666666 0.10666666666666667 0.06875
3 0.49333333333333335 0.5291666666666667 0.10666666666666667 0.05
0 0.49333333333333335 0.5885416666666666 0.10666666666666667 0.06875
0 0.6266666666666667 0.46979166666666666 0.10666666666666667 0.06875
3 0.6266666666666667 0.5291666666666667 0.10666666666666667 0.05
0 0.6266666666666667 0.5885416666666666 0.10666666666666667 0.06875
0 0.2629166666666667 0.66875 0.4725 0.05625
0 0.7370833333333333 0.66875 0.4725 0.05625