13 0.32421875 0.36015625 0.1515625 0.01875
13 0.81953125 0.3609375 0.15859375 0.02734375
13 0.4921875 0.6109375 0.1546875 0.03203125
13 0.5578125 0.1125 0.4015625 0.02578125
0 0.85234375 0.23125 0.0953125 0.02109375
0 0.93828125 0.1515625 0.0734375 0.02734375
5 0.7953125 0.109375 0.06484375 0.03203125
5 0.88359375 0.109375 0.0625 0.03515625
5 0.9609375 0.1109375 0.05234375 0.04609375
5 0.9515625 0.0578125 0.04609375 0.03515625
5 0.20234375 0.10859375 0.04765625 0.0265625
5 0.1203125 0.1078125 0.05234375 0.03203125
5 0.04453125 0.11171875 0.0515625 0.0296875
5 0.3265625 0.1078125 0.0328125 0.02109375
6 0.31640625 0.2953125 0.09765625 0.07890625
6 0.6609375 0.3 0.11640625 0.07421875
6 0.81796875 0.2984375 0.1265625 0.07578125
6 0.82265625 0.521875 0.1703125 0.140625
6 0.4875 0.5203125 0.475 0.10390625
9 0.2890625 0.3890625 0.0765625 0.01875
9 0.6296875 0.39140625 0.08125 0.015625
9 0.78828125 0.390625 0.0890625 0.01484375
9 0.2890625 0.63828125 0.0765625 0.0203125
9 0.6203125 0.63828125 0.0734375 0.01875
9 0.7890625 0.6390625 0.0890625 0.01796875
6 0.03515625 0.2109375 0.0625 0.15078125