13 0.324375 0.36015625 0.15125 0.01875
13 0.819375 0.361328125 0.15875 0.02734375
13 0.4925 0.610546875 0.155 0.03203125
13 0.558125 0.112890625 0.40125 0.02578125
0 0.8525 0.230859375 0.095 0.02109375
0 0.938125 0.151171875 0.07375 0.02734375
5 0.795 0.109765625 0.065 0.03203125
5 0.88375 0.109765625 0.0625 0.03515625
5 0.96125 0.111328125 0.0525 0.04609375
5 0.951875 0.058203125 0.04625 0.03515625
5 0.2025 0.10859375 0.0475 0.0265625
5 0.12 0.108203125 0.0525 0.03203125
5 0.044375 0.11171875 0.05125 0.0296875
5 0.32625 0.108203125 0.0325 0.02109375
6 0.31625 0.295703125 0.0975 0.07890625
6 0.660625 0.299609375 0.11625 0.07421875
6 0.818125 0.298046875 0.12625 0.07578125
6 0.8225 0.521875 0.17 0.140625
6 0.4875 0.519921875 0.475 0.10390625
9 0.289375 0.3890625 0.07625 0.01875
9 0.629375 0.39140625 0.08125 0.015625
9 0.788125 0.391015625 0.08875 0.01484375
9 0.289375 0.63828125 0.07625 0.0203125
9 0.620625 0.63828125 0.07375 0.01875
9 0.789375 0.639453125 0.08875 0.01796875
6 0.035 0.210546875 0.0625 0.15078125