13 0.165625 0.31953125 0.1984375 0.03125
13 0.365625 0.31953125 0.1984375 0.03125
13 0.7421875 0.31953125 0.38203125 0.03125
13 0.27265625 0.3890625 0.04921875 0.0171875
13 0.72734375 0.3890625 0.04765625 0.0171875
0 0.36015625 0.46953125 0.10703125 0.06875
3 0.36015625 0.52890625 0.10703125 0.05
0 0.36015625 0.58828125 0.10703125 0.06875
0 0.49296875 0.46953125 0.10703125 0.06875
3 0.49296875 0.52890625 0.10703125 0.05
0 0.49296875 0.58828125 0.10703125 0.06875
0 0.6265625 0.46953125 0.10703125 0.06875
3 0.6265625 0.52890625 0.10703125 0.05
0 0.6265625 0.58828125 0.10703125 0.06875
0 0.26328125 0.66875 0.47265625 0.05625
0 0.73671875 0.66875 0.47265625 0.05625