6 0.5 0.5182291666666666 0.95 0.10416666666666667
13 0.5 0.6059895833333333 0.95 0.04010416666666667
3 0.5 0.6625 0.95 0.041666666666666664
3 0.5 0.7197916666666667 0.95 0.041666666666666664
0 0.5 0.7770833333333333 0.95 0.041666666666666664
0 0.5 0.834375 0.95 0.041666666666666664
0 0.5 0.8916666666666667 0.95 0.041666666666666664
13 0.5 0.9390625 0.95 0.021875
6 0.5 0.48802083333333335 1 0.9239583333333333
6 0.5 0.48802083333333335 1 0.9239583333333333
6 0.5 0.13958333333333334 1 0.22708333333333333
13 0.5 0.16458333333333333 1 0.17708333333333334
13 0.5 0.14322916666666666 0.9766666666666667 0.019791666666666666
6 0.5 0.3416666666666667 1 0.17708333333333334
13 0.5 0.3416666666666667 1 0.17708333333333334
13 0.5 0.3453125 0.9766666666666667 0.019791666666666666
6 0.5 0.51875 1 0.17708333333333334
13 0.5 0.51875 1 0.17708333333333334
13 0.5 0.5223958333333333 0.9766666666666667 0.019791666666666666
6 0.5 0.6958333333333333 1 0.17708333333333334
13 0.5 0.6958333333333333 1 0.17708333333333334
13 0.5 0.6994791666666667 0.9766666666666667 0.019791666666666666
6 0.5 0.8729166666666667 1 0.17708333333333334
13 0.5 0.8729166666666667 1 0.17708333333333334
13 0.5 0.8765625 0.9766666666666667 0.019791666666666666
6 0.5 0.459375 1 0.8666666666666667
6 0.5 0.051041666666666666 0.5 0.04375
6 0.5 0.051041666666666666 1 0.05
6 0.1 0.9213541666666667 0.2 0.057291666666666664
6 0.1 0.9127604166666666 0.18333333333333332 0.0296875
13 0.1 0.9424479166666667 0.2 0.015104166666666667
6 0.3 0.9213541666666667 0.2 0.057291666666666664
6 0.3 0.9127604166666666 0.18333333333333332 0.0296875
13 0.3 0.9424479166666667 0.2 0.015104166666666667
6 0.5 0.9213541666666667 0.2 0.057291666666666664
6 0.5 0.9127604166666666 0.18333333333333332 0.0296875
13 0.5 0.9424479166666667 0.2 0.015104166666666667
6 0.7 0.9213541666666667 0.2 0.057291666666666664
6 0.7 0.9127604166666666 0.18333333333333332 0.0296875
13 0.7 0.9424479166666667 0.2 0.015104166666666667
6 0.9 0.9213541666666667 0.2 0.057291666666666664
6 0.9 0.9127604166666666 0.18333333333333332 0.0296875
13 0.9 0.9424479166666667 0.2 0.015104166666666667
6 0.5 0.9213541666666667 1 0.057291666666666664