3 0.5 0.09479166666666666 0.9633333333333334 0.03958333333333333
6 0.11833333333333333 0.16979166666666667 0.2 0.07708333333333334
13 0.6083333333333333 0.14036458333333332 0.7466666666666667 0.018229166666666668
6 0.5 0.21510416666666668 0.9866666666666667 0.0010416666666666667
6 0.11833333333333333 0.26145833333333335 0.2 0.07708333333333334
13 0.6083333333333333 0.23203125 0.7466666666666667 0.018229166666666668
6 0.5 0.3067708333333333 0.9866666666666667 0.0010416666666666667
6 0.11833333333333333 0.353125 0.2 0.07708333333333334
13 0.6083333333333333 0.32369791666666664 0.7466666666666667 0.018229166666666668
6 0.5 0.3984375 0.9866666666666667 0.0010416666666666667
6 0.11833333333333333 0.44479166666666664 0.2 0.07708333333333334
13 0.6083333333333333 0.4153645833333333 0.7466666666666667 0.018229166666666668
6 0.5 0.4901041666666667 0.9866666666666667 0.0010416666666666667
6 0.11833333333333333 0.5364583333333334 0.2 0.07708333333333334
13 0.6083333333333333 0.50703125 0.7466666666666667 0.018229166666666668
6 0.5 0.5817708333333333 0.9866666666666667 0.0010416666666666667
6 0.11833333333333333 0.628125 0.2 0.07708333333333334
13 0.6083333333333333 0.5986979166666667 0.7466666666666667 0.018229166666666668
6 0.5 0.6734375 0.9866666666666667 0.0010416666666666667
6 0.11833333333333333 0.7197916666666667 0.2 0.07708333333333334
13 0.6083333333333333 0.6903645833333333 0.7466666666666667 0.018229166666666668
6 0.5 0.7651041666666667 0.9866666666666667 0.0010416666666666667
6 0.11833333333333333 0.8114583333333333 0.2 0.07708333333333334
13 0.6083333333333333 0.78203125 0.7466666666666667 0.018229166666666668
6 0.5 0.8567708333333334 0.9866666666666667 0.0010416666666666667
6 0.11833333333333333 0.903125 0.2 0.07708333333333334
13 0.6083333333333333 0.8736979166666666 0.7466666666666667 0.018229166666666668
6 0.5 0.9484375 0.9866666666666667 0.0010416666666666667
6 0.5 0.48802083333333335 1 0.9239583333333333
6 0.5 0.07291666666666667 1 0.09375
13 0.5 0.051041666666666666 1 0.05
6 0.03333333333333333 0.051041666666666666 0.05 0.03125
6 0.5 0.051041666666666666 1 0.05
13 0.08291666666666667 0.09791666666666667 0.16583333333333333 0.04375
13 0.24958333333333332 0.09791666666666667 0.16583333333333333 0.04375
13 0.41625 0.09791666666666667 0.16583333333333333 0.04375
13 0.5829166666666666 0.09791666666666667 0.16583333333333333 0.04375
13 0.7495833333333334 0.09791666666666667 0.16583333333333333 0.04375
13 0.9166666666666666 0.09791666666666667 0.16666666666666666 0.04375
6 0.5 0.48802083333333335 1 0.9239583333333333