13 0.3015625 0.059375 0.3546875 0.03515625
13 0.1234375 0.23046875 0.2125 0.065625
13 0.88203125 0.11328125 0.0765625 0.0328125
13 0.38203125 0.9078125 0.6984375 0.0875
0 0.93203125 0.9046875 0.12890625 0.07578125
5 0.3109375 0.1625 0.08515625 0.04140625
5 0.40859375 0.165625 0.0703125 0.04453125
5 0.5015625 0.1640625 0.07109375 0.04140625
5 0.5859375 0.1640625 0.0734375 0.0390625
5 0.6828125 0.165625 0.0734375 0.04140625
5 0.95390625 0.0578125 0.0671875 0.03828125
5 0.02734375 0.0546875 0.0375 0.03046875
5 0.9484375 0.203125 0.05625 0.034375