13 0.30125 0.058984375 0.355 0.03515625
13 0.12375 0.23046875 0.2125 0.065625
13 0.881875 0.11328125 0.07625 0.0328125
13 0.381875 0.9078125 0.69875 0.0875
0 0.931875 0.905078125 0.12875 0.07578125
5 0.31125 0.162109375 0.085 0.04140625
5 0.40875 0.166015625 0.07 0.04453125
5 0.501875 0.164453125 0.07125 0.04140625
5 0.585625 0.1640625 0.07375 0.0390625
5 0.683125 0.165234375 0.07375 0.04140625
5 0.95375 0.058203125 0.0675 0.03828125
5 0.0275 0.054296875 0.0375 0.03046875
5 0.948125 0.203125 0.05625 0.034375