13 0.2703125 0.1 0.25625 0.02578125
13 0.3015625 0.1296875 0.2171875 0.01796875
13 0.14140625 0.17890625 0.1328125 0.0234375
13 0.3859375 0.18046875 0.13125 0.0171875
13 0.63984375 0.17890625 0.0796875 0.0203125
13 0.88046875 0.17890625 0.08359375 0.0234375
13 0.2484375 0.353125 0.31484375 0.02734375
13 0.39140625 0.24140625 0.1 0.0296875
13 0.2453125 0.2375 0.0859375 0.0328125
13 0.11171875 0.23828125 0.10390625 0.0359375
13 0.25390625 0.29296875 0.12734375 0.0375
5 0.0609375 0.06171875 0.0484375 0.0296875
5 0.8625 0.0578125 0.0578125 0.03515625
5 0.9453125 0.059375 0.0484375 0.03203125
6 0.07265625 0.1125 0.09765625 0.053125