13 0.19 0.38255208333333335 0.25333333333333335 0.027604166666666666
13 0.17333333333333334 0.44140625 0.23166666666666666 0.028645833333333332
13 0.16291666666666665 0.49453125 0.21416666666666667 0.03697916666666667
13 0.1875 0.5450520833333333 0.2633333333333333 0.033854166666666664
13 0.50375 0.60078125 0.11583333333333333 0.019270833333333334
13 0.22791666666666666 0.12395833333333334 0.3641666666666667 0.052083333333333336
13 0.21083333333333334 0.7994791666666666 0.3433333333333333 0.053125
8 0.90375 0.43984375 0.0525 0.027604166666666666
8 0.9054166666666666 0.48984375 0.049166666666666664 0.033854166666666664
8 0.91125 0.5450520833333333 0.050833333333333335 0.033854166666666664
6 0.0625 0.05677083333333333 0.08 0.04791666666666667