0 0.14708333333333334 0.1421875 0.23416666666666666 0.07395833333333333
13 0.14708333333333334 0.1359375 0.19583333333333333 0.036458333333333336
0 0.3458333333333333 0.1421875 0.16333333333333333 0.07395833333333333
13 0.3458333333333333 0.1359375 0.125 0.036458333333333336
0 0.5579166666666666 0.1421875 0.2608333333333333 0.07395833333333333
13 0.5579166666666666 0.1359375 0.2225 0.036458333333333336
0 0.77875 0.1421875 0.18083333333333335 0.07395833333333333
13 0.77875 0.1359375 0.1425 0.036458333333333336
0 0.9345833333333333 0.1421875 0.13083333333333333 0.07395833333333333
13 0.9441666666666667 0.1359375 0.11166666666666666 0.036458333333333336
13 0.28708333333333336 0.2520833333333333 0.4141666666666667 0.07708333333333334
6 0.7266666666666667 0.2520833333333333 0.4666666666666667 0.14583333333333334
13 0.18291666666666667 0.36953125 0.20583333333333334 0.022395833333333334
13 0.8870833333333333 0.3692708333333333 0.06583333333333333 0.019791666666666666
6 0.16333333333333333 0.4765625 0.16666666666666666 0.15
13 0.14291666666666666 0.58046875 0.12583333333333332 0.03697916666666667
6 0.23416666666666666 0.5729166666666666 0.056666666666666664 0.03333333333333333
13 0.14 0.6088541666666667 0.12 0.019791666666666666
6 0.37 0.4765625 0.16666666666666666 0.15
13 0.34958333333333336 0.571875 0.12583333333333332 0.019791666666666666
13 0.3466666666666667 0.5916666666666667 0.12 0.019791666666666666
6 0.44083333333333335 0.5729166666666666 0.056666666666666664 0.03333333333333333
6 0.5766666666666667 0.4765625 0.16666666666666666 0.15
13 0.55625 0.58046875 0.12583333333333332 0.03697916666666667
6 0.6475 0.5729166666666666 0.056666666666666664 0.03333333333333333
13 0.5766666666666667 0.6088541666666667 0.16666666666666666 0.019791666666666666
6 0.7833333333333333 0.4765625 0.16666666666666666 0.15
13 0.7629166666666667 0.5802083333333333 0.12583333333333332 0.036458333333333336
6 0.8541666666666666 0.5729166666666666 0.056666666666666664 0.03333333333333333
13 0.7833333333333333 0.6083333333333333 0.16666666666666666 0.019791666666666666
6 0.9533333333333334 0.4765625 0.09333333333333334 0.15
13 0.9533333333333334 0.5802083333333333 0.09333333333333334 0.036458333333333336
13 0.9533333333333334 0.6083333333333333 0.09333333333333334 0.019791666666666666
13 0.21458333333333332 0.7002604166666667 0.26916666666666667 0.022395833333333334
13 0.21791666666666668 0.7213541666666666 0.2758333333333333 0.019791666666666666
13 0.8870833333333333 0.7098958333333333 0.06583333333333333 0.019791666666666666
6 0.16333333333333333 0.8270833333333333 0.16666666666666666 0.15
13 0.14291666666666666 0.9223958333333333 0.12583333333333332 0.019791666666666666
13 0.11625 0.9421875 0.0725 0.019791666666666666
6 0.23416666666666666 0.9234375 0.056666666666666664 0.03333333333333333
6 0.37 0.8270833333333333 0.16666666666666666 0.15
13 0.34958333333333336 0.9309895833333334 0.12583333333333332 0.03697916666666667
6 0.44083333333333335 0.9234375 0.056666666666666664 0.03333333333333333
13 0.3675 0.959375 0.16166666666666665 0.019791666666666666
6 0.5766666666666667 0.8270833333333333 0.16666666666666666 0.15
13 0.55625 0.9307291666666667 0.12583333333333332 0.036458333333333336
6 0.6475 0.9234375 0.056666666666666664 0.03333333333333333
13 0.57 0.9588541666666667 0.15333333333333332 0.019791666666666666
6 0.7833333333333333 0.8270833333333333 0.16666666666666666 0.15
13 0.7629166666666667 0.9309895833333334 0.12583333333333332 0.03697916666666667
6 0.8541666666666666 0.9234375 0.056666666666666664 0.03333333333333333
13 0.7654166666666666 0.959375 0.13083333333333333 0.019791666666666666
6 0.9533333333333334 0.8270833333333333 0.09333333333333334 0.15
13 0.9533333333333334 0.9309895833333334 0.09333333333333334 0.03697916666666667
13 0.9533333333333334 0.959375 0.09333333333333334 0.019791666666666666
5 0.06 0.059375 0.09333333333333334 0.06666666666666667
13 0.16 0.059375 0.09333333333333334 0.028125
13 0.9466666666666667 0.059375 0.08 0.05