0 0.146875 0.1421875 0.234375 0.07421875
13 0.146875 0.1359375 0.19609375 0.03671875
0 0.34609375 0.1421875 0.16328125 0.07421875
13 0.34609375 0.1359375 0.125 0.03671875
0 0.5578125 0.1421875 0.2609375 0.07421875
13 0.5578125 0.1359375 0.22265625 0.03671875
0 0.77890625 0.1421875 0.18046875 0.07421875
13 0.77890625 0.1359375 0.1421875 0.03671875
0 0.934375 0.1421875 0.13046875 0.07421875
13 0.94375 0.13515625 0.1125 0.0359375
13 0.28671875 0.25234375 0.4140625 0.07734375
6 0.7265625 0.25234375 0.46640625 0.14609375
13 0.1828125 0.36953125 0.20546875 0.02265625
13 0.88671875 0.36953125 0.065625 0.01953125
6 0.16328125 0.4765625 0.16640625 0.15
13 0.14296875 0.58046875 0.12578125 0.03671875
6 0.234375 0.57265625 0.05703125 0.03359375
13 0.13984375 0.60859375 0.1203125 0.01953125
6 0.3703125 0.4765625 0.16640625 0.15
13 0.34921875 0.571875 0.12578125 0.01953125
13 0.346875 0.59140625 0.1203125 0.01953125
6 0.440625 0.57265625 0.05703125 0.03359375
6 0.5765625 0.4765625 0.16640625 0.15
13 0.55625 0.58046875 0.12578125 0.03671875
6 0.64765625 0.57265625 0.05703125 0.03359375
13 0.5765625 0.60859375 0.16640625 0.01953125
6 0.78359375 0.4765625 0.16640625 0.15
13 0.76328125 0.58046875 0.12578125 0.03671875
6 0.85390625 0.57265625 0.05703125 0.03359375
13 0.78359375 0.60859375 0.16640625 0.01953125
6 0.953125 0.4765625 0.09296875 0.15
13 0.953125 0.58046875 0.09296875 0.03671875
13 0.953125 0.60859375 0.09296875 0.01953125
13 0.21484375 0.7 0.26953125 0.02265625
13 0.21796875 0.72109375 0.27578125 0.01953125
13 0.88671875 0.71015625 0.065625 0.01953125
6 0.16328125 0.82734375 0.16640625 0.15
13 0.14296875 0.92265625 0.12578125 0.01953125
13 0.11640625 0.9421875 0.07265625 0.01953125
6 0.234375 0.9234375 0.05703125 0.03359375
6 0.3703125 0.82734375 0.16640625 0.15
13 0.34921875 0.93125 0.12578125 0.03671875
6 0.440625 0.9234375 0.05703125 0.03359375
13 0.3671875 0.959375 0.16171875 0.01953125
6 0.5765625 0.82734375 0.16640625 0.15
13 0.55625 0.93046875 0.12578125 0.03671875
6 0.64765625 0.9234375 0.05703125 0.03359375
13 0.5703125 0.95859375 0.153125 0.01953125
6 0.78359375 0.82734375 0.16640625 0.15
13 0.76328125 0.93125 0.12578125 0.03671875
6 0.85390625 0.9234375 0.05703125 0.03359375
13 0.765625 0.959375 0.13046875 0.01953125
6 0.953125 0.82734375 0.09296875 0.15
13 0.953125 0.93125 0.09296875 0.03671875
13 0.953125 0.959375 0.09296875 0.01953125
5 0.06015625 0.059375 0.09296875 0.06640625
13 0.16015625 0.059375 0.09296875 0.028125
13 0.946875 0.059375 0.0796875 0.05