0 0.49765625 0.66875 0.6390625 0.07265625
0 0.8328125 0.91015625 0.30546875 0.05859375
5 0.0578125 0.05625 0.0578125 0.0296875
5 0.865625 0.05625 0.05390625 0.03359375
5 0.946875 0.05390625 0.06640625 0.03984375
6 0.51015625 0.3921875 0.29921875 0.13984375
5 0.2140625 0.2828125 0.05390625 0.0328125
13 0.08828125 0.66796875 0.1359375 0.11328125
13 0.26328125 0.91015625 0.4578125 0.046875
13 0.6078125 0.90625 0.071875 0.0234375
9 0.09140625 0.5875 0.1375 0.02578125
13 0.50234375 0.52890625 0.59296875 0.05859375