6 0.5 0.13020833333333334 1 0.20833333333333334
13 0.32416666666666666 0.18098958333333334 0.595 0.033854166666666664
13 0.18208333333333335 0.2078125 0.31083333333333335 0.019791666666666666
13 0.06541666666666666 0.26223958333333336 0.0775 0.022395833333333334
13 0.9404166666666667 0.26223958333333336 0.06583333333333333 0.022395833333333334
6 0.08 0.34010416666666665 0.13333333333333333 0.06666666666666667
6 0.21333333333333335 0.34010416666666665 0.13333333333333333 0.06666666666666667
6 0.3466666666666667 0.34010416666666665 0.13333333333333333 0.06666666666666667
6 0.48 0.34010416666666665 0.13333333333333333 0.06666666666666667
6 0.6133333333333333 0.34010416666666665 0.13333333333333333 0.06666666666666667
6 0.7466666666666667 0.34010416666666665 0.13333333333333333 0.06666666666666667
6 0.88 0.34010416666666665 0.13333333333333333 0.06666666666666667
6 0.9733333333333334 0.34010416666666665 0.05333333333333334 0.06666666666666667
6 0.11708333333333333 0.4484375 0.23416666666666666 0.08333333333333333
13 0.11083333333333334 0.50859375 0.16833333333333333 0.03697916666666667
6 0.33416666666666667 0.4484375 0.24666666666666667 0.08333333333333333
13 0.33416666666666667 0.50859375 0.16833333333333333 0.03697916666666667
6 0.5575 0.4484375 0.24666666666666667 0.08333333333333333
13 0.5575 0.50859375 0.16833333333333333 0.03697916666666667
6 0.7808333333333334 0.4484375 0.24666666666666667 0.08333333333333333
13 0.7808333333333334 0.50859375 0.16833333333333333 0.03697916666666667
6 0.9404166666666667 0.4484375 0.11916666666666667 0.08333333333333333
13 0.96 0.50859375 0.08 0.03697916666666667
6 0.06 0.5864583333333333 0.06666666666666667 0.041666666666666664
13 0.51375 0.5861979166666667 0.7875 0.022395833333333334
13 0.9404166666666667 0.5864583333333333 0.06583333333333333 0.019791666666666666
13 0.0525 0.65 0.105 0.019791666666666666
13 0.9270833333333334 0.65 0.0925 0.05
6 0.1125 0.7375 0.14666666666666667 0.09166666666666666
13 0.1125 0.828125 0.22166666666666668 0.03125
13 0.04583333333333333 0.8643229166666667 0.08833333333333333 0.0171875
13 0.04583333333333333 0.8815104166666666 0.08833333333333333 0.0171875
6 0.33416666666666667 0.7375 0.14666666666666667 0.09166666666666666
13 0.33416666666666667 0.828125 0.22166666666666668 0.03125
13 0.27291666666666664 0.8643229166666667 0.09916666666666667 0.0171875
13 0.27291666666666664 0.8815104166666666 0.09916666666666667 0.0171875
6 0.5558333333333333 0.7375 0.14666666666666667 0.09166666666666666
13 0.5558333333333333 0.8283854166666667 0.22166666666666668 0.03177083333333333
13 0.4945833333333333 0.86484375 0.09916666666666667 0.0171875
13 0.4945833333333333 0.88203125 0.09916666666666667 0.0171875
6 0.7775 0.7375 0.14666666666666667 0.09166666666666666
13 0.7775 0.828125 0.22166666666666668 0.03125
13 0.71625 0.8643229166666667 0.09916666666666667 0.0171875
13 0.71625 0.8815104166666666 0.09916666666666667 0.0171875
6 0.9629166666666666 0.7375 0.07416666666666667 0.09166666666666666
13 0.9441666666666667 0.828125 0.11166666666666666 0.03125
13 0.9379166666666666 0.8643229166666667 0.09916666666666667 0.0171875
13 0.9379166666666666 0.8815104166666666 0.09916666666666667 0.0171875
13 0.075 0.9286458333333333 0.15 0.019791666666666666
13 0.9270833333333334 0.9286458333333333 0.0925 0.05
5 0.04666666666666667 0.059375 0.09333333333333334 0.06666666666666667
13 0.17375 0.059375 0.08083333333333333 0.025
13 0.88 0.059375 0.08 0.05
6 0.9533333333333334 0.059375 0.04 0.025
13 0.96 0.04296875 0.04666666666666667 0.0171875