6 0.5 0.13046875 1 0.20859375
13 0.32421875 0.18125 0.5953125 0.03359375
13 0.18203125 0.2078125 0.3109375 0.01953125
13 0.065625 0.2625 0.07734375 0.02265625
13 0.940625 0.2625 0.065625 0.02265625
6 0.0796875 0.33984375 0.13359375 0.06640625
6 0.21328125 0.33984375 0.13359375 0.06640625
6 0.346875 0.33984375 0.13359375 0.06640625
6 0.4796875 0.33984375 0.13359375 0.06640625
6 0.61328125 0.33984375 0.13359375 0.06640625
6 0.746875 0.33984375 0.13359375 0.06640625
6 0.8796875 0.33984375 0.13359375 0.06640625
6 0.9734375 0.33984375 0.053125 0.06640625
6 0.1171875 0.4484375 0.234375 0.08359375
13 0.1109375 0.50859375 0.16796875 0.03671875
6 0.334375 0.4484375 0.246875 0.08359375
13 0.334375 0.50859375 0.16796875 0.03671875
6 0.5578125 0.4484375 0.246875 0.08359375
13 0.5578125 0.50859375 0.16796875 0.03671875
6 0.78046875 0.4484375 0.246875 0.08359375
13 0.78046875 0.50859375 0.16796875 0.03671875
6 0.93984375 0.44765625 0.1203125 0.0828125
13 0.96015625 0.50859375 0.0796875 0.03671875
6 0.06015625 0.58671875 0.06640625 0.04140625
13 0.5140625 0.5859375 0.7875 0.02265625
13 0.940625 0.58671875 0.065625 0.01953125
13 0.05234375 0.65 0.1046875 0.01953125
13 0.92734375 0.65 0.0921875 0.05
6 0.1125 0.7375 0.146875 0.09140625
13 0.1125 0.828125 0.221875 0.03125
13 0.04609375 0.8640625 0.08828125 0.0171875
13 0.04609375 0.88125 0.08828125 0.0171875
6 0.334375 0.7375 0.146875 0.09140625
13 0.334375 0.828125 0.221875 0.03125
13 0.27265625 0.8640625 0.09921875 0.0171875
13 0.27265625 0.88125 0.09921875 0.0171875
6 0.55546875 0.7375 0.146875 0.09140625
13 0.55546875 0.828125 0.221875 0.03203125
13 0.49453125 0.86484375 0.09921875 0.0171875
13 0.49453125 0.88203125 0.09921875 0.0171875
6 0.77734375 0.7375 0.146875 0.09140625
13 0.77734375 0.828125 0.221875 0.03125
13 0.71640625 0.8640625 0.09921875 0.0171875
13 0.71640625 0.88125 0.09921875 0.0171875
6 0.9625 0.73671875 0.075 0.0921875
13 0.94375 0.828125 0.1125 0.03125
13 0.93828125 0.8640625 0.09921875 0.0171875
13 0.93828125 0.88125 0.09921875 0.0171875
13 0.075 0.92890625 0.15 0.01953125
13 0.92734375 0.92890625 0.0921875 0.05
5 0.046875 0.059375 0.09296875 0.06640625
13 0.1734375 0.059375 0.08046875 0.025
13 0.8796875 0.059375 0.0796875 0.05
6 0.953125 0.059375 0.03984375 0.025
13 0.96015625 0.04296875 0.046875 0.0171875