6 0.5 0.20260416666666667 0.32666666666666666 0.153125
6 0.845 0.20260416666666667 0.31 0.153125
6 0.06 0.121875 0.06666666666666667 0.041666666666666664
6 0.46 0.2916666666666667 0.013333333333333334 0.008333333333333333
6 0.4866666666666667 0.2916666666666667 0.013333333333333334 0.008333333333333333
6 0.5133333333333333 0.2916666666666667 0.013333333333333334 0.008333333333333333
6 0.54 0.2916666666666667 0.013333333333333334 0.008333333333333333
13 0.5 0.3307291666666667 1 0.036458333333333336
13 0.09291666666666666 0.37552083333333336 0.1325 0.036458333333333336
13 0.09791666666666667 0.4140625 0.1425 0.023958333333333335
13 0.48 0.49609375 0.9066666666666666 0.033854166666666664
6 0.9533333333333334 0.49166666666666664 0.04 0.025
13 0.5 0.5609375 0.9466666666666667 0.09583333333333334
13 0.48 0.66015625 0.9066666666666666 0.033854166666666664
6 0.9533333333333334 0.6557291666666667 0.04 0.025
13 0.5 0.725 0.9466666666666667 0.09583333333333334
13 0.48 0.8244791666666667 0.9066666666666666 0.034375
6 0.9533333333333334 0.8197916666666667 0.04 0.025
13 0.5 0.8901041666666667 0.9466666666666667 0.096875
0 0.5 0.9166666666666666 0.21333333333333335 0.05
5 0.9466666666666667 0.9166666666666666 0.10666666666666667 0.06666666666666667
5 0.06 0.059375 0.09333333333333334 0.06666666666666667
13 0.3570833333333333 0.059375 0.4475 0.025
13 0.8666666666666667 0.059375 0.08 0.05
6 0.94 0.059375 0.04 0.025
13 0.9466666666666667 0.04296875 0.04666666666666667 0.0171875