6 0.5 0.20234375 0.3265625 0.153125
6 0.84453125 0.2015625 0.3109375 0.153125
6 0.06015625 0.121875 0.06640625 0.04140625
6 0.46015625 0.29140625 0.01328125 0.00859375
6 0.48671875 0.29140625 0.01328125 0.00859375
6 0.51328125 0.29140625 0.01328125 0.00859375
6 0.53984375 0.29140625 0.01328125 0.00859375
13 0.5 0.33046875 1 0.03671875
13 0.09296875 0.37578125 0.1328125 0.03671875
13 0.09765625 0.4140625 0.1421875 0.02421875
13 0.4796875 0.49609375 0.90703125 0.03359375
6 0.953125 0.49140625 0.03984375 0.025
13 0.5 0.5609375 0.946875 0.09609375
13 0.4796875 0.66015625 0.90703125 0.03359375
6 0.953125 0.65546875 0.03984375 0.025
13 0.5 0.725 0.946875 0.09609375
13 0.4796875 0.82421875 0.90703125 0.034375
6 0.953125 0.81953125 0.03984375 0.025
13 0.5 0.88984375 0.946875 0.096875
0 0.5 0.91640625 0.21328125 0.05
5 0.94609375 0.915625 0.1078125 0.065625
5 0.06015625 0.059375 0.09296875 0.06640625
13 0.35703125 0.059375 0.44765625 0.025
13 0.86640625 0.059375 0.0796875 0.05
6 0.93984375 0.059375 0.03984375 0.025
13 0.946875 0.04296875 0.046875 0.0171875