6 0.045 0.05520833333333333 0.09 0.058333333333333334
13 0.235 0.05390625 0.27666666666666667 0.025520833333333333
13 0.5 0.14505208333333333 1 0.1046875
5 0.07166666666666667 0.22708333333333333 0.043333333333333335 0.03125
5 0.9283333333333333 0.22708333333333333 0.043333333333333335 0.03125
13 0.5 0.3341145833333333 1 0.11822916666666666
5 0.31625 0.4192708333333333 0.2725 0.052083333333333336
13 0.31583333333333335 0.49895833333333334 0.14333333333333334 0.10416666666666667
13 0.4083333333333333 0.5184895833333333 0.025 0.03697916666666667
5 0.31625 0.5791666666666667 0.2725 0.052083333333333336
6 0.4995833333333333 0.49921875 0.09416666666666666 0.19427083333333334
5 0.6829166666666666 0.4192708333333333 0.2725 0.052083333333333336
13 0.6825 0.49895833333333334 0.14333333333333334 0.10416666666666667
13 0.7816666666666666 0.5184895833333333 0.03833333333333333 0.03697916666666667
5 0.6829166666666666 0.5791666666666667 0.2725 0.052083333333333336
13 0.48 0.74140625 0.76 0.0421875
1 0.88 0.7328125 0.04 0.025
13 0.5 0.8161458333333333 0.8 0.10729166666666666
0 0.5 0.8924479166666667 0.955 0.08697916666666666