6 0.060833333333333336 0.05520833333333333 0.08 0.05
13 0.24708333333333332 0.054947916666666666 0.2791666666666667 0.025520833333333333
13 0.38958333333333334 0.10390625 0.7525 0.022395833333333334
13 0.09125 0.12630208333333334 0.15583333333333332 0.022395833333333334
13 0.47333333333333333 0.16953125 0.92 0.025520833333333333
1 0.96 0.17083333333333334 0.05333333333333334 0.03333333333333333
13 0.24541666666666667 0.21536458333333333 0.49083333333333334 0.0390625
8 0.5 0.2515625 1 0.03333333333333333
8 0.5 0.28489583333333335 1 0.03333333333333333
13 0.5 0.32578125 1 0.0484375
0 0.7504166666666666 0.925 0.49916666666666665 0.05