13 0.379375 0.751171875 0.70875 0.08046875
13 0.246875 0.822265625 0.45625 0.02890625
13 0.49625 0.860546875 0.335 0.02421875
13 0.094375 0.1484375 0.15875 0.0265625
13 0.25375 0.219921875 0.4675 0.03515625
13 0.72125 0.12578125 0.5275 0.0234375
13 0.4975 0.10078125 0.43 0.0171875
13 0.215625 0.058984375 0.21125 0.02890625
6 0.493125 0.4765625 0.90875 0.4125
6 0.389375 0.91171875 0.68375 0.0609375
5 0.925 0.901953125 0.095 0.05390625
5 0.05875 0.05546875 0.0575 0.0296875
5 0.6925 0.055078125 0.0475 0.02734375
5 0.865625 0.05546875 0.05125 0.0359375
0 0.929375 0.7515625 0.11375 0.0703125