6 0.44921875 0.103125 0.37109375 0.11796875
6 0.07578125 0.3203125 0.11640625 0.08359375
6 0.0734375 0.484375 0.12265625 0.0953125
6 0.0765625 0.646875 0.1359375 0.08046875
6 0.078125 0.7625 0.10859375 0.0625
0 0.90625 0.31484375 0.1703125 0.05
0 0.909375 0.478125 0.1609375 0.053125
0 0.9109375 0.6390625 0.16015625 0.05078125
0 0.9109375 0.7484375 0.15859375 0.04609375
13 0.5015625 0.2421875 0.2890625 0.0265625
13 0.39609375 0.3203125 0.51015625 0.05234375
13 0.5140625 0.4015625 0.24609375 0.0375
13 0.4640625 0.49140625 0.61875 0.0671875
13 0.45234375 0.6484375 0.5953125 0.05859375
13 0.328125 0.753125 0.35390625 0.05
13 0.8484375 0.0578125 0.1125 0.02109375
5 0.95 0.0609375 0.025 0.02265625