5 0.06 0.059375 0.09333333333333334 0.06666666666666667
13 0.26958333333333334 0.059375 0.2725 0.028125
6 0.9533333333333334 0.059375 0.06666666666666667 0.05
13 0.11166666666666666 0.15520833333333334 0.05333333333333334 0.03333333333333333
13 0.43916666666666665 0.15260416666666668 0.5483333333333333 0.028125
13 0.31958333333333333 0.21119791666666668 0.2425 0.022395833333333334
6 0.21833333333333332 0.24322916666666666 0.04 0.025
13 0.29625 0.24296875 0.08916666666666667 0.022395833333333334
0 0.2520833333333333 0.3140625 0.17416666666666666 0.05
0 0.495 0.3140625 0.31166666666666665 0.05
13 0.11166666666666666 0.42239583333333336 0.05333333333333334 0.03333333333333333
13 0.4058333333333333 0.4197916666666667 0.4816666666666667 0.028125
13 0.11166666666666666 0.5338541666666666 0.05333333333333334 0.03333333333333333
13 0.4354166666666667 0.53125 0.5408333333333334 0.028125
13 0.11166666666666666 0.6453125 0.05333333333333334 0.03333333333333333
13 0.41333333333333333 0.6427083333333333 0.49666666666666665 0.028125
13 0.3304166666666667 0.6859375 0.3175 0.025