5 0.06015625 0.059375 0.09296875 0.06640625
13 0.26953125 0.059375 0.27265625 0.028125
6 0.953125 0.059375 0.06640625 0.05
13 0.11171875 0.15546875 0.053125 0.03359375
13 0.4390625 0.15234375 0.5484375 0.028125
13 0.31953125 0.2109375 0.2421875 0.02265625
6 0.21796875 0.24296875 0.03984375 0.025
13 0.29609375 0.24296875 0.0890625 0.02265625
0 0.25234375 0.3140625 0.17421875 0.05
0 0.4953125 0.3140625 0.31171875 0.05
13 0.11171875 0.42265625 0.053125 0.03359375
13 0.40546875 0.41953125 0.48203125 0.028125
13 0.11171875 0.53359375 0.053125 0.03359375
13 0.43515625 0.53125 0.540625 0.028125
13 0.11171875 0.6453125 0.053125 0.03359375
13 0.41328125 0.64296875 0.496875 0.028125
13 0.33046875 0.6859375 0.3171875 0.025