6 0.013333333333333334 0.05520833333333333 0.02666666666666667 0.016666666666666666
6 0.044583333333333336 0.05546875 0.0475 0.0296875
13 0.12375 0.054947916666666666 0.0975 0.025520833333333333
5 0.9466666666666667 0.05520833333333333 0.10666666666666667 0.058333333333333334
6 0.23333333333333334 0.2921875 0.4 0.37395833333333334
5 0.23333333333333334 0.2921875 0.12666666666666668 0.07916666666666666
0 0.23333333333333334 0.5229166666666667 0.4 0.04583333333333333
0 0.23333333333333334 0.5739583333333333 0.4 0.04583333333333333
13 0.5579166666666666 0.12057291666666667 0.1825 0.030729166666666665
13 0.5316666666666666 0.16927083333333334 0.13 0.025
13 0.5579166666666666 0.19427083333333334 0.1825 0.025
13 0.565 0.24791666666666667 0.19666666666666666 0.019791666666666666
13 0.7166666666666667 0.31666666666666665 0.5 0.090625
13 0.5270833333333333 0.41354166666666664 0.12083333333333333 0.019791666666666666
13 0.585 0.44947916666666665 0.23666666666666666 0.025
13 0.7166666666666667 0.49635416666666665 0.5 0.06875
13 0.7166666666666667 0.6130208333333333 0.5 0.1125
6 0.7166666666666667 0.08958333333333333 0.5 0.010416666666666666
6 0.7166666666666667 0.6635416666666667 0.5 0.010416666666666666
2 0.5 0.7388020833333333 0.9666666666666667 0.04635416666666667