6 0.01328125 0.05546875 0.0265625 0.01640625
6 0.04453125 0.05546875 0.04765625 0.0296875
13 0.1234375 0.0546875 0.09765625 0.02578125
5 0.94609375 0.0546875 0.1078125 0.059375
6 0.23359375 0.2921875 0.4 0.37421875
5 0.23359375 0.2921875 0.1265625 0.07890625
0 0.23359375 0.52265625 0.4 0.04609375
0 0.23359375 0.57421875 0.4 0.04609375
13 0.5578125 0.1203125 0.1828125 0.03046875
13 0.53203125 0.16953125 0.1296875 0.025
13 0.5578125 0.19453125 0.1828125 0.025
13 0.56484375 0.24765625 0.196875 0.01953125
13 0.71640625 0.31640625 0.5 0.090625
13 0.52734375 0.41328125 0.12109375 0.01953125
13 0.58515625 0.44921875 0.23671875 0.025
13 0.71640625 0.49609375 0.5 0.06875
13 0.71640625 0.61328125 0.5 0.1125
6 0.71640625 0.08984375 0.5 0.01015625
6 0.71640625 0.66328125 0.5 0.01015625
2 0.5 0.7390625 0.96640625 0.04609375