6 0.013333333333333334 0.05520833333333333 0.02666666666666667 0.016666666666666666
6 0.044583333333333336 0.05546875 0.0475 0.0296875
13 0.15416666666666667 0.054947916666666666 0.15833333333333333 0.025520833333333333
5 0.9466666666666667 0.05520833333333333 0.10666666666666667 0.058333333333333334
13 0.12333333333333334 0.12057291666666667 0.18 0.030729166666666665
6 0.05 0.14609375 0.03333333333333333 0.0203125
6 0.08333333333333333 0.14609375 0.03333333333333333 0.0203125
6 0.11666666666666667 0.14609375 0.03333333333333333 0.0203125
6 0.15 0.14609375 0.03333333333333333 0.0203125
6 0.18333333333333332 0.14609375 0.03333333333333333 0.0203125
13 0.17375 0.16875 0.2808333333333333 0.025
13 0.12458333333333334 0.19375 0.1825 0.025
13 0.13416666666666666 0.21875 0.20166666666666666 0.025
13 0.12541666666666668 0.24375 0.18416666666666667 0.025
13 0.14583333333333334 0.26875 0.225 0.025
0 0.18333333333333332 0.3302083333333333 0.3 0.04583333333333333
0 0.8166666666666667 0.3302083333333333 0.3 0.04583333333333333
13 0.5 0.3890625 0.9333333333333333 0.019791666666666666
13 0.5 0.425 0.9333333333333333 0.025
13 0.5 0.4828125 0.9333333333333333 0.090625
13 0.5 0.540625 0.9333333333333333 0.025
13 0.5 0.565625 0.9333333333333333 0.025
13 0.5 0.6494791666666667 0.9333333333333333 0.090625
2 0.5 0.7388020833333333 0.9666666666666667 0.04635416666666667
13 0.46375 0.78828125 0.8608333333333333 0.025520833333333333
7 0.2 0.8125 0.3333333333333333 0.0020833333333333333
5 0.9395833333333333 0.7942708333333334 0.05416666666666667 0.021875
13 0.46375 0.8502604166666666 0.8608333333333333 0.025520833333333333
7 0.2 0.8744791666666667 0.3333333333333333 0.0020833333333333333
5 0.9395833333333333 0.85625 0.05416666666666667 0.021875
13 0.46375 0.9122395833333333 0.8608333333333333 0.025520833333333333
7 0.2 0.9364583333333333 0.3333333333333333 0.0020833333333333333
5 0.9395833333333333 0.9182291666666667 0.05416666666666667 0.021875