5 0.06015625 0.05546875 0.09296875 0.05859375
6 0.27734375 0.05546875 0.28828125 0.03203125
13 0.58203125 0.05546875 0.21328125 0.01796875
13 0.8640625 0.05546875 0.24453125 0.01796875
13 0.08984375 0.11015625 0.12578125 0.01875
13 0.3296875 0.11015625 0.35390625 0.01875
13 0.2390625 0.1765625 0.4515625 0.03984375
13 0.49921875 0.17421875 0.04140625 0.0140625
13 0.23671875 0.2515625 0.44765625 0.03984375
13 0.496875 0.25 0.04609375 0.0140625
13 0.234375 0.32734375 0.4421875 0.03984375
13 0.49453125 0.325 0.05078125 0.0140625
13 0.2328125 0.403125 0.43828125 0.03984375
13 0.4921875 0.40078125 0.0546875 0.0140625
13 0.26640625 0.46328125 0.50703125 0.01640625
13 0.2328125 0.49453125 0.43828125 0.03984375
13 0.4921875 0.4921875 0.0546875 0.0140625
13 0.2328125 0.5703125 0.4390625 0.040625
13 0.49296875 0.56796875 0.05390625 0.0140625
6 0.7671875 0.27109375 0.46484375 0.37421875
13 0.7875 0.4828125 0.425 0.02734375
13 0.7875 0.528125 0.425 0.0328125
13 0.7875 0.56640625 0.425 0.04375