5 0.06 0.05520833333333333 0.09333333333333334 0.058333333333333334
6 0.2775 0.05520833333333333 0.28833333333333333 0.03229166666666667
13 0.5816666666666667 0.05520833333333333 0.21333333333333335 0.017708333333333333
13 0.86375 0.05520833333333333 0.24416666666666667 0.017708333333333333
13 0.08958333333333333 0.11041666666666666 0.12583333333333332 0.01875
13 0.32958333333333334 0.11041666666666666 0.3541666666666667 0.01875
13 0.23916666666666667 0.17630208333333333 0.45166666666666666 0.04010416666666667
13 0.49916666666666665 0.17421875 0.041666666666666664 0.0140625
13 0.23708333333333334 0.2518229166666667 0.4475 0.04010416666666667
13 0.4970833333333333 0.24973958333333332 0.04583333333333333 0.0140625
13 0.23458333333333334 0.32734375 0.4425 0.04010416666666667
13 0.4945833333333333 0.32526041666666666 0.050833333333333335 0.0140625
13 0.2325 0.40286458333333336 0.43833333333333335 0.04010416666666667
13 0.4925 0.40078125 0.055 0.0140625
13 0.26666666666666666 0.46328125 0.5066666666666667 0.016145833333333335
13 0.2325 0.49453125 0.43833333333333335 0.04010416666666667
13 0.4925 0.49244791666666665 0.055 0.0140625
13 0.23291666666666666 0.5703125 0.43916666666666665 0.040625
13 0.49291666666666667 0.56796875 0.05416666666666667 0.0140625
6 0.7675 0.2713541666666667 0.465 0.37395833333333334
13 0.7875 0.4825520833333333 0.425 0.027604166666666666
13 0.7875 0.5283854166666667 0.425 0.0328125
13 0.7875 0.5666666666666667 0.425 0.04375