5 0.06015625 0.059375 0.09296875 0.06640625
6 0.26484375 0.059375 0.26328125 0.01796875
6 0.94296875 0.059375 0.053125 0.03359375
6 0.5 0.19921875 1 0.1375
13 0.5 0.30390625 1 0.02265625
13 0.5 0.33828125 1 0.0203125
0 0.26015625 0.3984375 0.46640625 0.05
0 0.73984375 0.3984375 0.46640625 0.05
13 0.1859375 0.46640625 0.371875 0.0203125
13 0.203125 0.49140625 0.40546875 0.01796875
0 0.18984375 0.53828125 0.32578125 0.05
13 0.1796875 0.6125 0.30546875 0.02109375
13 0.19921875 0.6421875 0.3453125 0.0390625
13 0.1125 0.67265625 0.171875 0.01328125
6 0.6859375 0.6421875 0.575 0.0578125
13 0.4015625 0.7265625 0.18828125 0.0203125
13 0.59375 0.72734375 0.19609375 0.02109375