11 0.0890625 0.04921875 0.125 0.046875
13 0.07578125 0.04921875 0.0984375 0.046875
5 0.18359375 0.04921875 0.03984375 0.025
11 0.28125 0.04921875 0.1328125 0.046875
13 0.26796875 0.04921875 0.10546875 0.046875
13 0.946875 0.04921875 0.0796875 0.046875
13 0.1234375 0.09609375 0.18046875 0.046875
13 0.2984375 0.09609375 0.16953125 0.046875
13 0.47578125 0.09609375 0.18515625 0.046875
13 0.65859375 0.09609375 0.1796875 0.046875
13 0.87421875 0.09609375 0.2515625 0.046875
3 0.48828125 0.2078125 0.91015625 0.13515625
13 0.5 0.31171875 0.93359375 0.03203125
13 0.5 0.34140625 0.93359375 0.0171875
5 0.08359375 0.54921875 0.08359375 0.05625
13 0.18671875 0.54921875 0.1234375 0.03828125
5 0.08359375 0.60546875 0.08359375 0.05625
13 0.22578125 0.60546875 0.2015625 0.03828125
5 0.08359375 0.66171875 0.08359375 0.05625
13 0.1890625 0.66171875 0.128125 0.03828125
5 0.08359375 0.71796875 0.08359375 0.05625
13 0.16875 0.71796875 0.0875 0.03828125
5 0.08359375 0.77421875 0.08359375 0.05625
13 0.18515625 0.77421875 0.12109375 0.03828125
5 0.08359375 0.83046875 0.08359375 0.05625
13 0.17421875 0.83046875 0.09921875 0.03828125
5 0.08359375 0.89375 0.1 0.07109375
6 0.08359375 0.89375 0.05703125 0.03515625