5 0.06 0.059375 0.09333333333333334 0.06666666666666667
13 0.5 0.059375 0.18833333333333332 0.021875
13 0.8666666666666667 0.059375 0.08 0.05
13 0.9466666666666667 0.059375 0.08 0.05
0 0.5616666666666666 0.26875 0.25666666666666665 0.041666666666666664
3 0.25416666666666665 0.2671875 0.21833333333333332 0.03854166666666667
8 0.11833333333333333 0.5583333333333333 0.016666666666666666 0.010416666666666666
8 0.11833333333333333 0.6020833333333333 0.016666666666666666 0.010416666666666666
3 0.25416666666666665 0.4984375 0.21833333333333332 0.036458333333333336
13 0.12375 0.9213541666666667 0.2475 0.057291666666666664
13 0.3720833333333333 0.9213541666666667 0.24916666666666668 0.057291666666666664
13 0.6254166666666666 0.9213541666666667 0.2575 0.057291666666666664
13 0.8770833333333333 0.9213541666666667 0.24583333333333332 0.057291666666666664