5 0.06015625 0.059375 0.09296875 0.06640625
13 0.5 0.059375 0.18828125 0.021875
13 0.86640625 0.059375 0.0796875 0.05
13 0.946875 0.059375 0.0796875 0.05
0 0.56171875 0.26875 0.25703125 0.04140625
3 0.25390625 0.2671875 0.21796875 0.03828125
8 0.11796875 0.55859375 0.01640625 0.01015625
8 0.11796875 0.60234375 0.01640625 0.01015625
3 0.25390625 0.4984375 0.21796875 0.03671875
13 0.1234375 0.9203125 0.246875 0.05625
13 0.371875 0.92109375 0.24921875 0.05703125
13 0.62578125 0.92109375 0.2578125 0.05703125
13 0.8765625 0.9203125 0.246875 0.05625