13 0.35 0.05078125 0.11015625 0.03515625
13 0.65078125 0.05078125 0.08671875 0.03515625
13 0.5 0.14765625 0.946875 0.01875
13 0.0640625 0.175 0.07421875 0.01875
3 0.5 0.203125 0.946875 0.0375
13 0.128125 0.25 0.20234375 0.01875
3 0.5 0.278125 0.946875 0.0375
0 0.5 0.33828125 0.946875 0.05
13 0.5 0.38046875 0.453125 0.0171875
13 0.34765625 0.4015625 0.0359375 0.0171875
13 0.42734375 0.4015625 0.12265625 0.0171875
13 0.5109375 0.4015625 0.0453125 0.0171875
13 0.5984375 0.4015625 0.1296875 0.0171875
13 0.66640625 0.4015625 0.00546875 0.0171875