5 0.06 0.0546875 0.09333333333333334 0.057291666666666664
13 0.18875 0.054427083333333334 0.15083333333333335 0.0234375
13 0.47333333333333333 0.09713541666666667 0.8933333333333333 0.027604166666666666
1 0.9466666666666667 0.09739583333333333 0.05333333333333334 0.03333333333333333
13 0.47333333333333333 0.14817708333333332 0.8933333333333333 0.027604166666666666
1 0.9466666666666667 0.1484375 0.05333333333333334 0.03333333333333333
13 0.47333333333333333 0.19921875 0.8933333333333333 0.027604166666666666
1 0.9466666666666667 0.19947916666666668 0.05333333333333334 0.03333333333333333
13 0.47333333333333333 0.25026041666666665 0.8933333333333333 0.027604166666666666
1 0.9466666666666667 0.25052083333333336 0.05333333333333334 0.03333333333333333
13 0.47333333333333333 0.30130208333333336 0.8933333333333333 0.030729166666666665
1 0.9466666666666667 0.3015625 0.05333333333333334 0.03333333333333333
13 0.47333333333333333 0.35234375 0.8933333333333333 0.027604166666666666
1 0.9466666666666667 0.35260416666666666 0.05333333333333334 0.03333333333333333
13 0.47333333333333333 0.40338541666666666 0.8933333333333333 0.030729166666666665
1 0.9466666666666667 0.4036458333333333 0.05333333333333334 0.03333333333333333
13 0.48833333333333334 0.4473958333333333 0.9233333333333333 0.01875
13 0.48833333333333334 0.4705729166666667 0.9233333333333333 0.027604166666666666
13 0.48833333333333334 0.515625 0.9233333333333333 0.01875
13 0.48833333333333334 0.5388020833333333 0.9233333333333333 0.027604166666666666
13 0.47333333333333333 0.5908854166666667 0.8933333333333333 0.027604166666666666
8 0.9466666666666667 0.5911458333333334 0.05333333333333334 0.03333333333333333
13 0.47333333333333333 0.6419270833333334 0.8933333333333333 0.027604166666666666
8 0.9466666666666667 0.6421875 0.05333333333333334 0.03333333333333333
13 0.47333333333333333 0.69296875 0.8933333333333333 0.027604166666666666
8 0.9466666666666667 0.6932291666666667 0.05333333333333334 0.03333333333333333
13 0.47333333333333333 0.7440104166666667 0.8933333333333333 0.027604166666666666
8 0.9466666666666667 0.7442708333333333 0.05333333333333334 0.03333333333333333
13 0.47333333333333333 0.7924479166666667 0.8933333333333333 0.027604166666666666
13 0.47333333333333333 0.8200520833333333 0.8933333333333333 0.027604166666666666
8 0.9466666666666667 0.80625 0.05333333333333334 0.03333333333333333
13 0.47333333333333333 0.8653645833333333 0.8933333333333333 0.027604166666666666
8 0.9466666666666667 0.8791666666666667 0.05333333333333334 0.03333333333333333
0 0.5 0.9083333333333333 0.9466666666666667 0.05
3 0.4116666666666667 0.109375 0.77 0.041666666666666664
6 0.83 0.109375 0.03333333333333333 0.020833333333333332
13 0.9133333333333333 0.10911458333333333 0.12 0.027604166666666666
13 0.46875 0.14036458333333332 0.8841666666666667 0.0203125
13 0.9420833333333334 0.14036458333333332 0.0625 0.027604166666666666
13 0.18375 0.17213541666666668 0.31416666666666665 0.027604166666666666
13 0.46875 0.23098958333333333 0.8841666666666667 0.0203125
13 0.9420833333333334 0.23098958333333333 0.0625 0.027604166666666666
13 0.21375 0.26276041666666666 0.37416666666666665 0.027604166666666666
13 0.46875 0.3216145833333333 0.8841666666666667 0.0203125
13 0.9420833333333334 0.3216145833333333 0.0625 0.027604166666666666
13 0.235 0.3533854166666667 0.4166666666666667 0.027604166666666666
13 0.46875 0.4122395833333333 0.8841666666666667 0.0203125
13 0.9420833333333334 0.4122395833333333 0.0625 0.027604166666666666
13 0.30625 0.4440104166666667 0.5591666666666667 0.027604166666666666
13 0.46875 0.5028645833333333 0.8841666666666667 0.0203125
13 0.9420833333333334 0.5028645833333333 0.0625 0.027604166666666666
13 0.26166666666666666 0.5346354166666667 0.47 0.027604166666666666
13 0.46875 0.5934895833333333 0.8841666666666667 0.0203125
13 0.9420833333333334 0.5934895833333333 0.0625 0.027604166666666666
13 0.285 0.6252604166666667 0.5166666666666667 0.027604166666666666
13 0.5 0.6669270833333333 1 0.0265625
13 0.4683333333333333 0.70859375 0.8833333333333333 0.0203125
13 0.9416666666666667 0.70859375 0.06333333333333334 0.027604166666666666
13 0.37 0.7403645833333333 0.6866666666666666 0.027604166666666666
13 0.4683333333333333 0.79921875 0.8833333333333333 0.0203125
13 0.9416666666666667 0.79921875 0.06333333333333334 0.027604166666666666
13 0.48833333333333334 0.8309895833333333 0.9233333333333333 0.027604166666666666
13 0.4683333333333333 0.88984375 0.8833333333333333 0.0203125
13 0.9416666666666667 0.88984375 0.06333333333333334 0.027604166666666666
13 0.3441666666666667 0.9216145833333333 0.635 0.027604166666666666
13 0.5 0.14973958333333334 1 0.0265625