5 0.06015625 0.0546875 0.09296875 0.05703125
13 0.1890625 0.0546875 0.15078125 0.0234375
13 0.4734375 0.096875 0.89296875 0.02734375
1 0.946875 0.09765625 0.053125 0.03359375
13 0.4734375 0.1484375 0.89296875 0.02734375
1 0.946875 0.1484375 0.053125 0.03359375
13 0.4734375 0.19921875 0.89296875 0.02734375
1 0.946875 0.19921875 0.053125 0.03359375
13 0.4734375 0.25 0.89296875 0.02734375
1 0.946875 0.25078125 0.053125 0.03359375
13 0.4734375 0.3015625 0.89296875 0.03046875
1 0.946875 0.3015625 0.053125 0.03359375
13 0.4734375 0.35234375 0.89296875 0.02734375
1 0.946875 0.35234375 0.053125 0.03359375
13 0.4734375 0.403125 0.89296875 0.03046875
1 0.946875 0.40390625 0.053125 0.03359375
13 0.48828125 0.44765625 0.9234375 0.01875
13 0.48828125 0.4703125 0.9234375 0.02734375
13 0.48828125 0.515625 0.9234375 0.01875
13 0.48828125 0.5390625 0.9234375 0.02734375
13 0.4734375 0.590625 0.89296875 0.02734375
8 0.946875 0.59140625 0.053125 0.03359375
13 0.4734375 0.6421875 0.89296875 0.02734375
8 0.946875 0.6421875 0.053125 0.03359375
13 0.4734375 0.69296875 0.89296875 0.02734375
8 0.946875 0.69296875 0.053125 0.03359375
13 0.4734375 0.74375 0.89296875 0.02734375
8 0.946875 0.74453125 0.053125 0.03359375
13 0.4734375 0.7921875 0.89296875 0.02734375
13 0.4734375 0.8203125 0.89296875 0.02734375
8 0.946875 0.80625 0.053125 0.03359375
13 0.4734375 0.865625 0.89296875 0.02734375
8 0.946875 0.87890625 0.053125 0.03359375
0 0.5 0.90859375 0.946875 0.05
3 0.41171875 0.109375 0.7703125 0.04140625
6 0.8296875 0.109375 0.03359375 0.02109375
13 0.91328125 0.109375 0.1203125 0.02734375
13 0.46875 0.140625 0.884375 0.0203125
13 0.9421875 0.140625 0.0625 0.02734375
13 0.18359375 0.171875 0.3140625 0.02734375
13 0.46875 0.23125 0.884375 0.0203125
13 0.9421875 0.23125 0.0625 0.02734375
13 0.2140625 0.2625 0.37421875 0.02734375
13 0.46875 0.321875 0.884375 0.0203125
13 0.9421875 0.321875 0.0625 0.02734375
13 0.23515625 0.353125 0.41640625 0.02734375
13 0.46875 0.4125 0.884375 0.0203125
13 0.9421875 0.4125 0.0625 0.02734375
13 0.30625 0.44375 0.559375 0.02734375
13 0.46875 0.503125 0.884375 0.0203125
13 0.9421875 0.503125 0.0625 0.02734375
13 0.26171875 0.534375 0.4703125 0.02734375
13 0.46875 0.59375 0.884375 0.0203125
13 0.9421875 0.59375 0.0625 0.02734375
13 0.28515625 0.625 0.51640625 0.02734375
13 0.5 0.6671875 1 0.0265625
13 0.46796875 0.70859375 0.88359375 0.0203125
13 0.94140625 0.70859375 0.06328125 0.02734375
13 0.3703125 0.740625 0.68671875 0.02734375
13 0.46796875 0.79921875 0.88359375 0.0203125
13 0.94140625 0.79921875 0.06328125 0.02734375
13 0.48828125 0.83125 0.9234375 0.02734375
13 0.46796875 0.88984375 0.88359375 0.0203125
13 0.94140625 0.88984375 0.06328125 0.02734375
13 0.34453125 0.921875 0.63515625 0.02734375
13 0.5 0.15 1 0.0265625