13 0.10546875 0.2359375 0.15859375 0.0171875
6 0.06015625 0.28984375 0.06640625 0.04140625
13 0.06015625 0.28984375 0.06484375 0.02421875
13 0.1796875 0.2875 0.1203125 0.01953125
13 0.921875 0.28984375 0.10234375 0.02890625
13 0.09140625 0.34296875 0.12890625 0.0171875
6 0.06015625 0.396875 0.06640625 0.04140625
13 0.2453125 0.396875 0.25 0.02265625
13 0.846875 0.396875 0.06640625 0.02265625
13 0.8984375 0.39921875 0.0296875 0.0171875
1 0.96640625 0.396875 0.06640625 0.06640625
6 0.06015625 0.46328125 0.06640625 0.04140625
13 0.16640625 0.4625 0.09296875 0.02265625
13 0.85390625 0.4625 0.0515625 0.02265625
13 0.8984375 0.465625 0.0296875 0.0171875
1 0.96640625 0.46328125 0.06640625 0.06640625
6 0.06015625 0.52890625 0.06640625 0.04140625
13 0.1765625 0.52890625 0.1125 0.02265625
13 0.85390625 0.52890625 0.0515625 0.02265625
13 0.8984375 0.53125 0.0296875 0.0171875
1 0.96640625 0.52890625 0.06640625 0.06640625
6 0.06015625 0.5953125 0.06640625 0.04140625
13 0.178125 0.5953125 0.11640625 0.02265625
13 0.85390625 0.5953125 0.0515625 0.02265625
13 0.8984375 0.59765625 0.0296875 0.0171875
1 0.96640625 0.5953125 0.06640625 0.06640625
6 0.06015625 0.66171875 0.06640625 0.04140625
13 0.16640625 0.6609375 0.09296875 0.02265625
13 0.85390625 0.6609375 0.0515625 0.02265625
13 0.8984375 0.6640625 0.0296875 0.0171875
1 0.96640625 0.66171875 0.06640625 0.06640625
6 0.06015625 0.72734375 0.06640625 0.04140625
13 0.2265625 0.72734375 0.2125 0.02265625
13 0.85390625 0.72734375 0.0515625 0.02265625
13 0.8984375 0.7296875 0.0296875 0.0171875
1 0.96640625 0.72734375 0.06640625 0.06640625
6 0.06015625 0.79375 0.06640625 0.04140625
13 0.271875 0.79375 0.303125 0.02265625
13 0.85390625 0.79375 0.0515625 0.02265625
13 0.8984375 0.79609375 0.0296875 0.0171875
1 0.96640625 0.79375 0.06640625 0.06640625
6 0.06015625 0.86015625 0.06640625 0.04140625
13 0.16953125 0.859375 0.09921875 0.02265625
13 0.85390625 0.859375 0.0515625 0.02265625
13 0.8984375 0.8625 0.0296875 0.0171875
1 0.96640625 0.86015625 0.06640625 0.06640625
6 0.06015625 0.92578125 0.06640625 0.04140625
13 0.1875 0.92578125 0.13515625 0.02265625
13 0.86171875 0.92578125 0.03671875 0.02265625
13 0.8984375 0.928125 0.0296875 0.0171875
1 0.96640625 0.92578125 0.06640625 0.06640625
13 0.14765625 0.16328125 0.24140625 0.07265625
13 0.31015625 0.15 0.05 0.02421875
13 0.39453125 0.1796875 0.21953125 0.01953125
13 0.51328125 0.20390625 0.9734375 0.01484375
6 0.5 0.8875 0.13359375 0.08359375
6 0.034375 0.05078125 0.015625 0.0171875
13 0.19765625 0.05078125 0.20859375 0.05
6 0.87890625 0.05078125 0.0390625 0.0171875
6 0.95703125 0.05078125 0.03359375 0.02109375
13 0.24921875 0.09375 0.09921875 0.02265625
13 0.75 0.09375 0.11171875 0.02265625
13 0.8265625 0.09375 0.02734375 0.01953125