13 0.5 0.15625 0.78671875 0.07734375
13 0.5 0.22265625 0.78671875 0.0265625
13 0.5 0.24609375 0.78671875 0.01953125
13 0.5 0.29140625 0.78671875 0.0421875
13 0.1984375 0.3515625 0.18359375 0.02578125
13 0.4703125 0.3515625 0.36015625 0.03046875
13 0.8015625 0.3515625 0.18359375 0.02578125
13 0.1984375 0.43046875 0.18359375 0.02578125
13 0.371875 0.43046875 0.16328125 0.03046875
13 0.8015625 0.43046875 0.18359375 0.02578125
13 0.1984375 0.51015625 0.18359375 0.02578125
13 0.48828125 0.509375 0.396875 0.03046875
13 0.8015625 0.51015625 0.18359375 0.02578125
13 0.1984375 0.5890625 0.18359375 0.02578125
13 0.47265625 0.5890625 0.365625 0.03046875
13 0.8015625 0.5890625 0.18359375 0.02578125
13 0.1984375 0.66796875 0.18359375 0.02578125
13 0.428125 0.66796875 0.2765625 0.03046875
13 0.8015625 0.66796875 0.18359375 0.02578125
13 0.1984375 0.74765625 0.18359375 0.02578125
13 0.478125 0.746875 0.37578125 0.03046875
13 0.8015625 0.74765625 0.18359375 0.02578125
13 0.1984375 0.8265625 0.18359375 0.02578125
13 0.5 0.8265625 0.4203125 0.05625
13 0.8015625 0.8265625 0.18359375 0.02578125
13 0.1984375 0.90546875 0.18359375 0.02578125
13 0.5 0.90546875 0.4203125 0.05625
13 0.8015625 0.90546875 0.18359375 0.02578125
6 0.5 0.48828125 1 0.92421875
6 0.0375 0.06015625 0.05859375 0.06796875
13 0.184375 0.06015625 0.21953125 0.04296875
6 0.7375 0.06015625 0.05859375 0.06796875
6 0.8125 0.06015625 0.05859375 0.06796875
6 0.8875 0.06015625 0.05859375 0.06796875
6 0.9625 0.06015625 0.05859375 0.06796875