5 0.06015625 0.059375 0.09296875 0.06640625
13 0.22421875 0.059375 0.1828125 0.028125
6 0.9375 0.059375 0.0984375 0.06171875
6 0.5 0.21015625 1 0.234375
13 0.5 0.34453125 0.75703125 0.03359375
13 0.5 0.3875 0.81015625 0.05234375
13 0.5 0.48828125 0.86328125 0.0625
13 0.15234375 0.55078125 0.16796875 0.0625
6 0.76953125 0.55 0.02578125 0.01640625
6 0.7984375 0.55 0.02578125 0.01640625
6 0.828125 0.55 0.0265625 0.01640625
6 0.85859375 0.55 0.0265625 0.01640625
6 0.88828125 0.55 0.0265625 0.01484375