13 0.5 0.13463541666666667 0.26 0.033854166666666664
3 0.5 0.21171875 0.8666666666666667 0.04739583333333333
3 0.5 0.27057291666666666 0.8666666666666667 0.04739583333333333
5 0.9066666666666666 0.2703125 0.05333333333333334 0.046875
0 0.5 0.34270833333333334 0.8666666666666667 0.04479166666666667
13 0.5 0.3966145833333333 0.3333333333333333 0.0421875
13 0.4995833333333333 0.46510416666666665 0.2175 0.028125
6 0.17 0.5291666666666667 0.22 0.05
6 0.39 0.5291666666666667 0.22 0.05
6 0.61 0.5291666666666667 0.22 0.05
6 0.83 0.5291666666666667 0.22 0.05
6 0.04666666666666667 0.05520833333333333 0.09333333333333334 0.058333333333333334