0 0.50125 0.5802083333333333 0.36916666666666664 0.057291666666666664
13 0.39375 0.3497395833333333 0.13083333333333333 0.027604166666666666
13 0.5058333333333334 0.42421875 0.325 0.0296875
13 0.6858333333333333 0.7481770833333333 0.575 0.13177083333333334
13 0.5525 0.22682291666666668 0.32666666666666666 0.12239583333333333
13 0.485 0.12161458333333333 0.185 0.0265625
9 0.48333333333333334 0.14921875 0.18166666666666667 0.0203125
6 0.16458333333333333 0.25677083333333334 0.2775 0.30520833333333336
0 0.16125 0.46145833333333336 0.28583333333333333 0.057291666666666664
5 0.9466666666666667 0.05651041666666667 0.06333333333333334 0.0296875
13 0.13625 0.05546875 0.10583333333333333 0.025520833333333333