6 0.10458333333333333 0.1265625 0.12083333333333333 0.059375
13 0.10666666666666667 0.17890625 0.10166666666666667 0.0171875
13 0.4191666666666667 0.17682291666666666 0.155 0.022395833333333334
13 0.7370833333333333 0.17786458333333333 0.14416666666666667 0.028645833333333332
13 0.7466666666666667 0.79765625 0.08833333333333333 0.016145833333333335
13 0.8954166666666666 0.80390625 0.11083333333333334 0.0171875
3 0.5029166666666667 0.05625 0.9541666666666667 0.051041666666666666
6 0.7366666666666667 0.7536458333333333 0.09166666666666666 0.051041666666666666
6 0.9004166666666666 0.7513020833333334 0.11083333333333334 0.0671875
6 0.37041666666666667 0.8979166666666667 0.1075 0.059375
6 0.635 0.8989583333333333 0.10333333333333333 0.059375
6 0.57625 0.13359375 0.11916666666666667 0.0671875
6 0.4058333333333333 0.12447916666666667 0.09333333333333334 0.04895833333333333
6 0.2529166666666667 0.13125 0.11416666666666667 0.05416666666666667
6 0.8970833333333333 0.13359375 0.11083333333333334 0.0671875