6 0.1046875 0.1265625 0.12109375 0.059375
13 0.10703125 0.17890625 0.1015625 0.0171875
13 0.41953125 0.1765625 0.1546875 0.02265625
13 0.73671875 0.178125 0.14453125 0.02890625
13 0.746875 0.79765625 0.08828125 0.01640625
13 0.8953125 0.80390625 0.1109375 0.0171875
3 0.503125 0.05625 0.95390625 0.05078125
6 0.73671875 0.75390625 0.09140625 0.05078125
6 0.90078125 0.7515625 0.1109375 0.0671875
6 0.3703125 0.89765625 0.1078125 0.059375
6 0.63515625 0.89921875 0.103125 0.059375
6 0.5765625 0.13359375 0.11953125 0.0671875
6 0.40546875 0.12421875 0.09296875 0.04921875
6 0.253125 0.13125 0.1140625 0.05390625
6 0.896875 0.13359375 0.1109375 0.0671875