5 0.04583333333333333 0.053125 0.09166666666666666 0.04895833333333333
13 0.5 0.053125 0.135 0.028125
6 0.9441666666666667 0.053125 0.055 0.034375
0 0.25 0.10520833333333333 0.48333333333333334 0.04375
0 0.75 0.10520833333333333 0.48333333333333334 0.04375
13 0.3954166666666667 0.16588541666666667 0.7575 0.025520833333333333
13 0.84375 0.16302083333333334 0.10583333333333333 0.019791666666666666
6 0.9483333333333334 0.1625 0.07 0.03958333333333333
13 0.40458333333333335 0.22630208333333332 0.7758333333333334 0.025520833333333333
13 0.9045833333333333 0.22630208333333332 0.1575 0.025520833333333333
13 0.4266666666666667 0.28984375 0.82 0.0296875
13 0.9266666666666666 0.2877604166666667 0.11333333333333333 0.025520833333333333
13 0.4266666666666667 0.35546875 0.82 0.0296875
13 0.9266666666666666 0.3533854166666667 0.11333333333333333 0.025520833333333333
13 0.4266666666666667 0.42109375 0.82 0.0296875
13 0.9266666666666666 0.41901041666666666 0.11333333333333333 0.025520833333333333
13 0.4266666666666667 0.48671875 0.82 0.0296875
13 0.9266666666666666 0.48463541666666665 0.11333333333333333 0.025520833333333333
13 0.4266666666666667 0.55234375 0.82 0.0296875
13 0.9266666666666666 0.5502604166666667 0.11333333333333333 0.025520833333333333
13 0.4216666666666667 0.61796875 0.81 0.0296875
13 0.9216666666666666 0.6158854166666666 0.12333333333333334 0.025520833333333333
13 0.4216666666666667 0.68359375 0.81 0.0296875
13 0.9216666666666666 0.6815104166666667 0.12333333333333334 0.025520833333333333
13 0.4216666666666667 0.74921875 0.81 0.0296875
13 0.9216666666666666 0.7471354166666667 0.12333333333333334 0.025520833333333333
13 0.4216666666666667 0.81484375 0.81 0.0296875
13 0.9216666666666666 0.8127604166666667 0.12333333333333334 0.025520833333333333
13 0.4266666666666667 0.88046875 0.82 0.0296875
13 0.9266666666666666 0.8783854166666667 0.11333333333333333 0.025520833333333333
13 0.4266666666666667 0.94609375 0.82 0.0296875
13 0.9266666666666666 0.9440104166666666 0.11333333333333333 0.025520833333333333