5 0.06015625 0.059375 0.09296875 0.06640625
13 0.14140625 0.059375 0.015625 0.0046875
13 0.29609375 0.059375 0.2796875 0.03515625
13 0.93984375 0.059375 0.09296875 0.05
6 0.17890625 0.16328125 0.3578125 0.1421875
6 0.5375 0.1640625 0.35859375 0.14296875
13 0.2109375 0.27109375 0.421875 0.05
0 0.7125 0.27109375 0.575 0.05
13 0.15234375 0.325 0.30390625 0.03671875
13 0.5515625 0.31953125 0.0921875 0.02578125
13 0.1734375 0.35625 0.346875 0.02578125
13 0.53046875 0.36171875 0.3671875 0.03671875
13 0.78515625 0.35625 0.1421875 0.02578125
13 0.928125 0.35625 0.1421875 0.02578125
13 0.1734375 0.403125 0.346875 0.04765625
13 0.53046875 0.39765625 0.3671875 0.03671875
13 0.78515625 0.3921875 0.1421875 0.02578125
13 0.928125 0.3921875 0.1421875 0.02578125
13 0.1734375 0.45078125 0.346875 0.04765625
13 0.53046875 0.4453125 0.3671875 0.03671875
13 0.78515625 0.43984375 0.1421875 0.02578125
13 0.928125 0.43984375 0.1421875 0.02578125
13 0.1734375 0.4875 0.346875 0.02578125
13 0.53046875 0.49375 0.3671875 0.03828125
13 0.78515625 0.4875 0.1421875 0.02578125
13 0.928125 0.4875 0.1421875 0.02578125
13 0.1734375 0.534375 0.346875 0.04765625
13 0.53046875 0.52890625 0.3671875 0.03671875
13 0.78515625 0.5234375 0.1421875 0.02578125
13 0.928125 0.5234375 0.1421875 0.02578125
13 0.1734375 0.5734375 0.346875 0.02578125
13 0.53046875 0.57890625 0.3671875 0.03671875
13 0.78515625 0.5734375 0.1421875 0.02578125
13 0.928125 0.5734375 0.1421875 0.02578125
13 0.1734375 0.61875 0.346875 0.04765625
13 0.53046875 0.61328125 0.3671875 0.03671875
13 0.78515625 0.6078125 0.1421875 0.02578125
13 0.928125 0.6078125 0.1421875 0.02578125
13 0.1734375 0.6546875 0.346875 0.02578125
13 0.53046875 0.66015625 0.3671875 0.03671875
13 0.78515625 0.6546875 0.1421875 0.02578125
13 0.928125 0.6546875 0.1421875 0.02578125
13 0.1734375 0.70234375 0.346875 0.04765625
13 0.53046875 0.696875 0.3671875 0.03671875
13 0.78515625 0.69140625 0.1421875 0.02578125
13 0.928125 0.69140625 0.1421875 0.02578125
13 0.1734375 0.75 0.346875 0.04765625
13 0.53046875 0.74453125 0.3671875 0.03671875
13 0.78515625 0.7390625 0.1421875 0.02578125
13 0.928125 0.7390625 0.1421875 0.02578125
13 0.1734375 0.796875 0.346875 0.04765625
13 0.53046875 0.79140625 0.3671875 0.03671875
13 0.78515625 0.78828125 0.1421875 0.02578125
13 0.928125 0.78828125 0.1421875 0.02578125
13 0.1734375 0.84453125 0.346875 0.04765625
13 0.53046875 0.8390625 0.3671875 0.03671875
13 0.78515625 0.83359375 0.1421875 0.02578125
13 0.928125 0.83359375 0.1421875 0.02578125
13 0.1734375 0.8921875 0.346875 0.04765625
13 0.53046875 0.88671875 0.3671875 0.03671875
13 0.78515625 0.88125 0.1421875 0.02578125
13 0.928125 0.88125 0.1421875 0.02578125
13 0.22109375 0.9390625 0.44140625 0.04765625
13 0.7203125 0.93359375 0.5578125 0.03671875