5 0.06 0.059375 0.09333333333333334 0.06666666666666667
13 0.14125 0.05911458333333333 0.015833333333333335 0.0046875
13 0.29583333333333334 0.05911458333333333 0.28 0.034895833333333334
13 0.94 0.059375 0.09333333333333334 0.05
6 0.17916666666666667 0.16432291666666668 0.35833333333333334 0.14322916666666666
6 0.5375 0.16432291666666668 0.35833333333333334 0.14322916666666666
13 0.21083333333333334 0.2713541666666667 0.4216666666666667 0.05
0 0.7125 0.2713541666666667 0.575 0.05
13 0.15208333333333332 0.325 0.30416666666666664 0.036458333333333336
13 0.55125 0.31953125 0.0925 0.025520833333333333
13 0.17333333333333334 0.35598958333333336 0.3466666666666667 0.025520833333333333
13 0.5304166666666666 0.3614583333333333 0.3675 0.036458333333333336
13 0.7854166666666667 0.35598958333333336 0.1425 0.025520833333333333
13 0.9279166666666666 0.35598958333333336 0.1425 0.025520833333333333
13 0.17333333333333334 0.40338541666666666 0.3466666666666667 0.04739583333333333
13 0.5304166666666666 0.39791666666666664 0.3675 0.036458333333333336
13 0.7854166666666667 0.3924479166666667 0.1425 0.025520833333333333
13 0.9279166666666666 0.3924479166666667 0.1425 0.025520833333333333
13 0.17333333333333334 0.45078125 0.3466666666666667 0.04739583333333333
13 0.5304166666666666 0.4453125 0.3675 0.036458333333333336
13 0.7854166666666667 0.43984375 0.1425 0.025520833333333333
13 0.9279166666666666 0.43984375 0.1425 0.025520833333333333
13 0.17333333333333334 0.48723958333333334 0.3466666666666667 0.025520833333333333
13 0.5304166666666666 0.49375 0.3675 0.03854166666666667
13 0.7854166666666667 0.48723958333333334 0.1425 0.025520833333333333
13 0.9279166666666666 0.48723958333333334 0.1425 0.025520833333333333
13 0.17333333333333334 0.5346354166666667 0.3466666666666667 0.04739583333333333
13 0.5304166666666666 0.5291666666666667 0.3675 0.036458333333333336
13 0.7854166666666667 0.5236979166666667 0.1425 0.025520833333333333
13 0.9279166666666666 0.5236979166666667 0.1425 0.025520833333333333
13 0.17333333333333334 0.5731770833333333 0.3466666666666667 0.025520833333333333
13 0.5304166666666666 0.5786458333333333 0.3675 0.036458333333333336
13 0.7854166666666667 0.5731770833333333 0.1425 0.025520833333333333
13 0.9279166666666666 0.5731770833333333 0.1425 0.025520833333333333
13 0.17333333333333334 0.6184895833333334 0.3466666666666667 0.04739583333333333
13 0.5304166666666666 0.6130208333333333 0.3675 0.036458333333333336
13 0.7854166666666667 0.6075520833333333 0.1425 0.025520833333333333
13 0.9279166666666666 0.6075520833333333 0.1425 0.025520833333333333
13 0.17333333333333334 0.6549479166666666 0.3466666666666667 0.025520833333333333
13 0.5304166666666666 0.6604166666666667 0.3675 0.036458333333333336
13 0.7854166666666667 0.6549479166666666 0.1425 0.025520833333333333
13 0.9279166666666666 0.6549479166666666 0.1425 0.025520833333333333
13 0.17333333333333334 0.70234375 0.3466666666666667 0.04739583333333333
13 0.5304166666666666 0.696875 0.3675 0.036458333333333336
13 0.7854166666666667 0.69140625 0.1425 0.025520833333333333
13 0.9279166666666666 0.69140625 0.1425 0.025520833333333333
13 0.17333333333333334 0.7497395833333333 0.3466666666666667 0.04739583333333333
13 0.5304166666666666 0.7442708333333333 0.3675 0.036458333333333336
13 0.7854166666666667 0.7388020833333333 0.1425 0.025520833333333333
13 0.9279166666666666 0.7388020833333333 0.1425 0.025520833333333333
13 0.17333333333333334 0.7971354166666667 0.3466666666666667 0.04739583333333333
13 0.5304166666666666 0.7916666666666666 0.3675 0.036458333333333336
13 0.7854166666666667 0.78828125 0.1425 0.025520833333333333
13 0.9279166666666666 0.78828125 0.1425 0.025520833333333333
13 0.17333333333333334 0.84453125 0.3466666666666667 0.04739583333333333
13 0.5304166666666666 0.8390625 0.3675 0.036458333333333336
13 0.7854166666666667 0.83359375 0.1425 0.025520833333333333
13 0.9279166666666666 0.83359375 0.1425 0.025520833333333333
13 0.17333333333333334 0.8919270833333334 0.3466666666666667 0.04739583333333333
13 0.5304166666666666 0.8864583333333333 0.3675 0.036458333333333336
13 0.7854166666666667 0.8809895833333333 0.1425 0.025520833333333333
13 0.9279166666666666 0.8809895833333333 0.1425 0.025520833333333333
13 0.22083333333333333 0.9393229166666667 0.44166666666666665 0.04739583333333333
13 0.7204166666666667 0.9338541666666667 0.5575 0.036458333333333336