13 0.50078125 0.5125 0.06328125 0.02734375
13 0.38046875 0.45546875 0.496875 0.03671875
0 0.49765625 0.82890625 0.940625 0.09609375
13 0.51171875 0.15234375 0.2515625 0.0734375
13 0.50859375 0.2515625 0.8875 0.06171875
13 0.2953125 0.34453125 0.22734375 0.04140625
13 0.72890625 0.340625 0.1703125 0.03828125
13 0.50546875 0.89765625 0.41640625 0.02265625
13 0.51015625 0.925 0.7453125 0.02109375
13 0.29765625 0.73125 0.51015625 0.02890625
3 0.49765625 0.59765625 0.9234375 0.04921875
6 0.4984375 0.07109375 0.215625 0.06328125