13 0.5008333333333334 0.5122395833333333 0.06333333333333334 0.027604166666666666
13 0.38083333333333336 0.45546875 0.49666666666666665 0.03697916666666667
0 0.4979166666666667 0.8291666666666667 0.9408333333333333 0.09583333333333334
13 0.5116666666666667 0.15234375 0.25166666666666665 0.0734375
13 0.50875 0.2515625 0.8875 0.06145833333333333
13 0.29541666666666666 0.34479166666666666 0.2275 0.041666666666666664
13 0.7291666666666666 0.34088541666666666 0.17 0.03802083333333333
13 0.5058333333333334 0.89765625 0.4166666666666667 0.022395833333333334
13 0.51 0.9247395833333333 0.745 0.021354166666666667
13 0.2975 0.7309895833333333 0.51 0.028645833333333332
3 0.4975 0.5973958333333333 0.9233333333333333 0.04895833333333333
6 0.49875 0.07135416666666666 0.21583333333333332 0.06354166666666666