5 0.06 0.059375 0.09333333333333334 0.06666666666666667
13 0.25166666666666665 0.059375 0.27666666666666667 0.028125
13 0.7866666666666666 0.059375 0.08 0.05
13 0.8666666666666667 0.059375 0.08 0.05
13 0.9466666666666667 0.059375 0.08 0.05
13 0.13333333333333333 0.11770833333333333 0.075 0.019791666666666666
13 0.39958333333333335 0.11770833333333333 0.1175 0.019791666666666666
13 0.6666666666666666 0.11770833333333333 0.16833333333333333 0.019791666666666666
13 0.9329166666666666 0.11770833333333333 0.07916666666666666 0.019791666666666666
6 0.24875 0.27057291666666666 0.21416666666666667 0.13385416666666666
6 0.24875 0.27057291666666666 0.21416666666666667 0.13385416666666666
13 0.5641666666666667 0.22317708333333333 0.12333333333333334 0.0609375
13 0.5479166666666667 0.26171875 0.09083333333333334 0.033854166666666664
13 0.5666666666666667 0.2981770833333333 0.12833333333333333 0.024479166666666666
6 0.5208333333333334 0.3260416666666667 0.03666666666666667 0.022916666666666665
13 0.5670833333333334 0.3260416666666667 0.05583333333333333 0.019791666666666666
13 0.07583333333333334 0.44244791666666666 0.07833333333333334 0.0390625
13 0.10416666666666667 0.46822916666666664 0.135 0.019791666666666666
13 0.8583333333333333 0.44244791666666666 0.21 0.0390625
13 0.9291666666666667 0.46822916666666664 0.06833333333333333 0.019791666666666666
13 0.18666666666666668 0.5018229166666667 0.3 0.024479166666666666
13 0.4870833333333333 0.5018229166666667 0.30083333333333334 0.024479166666666666
13 0.8070833333333334 0.5018229166666667 0.33916666666666667 0.024479166666666666
13 0.18666666666666668 0.5200520833333333 0.3 0.0171875
13 0.4870833333333333 0.5200520833333333 0.30083333333333334 0.0171875
13 0.8070833333333334 0.5200520833333333 0.33916666666666667 0.0171875
13 0.18666666666666668 0.54921875 0.3 0.024479166666666666
13 0.4870833333333333 0.54921875 0.30083333333333334 0.024479166666666666
13 0.8070833333333334 0.54921875 0.33916666666666667 0.024479166666666666
13 0.18666666666666668 0.5674479166666667 0.3 0.0171875
13 0.4870833333333333 0.5674479166666667 0.30083333333333334 0.0171875
13 0.8070833333333334 0.5674479166666667 0.33916666666666667 0.0171875
13 0.5 0.625 0.155 0.019791666666666666
13 0.07958333333333334 0.7078125 0.08583333333333333 0.040625
13 0.11291666666666667 0.7549479166666667 0.04083333333333333 0.022395833333333334
13 0.17416666666666666 0.7549479166666667 0.075 0.022395833333333334
13 0.12708333333333333 0.7901041666666667 0.0475 0.03125
6 0.17583333333333334 0.7901041666666667 0.05 0.03125
13 0.38375 0.7549479166666667 0.049166666666666664 0.022395833333333334
13 0.35875 0.7901041666666667 0.0475 0.03125
6 0.4075 0.7901041666666667 0.05 0.03125
13 0.6158333333333333 0.7549479166666667 0.08 0.022395833333333334
13 0.5904166666666667 0.7901041666666667 0.0475 0.03125
6 0.6391666666666667 0.7901041666666667 0.05 0.03125
13 0.8066666666666666 0.7549479166666667 0.04833333333333333 0.022395833333333334
13 0.8733333333333333 0.7549479166666667 0.07833333333333334 0.022395833333333334
13 0.8220833333333334 0.7901041666666667 0.0475 0.03125
6 0.8708333333333333 0.7901041666666667 0.05 0.03125
13 0.4995833333333333 0.8260416666666667 0.06583333333333333 0.040625
13 0.08625 0.9104166666666667 0.09916666666666667 0.040625
13 0.1525 0.9596354166666666 0.06166666666666667 0.034895833333333334
13 0.38416666666666666 0.9596354166666666 0.06166666666666667 0.034895833333333334
13 0.6158333333333333 0.9596354166666666 0.06166666666666667 0.034895833333333334
13 0.8475 0.9596354166666666 0.06166666666666667 0.034895833333333334
6 0.5 0.5213541666666667 1 0.8572916666666667