5 0.06 0.059375 0.09333333333333334 0.06666666666666667
13 0.15541666666666668 0.059375 0.08416666666666667 0.028125
13 0.13291666666666666 0.11770833333333333 0.08083333333333333 0.019791666666666666
13 0.39958333333333335 0.11770833333333333 0.11916666666666667 0.019791666666666666
13 0.6666666666666666 0.11770833333333333 0.09166666666666666 0.019791666666666666
13 0.9333333333333333 0.11770833333333333 0.09833333333333333 0.019791666666666666
6 0.5 0.5213541666666667 1 0.8572916666666667
13 0.5 0.17135416666666667 1 0.057291666666666664
13 0.24708333333333332 0.21588541666666666 0.49416666666666664 0.021354166666666667
13 0.7470833333333333 0.21588541666666666 0.5058333333333334 0.021354166666666667
13 0.5 0.24453125 1 0.025520833333333333
6 0.05 0.29635416666666664 0.05 0.03125
13 0.215 0.2859375 0.20333333333333334 0.028125
13 0.15791666666666668 0.3106770833333333 0.08916666666666667 0.021354166666666667
13 0.8495833333333334 0.28489583333333335 0.049166666666666664 0.028125
13 0.92375 0.28984375 0.09916666666666667 0.018229166666666668
6 0.9183333333333333 0.3104166666666667 0.03666666666666667 0.022916666666666665
13 0.955 0.30963541666666666 0.03666666666666667 0.021354166666666667
13 0.5 0.34869791666666666 1 0.025520833333333333
6 0.05 0.4005208333333333 0.05 0.03125
13 0.21833333333333332 0.39010416666666664 0.21 0.028125
13 0.15208333333333332 0.41484375 0.0775 0.021354166666666667
13 0.8495833333333334 0.3890625 0.049166666666666664 0.028125
13 0.92375 0.39401041666666664 0.09916666666666667 0.018229166666666668
6 0.9291666666666667 0.41458333333333336 0.03666666666666667 0.022916666666666665
13 0.9604166666666667 0.41380208333333335 0.025833333333333333 0.021354166666666667