0 0.6625 0.87109375 0.23984375 0.0625
0 0.86640625 0.86953125 0.14765625 0.0625
6 0.19453125 0.209375 0.2640625 0.1640625
6 0.4859375 0.21640625 0.2546875 0.1671875
6 0.7953125 0.21640625 0.27265625 0.16875
6 0.19609375 0.41796875 0.2625 0.165625
6 0.48359375 0.42265625 0.25 0.1625
6 0.79765625 0.41484375 0.27265625 0.1640625
6 0.18984375 0.62578125 0.23984375 0.159375
6 0.49375 0.63046875 0.2546875 0.140625
6 0.79375 0.6328125 0.25 0.14765625
13 0.49921875 0.0828125 0.2984375 0.02265625
13 0.29140625 0.81796875 0.40234375 0.0328125