5 0.06015625 0.059375 0.09296875 0.06640625
13 0.2109375 0.059375 0.1546875 0.028125
13 0.76015625 0.059375 0.0796875 0.05
13 0.83984375 0.059375 0.0796875 0.05
6 0.93359375 0.059375 0.10703125 0.06640625
13 0.23515625 0.1328125 0.353125 0.01953125
6 0.44140625 0.1328125 0.06015625 0.0375
3 0.6765625 0.1328125 0.38671875 0.03359375
6 0.91171875 0.1328125 0.06015625 0.0375
13 0.23515625 0.20234375 0.353125 0.01953125
6 0.44140625 0.20234375 0.06015625 0.0375
3 0.6765625 0.20234375 0.38671875 0.03359375
6 0.91171875 0.20234375 0.06015625 0.0375
13 0.23515625 0.27265625 0.353125 0.01953125
6 0.44140625 0.27265625 0.06015625 0.0375
3 0.6765625 0.271875 0.38671875 0.03359375
6 0.91171875 0.27265625 0.06015625 0.0375
13 0.23515625 0.3421875 0.353125 0.01953125
6 0.44140625 0.3421875 0.06015625 0.0375
3 0.6765625 0.3421875 0.38671875 0.03359375
6 0.91171875 0.3421875 0.06015625 0.0375
13 0.23515625 0.41171875 0.353125 0.01953125
6 0.44140625 0.41171875 0.06015625 0.0375
3 0.6765625 0.41171875 0.38671875 0.0375
6 0.91171875 0.41171875 0.06015625 0.0375
13 0.23515625 0.48203125 0.353125 0.01953125
6 0.44140625 0.48203125 0.06015625 0.0375
3 0.6765625 0.48125 0.38671875 0.03359375
6 0.91171875 0.48203125 0.06015625 0.0375
6 0.25 0.0875 0.5 0.175
6 0.24921875 0.10703125 0.334375 0.13515625
13 0.25 0.215625 0.5 0.06640625
13 0.25 0.28203125 0.5 0.06640625
13 0.25 0.34921875 0.5 0.06640625
13 0.25 0.43125 0.5 0.06640625
13 0.25 0.91640625 0.5 0.06640625
6 0.05 0.91640625 0.1 0.06640625