6 0.060833333333333336 0.05520833333333333 0.08 0.05
13 0.21375 0.054947916666666666 0.2125 0.025520833333333333
13 0.08666666666666667 0.10911458333333333 0.05333333333333334 0.0171875
13 0.25333333333333335 0.10911458333333333 0.04 0.0171875
13 0.4195833333333333 0.10911458333333333 0.0775 0.0171875
13 0.58625 0.10911458333333333 0.0725 0.0171875
13 0.75375 0.10911458333333333 0.09916666666666667 0.0171875
13 0.92125 0.10911458333333333 0.0825 0.0171875
5 0.5 0.23671875 0.17833333333333334 0.05572916666666667
6 0.09916666666666667 0.9260416666666667 0.06 0.0375
6 0.2991666666666667 0.9260416666666667 0.06 0.0375
6 0.49916666666666665 0.9260416666666667 0.06 0.0375
6 0.6991666666666667 0.9260416666666667 0.06 0.0375
6 0.9 0.9260416666666667 0.06 0.0375