6 0.0609375 0.05546875 0.0796875 0.05
13 0.2140625 0.0546875 0.2125 0.02578125
13 0.08671875 0.109375 0.053125 0.0171875
13 0.253125 0.109375 0.03984375 0.0171875
13 0.41953125 0.109375 0.07734375 0.0171875
13 0.5859375 0.109375 0.07265625 0.0171875
13 0.75390625 0.109375 0.09921875 0.0171875
13 0.92109375 0.109375 0.0828125 0.0171875
5 0.5 0.23671875 0.178125 0.05546875
6 0.09921875 0.92578125 0.06015625 0.0375
6 0.29921875 0.92578125 0.06015625 0.0375
6 0.49921875 0.92578125 0.06015625 0.0375
6 0.69921875 0.92578125 0.06015625 0.0375
6 0.9 0.92578125 0.06015625 0.0375