6 0.5 0.17682291666666666 1 0.3015625
5 0.06 0.059375 0.09333333333333334 0.06666666666666667
13 0.8666666666666667 0.059375 0.08 0.05
13 0.9466666666666667 0.059375 0.08 0.05
6 0.26 0.159375 0.44 0.06666666666666667
13 0.5 0.25104166666666666 0.92 0.05
13 0.8833333333333333 0.30182291666666666 0.15333333333333332 0.022395833333333334
13 0.4866666666666667 0.35442708333333334 0.8933333333333333 0.022395833333333334
6 0.9666666666666667 0.3541666666666667 0.04 0.025
13 0.4866666666666667 0.40598958333333335 0.8933333333333333 0.022395833333333334
6 0.9666666666666667 0.40572916666666664 0.04 0.025
13 0.4866666666666667 0.45755208333333336 0.8933333333333333 0.022395833333333334
6 0.9666666666666667 0.45729166666666665 0.04 0.025
13 0.4866666666666667 0.5091145833333334 0.8933333333333333 0.022395833333333334
6 0.9666666666666667 0.5088541666666667 0.04 0.025
13 0.4866666666666667 0.5606770833333333 0.8933333333333333 0.022395833333333334
6 0.9666666666666667 0.5604166666666667 0.04 0.025
13 0.4866666666666667 0.6122395833333333 0.8933333333333333 0.022395833333333334
6 0.9666666666666667 0.6119791666666666 0.04 0.025
13 0.4866666666666667 0.6638020833333333 0.8933333333333333 0.022395833333333334
6 0.9666666666666667 0.6635416666666667 0.04 0.025
13 0.4866666666666667 0.7223958333333333 0.8933333333333333 0.019791666666666666
6 0.9666666666666667 0.7223958333333333 0.04 0.025
13 0.4866666666666667 0.7880208333333333 0.8933333333333333 0.019791666666666666
6 0.9666666666666667 0.7880208333333333 0.04 0.025
13 0.4866666666666667 0.84765625 0.8933333333333333 0.022395833333333334
6 0.9666666666666667 0.8473958333333333 0.04 0.025
13 0.4866666666666667 0.89921875 0.8933333333333333 0.022395833333333334
6 0.9666666666666667 0.8989583333333333 0.04 0.025