5 0.046875 0.059375 0.09296875 0.05859375
13 0.2640625 0.059375 0.328125 0.028125
7 0.5 0.8796875 1 0.00546875
6 0.125 0.91640625 0.25 0.06796875
6 0.375 0.91640625 0.25 0.03125
6 0.625 0.91640625 0.25 0.03125
13 0.80390625 0.91640625 0.10859375 0.06796875
7 0.80390625 0.91640625 0.10859375 0.06796875
13 0.5 0.121875 0.946875 0.02578125
13 0.5 0.15546875 0.946875 0.040625
13 0.4046875 0.1953125 0.75703125 0.01953125
13 0.83046875 0.1953125 0.0953125 0.01953125
1 0.92578125 0.1953125 0.0953125 0.03359375
13 0.4046875 0.23359375 0.75703125 0.01953125
13 0.83046875 0.23359375 0.0953125 0.01953125
1 0.92578125 0.23359375 0.0953125 0.03359375
13 0.4046875 0.27421875 0.75703125 0.03671875
13 0.83046875 0.27421875 0.0953125 0.01953125
1 0.92578125 0.27421875 0.0953125 0.03359375
13 0.5 0.315625 0.946875 0.04140625
13 0.4046875 0.35625 0.75703125 0.03671875
13 0.83046875 0.35625 0.0953125 0.01953125
1 0.92578125 0.35625 0.0953125 0.03359375
13 0.4046875 0.396875 0.75703125 0.01953125
13 0.83046875 0.396875 0.0953125 0.01953125
1 0.92578125 0.396875 0.0953125 0.03359375
13 0.5 0.4359375 0.946875 0.04140625
13 0.4046875 0.47734375 0.75703125 0.03671875
13 0.83046875 0.47734375 0.0953125 0.01953125
1 0.92578125 0.47734375 0.0953125 0.03359375
13 0.4046875 0.51953125 0.75703125 0.03671875
13 0.83046875 0.51953125 0.0953125 0.01953125
1 0.92578125 0.51953125 0.0953125 0.03359375
13 0.5 0.56953125 0.946875 0.05859375
13 0.4046875 0.6171875 0.75703125 0.01953125
13 0.83046875 0.6171875 0.0953125 0.01953125
1 0.92578125 0.6171875 0.0953125 0.03359375
13 0.4046875 0.65546875 0.75703125 0.01953125
13 0.83046875 0.65546875 0.0953125 0.01953125
1 0.92578125 0.65546875 0.0953125 0.03359375
13 0.5 0.6953125 0.946875 0.04140625
13 0.4046875 0.734375 0.75703125 0.01953125
13 0.83046875 0.734375 0.0953125 0.01953125
1 0.92578125 0.734375 0.0953125 0.03359375
13 0.4046875 0.77265625 0.75703125 0.01953125
13 0.83046875 0.77265625 0.0953125 0.01953125
1 0.92578125 0.77265625 0.0953125 0.03359375
13 0.4046875 0.81171875 0.75703125 0.01953125
13 0.83046875 0.81171875 0.0953125 0.01953125
1 0.92578125 0.81171875 0.0953125 0.03359375
13 0.4046875 0.8515625 0.75703125 0.03671875
13 0.83046875 0.8515625 0.0953125 0.01953125
1 0.92578125 0.8515625 0.0953125 0.03359375
13 0.4046875 0.90234375 0.75703125 0.05390625