5 0.056666666666666664 0.059375 0.09333333333333334 0.06666666666666667
13 0.2525 0.05911458333333333 0.23833333333333334 0.022395833333333334
13 0.5 0.12890625 0.9466666666666667 0.022395833333333334
6 0.05333333333333334 0.1859375 0.05333333333333334 0.029166666666666667
3 0.56 0.18567708333333333 0.88 0.049479166666666664
6 0.05333333333333334 0.2708333333333333 0.05333333333333334 0.029166666666666667
3 0.56 0.27057291666666666 0.88 0.049479166666666664
6 0.05333333333333334 0.35572916666666665 0.05333333333333334 0.029166666666666667
3 0.56 0.35546875 0.88 0.049479166666666664
13 0.5 0.4395833333333333 0.9466666666666667 0.027083333333333334
0 0.5 0.49973958333333335 0.9466666666666667 0.043229166666666666