6 0.060833333333333336 0.05520833333333333 0.08 0.05
13 0.24833333333333332 0.054947916666666666 0.2816666666666667 0.025520833333333333
13 0.84 0.05520833333333333 0.10666666666666667 0.058333333333333334
13 0.9466666666666667 0.05520833333333333 0.10666666666666667 0.058333333333333334
13 0.19958333333333333 0.10911458333333333 0.0725 0.0171875
13 0.5016666666666667 0.10911458333333333 0.12 0.0171875
13 0.8029166666666666 0.10911458333333333 0.13916666666666666 0.0171875
6 0.035 0.153125 0.06 0.0375
13 0.14208333333333334 0.15286458333333333 0.12083333333333333 0.025520833333333333
6 0.035 0.19166666666666668 0.06 0.0375
13 0.14708333333333334 0.19140625 0.13083333333333333 0.025520833333333333