5 0.04666666666666667 0.059375 0.09333333333333334 0.058333333333333334
13 0.17666666666666667 0.059375 0.15333333333333332 0.028125
13 0.7804166666666666 0.059375 0.2525 0.05
6 0.9533333333333334 0.059375 0.09333333333333334 0.0375
13 0.5 0.12682291666666667 0.9333333333333333 0.0578125
13 0.5041666666666667 0.17109375 0.9416666666666667 0.030729166666666665
1 0.18208333333333335 0.203125 0.2975 0.03333333333333333
1 0.18041666666666667 0.23645833333333333 0.2941666666666667 0.03333333333333333
13 0.20916666666666667 0.34453125 0.335 0.030729166666666665
11 0.6758333333333333 0.34739583333333335 0.5983333333333334 0.025
13 0.6625 0.34713541666666664 0.5716666666666667 0.022395833333333334
0 0.5 0.45416666666666666 0.95 0.0010416666666666667
6 0.16666666666666666 0.5588541666666667 0.21666666666666667 0.13541666666666666
6 0.5 0.5588541666666667 0.21666666666666667 0.13541666666666666
6 0.8166666666666667 0.5588541666666667 0.21666666666666667 0.13541666666666666