5 0.05859375 0.059375 0.06015625 0.02890625
13 0.14609375 0.1640625 0.2171875 0.02734375
13 0.1734375 0.1046875 0.2859375 0.02109375
13 0.1484375 0.225 0.225 0.02421875
13 0.4453125 0.253125 0.81640625 0.01875
13 0.1421875 0.3 0.2125 0.05078125
13 0.14140625 0.346875 0.19765625 0.0234375
13 0.4046875 0.3765625 0.725 0.02265625
13 0.1390625 0.4234375 0.20625 0.05078125
13 0.14453125 0.621875 0.27890625 0.02421875
13 0.4859375 0.6515625 0.87890625 0.01875
13 0.36640625 0.7171875 0.68515625 0.07734375
0 0.9390625 0.7140625 0.1125 0.07265625
13 0.24609375 0.0609375 0.2546875 0.0328125