5 0.046875 0.059375 0.09296875 0.05859375
13 0.1765625 0.059375 0.153125 0.028125
13 0.78046875 0.059375 0.25234375 0.05
6 0.953125 0.059375 0.09296875 0.0375
13 0.5 0.1265625 0.93359375 0.0578125
13 0.50390625 0.17109375 0.94140625 0.03046875
1 0.18203125 0.203125 0.29765625 0.03359375
1 0.18046875 0.23671875 0.29453125 0.03359375
13 0.209375 0.34453125 0.33515625 0.03046875
11 0.67578125 0.34765625 0.5984375 0.025
13 0.6625 0.346875 0.571875 0.02265625
0 0.5 0.45390625 0.95 0.00078125
6 0.16640625 0.55859375 0.21640625 0.13515625
6 0.5 0.55859375 0.21640625 0.13515625
6 0.81640625 0.55859375 0.21640625 0.13515625