6 0.013333333333333334 0.05520833333333333 0.02666666666666667 0.016666666666666666
6 0.060833333333333336 0.05520833333333333 0.08 0.05
13 0.15375 0.054947916666666666 0.0925 0.025520833333333333
13 0.61125 0.05520833333333333 0.1375 0.058333333333333334
13 0.7675 0.05520833333333333 0.17166666666666666 0.058333333333333334
13 0.9275 0.05520833333333333 0.145 0.058333333333333334
5 0.5 0.16875 1 0.16875
13 0.4166666666666667 0.28411458333333334 0.8 0.030729166666666665
9 0.075 0.3182291666666667 0.11666666666666667 0.016666666666666666
13 0.09375 0.3390625 0.15416666666666667 0.025
13 0.19125 0.31979166666666664 0.11583333333333333 0.019791666666666666
13 0.3641666666666667 0.36666666666666664 0.695 0.030208333333333334
0 0.25416666666666665 0.4171875 0.475 0.05
0 0.7458333333333333 0.4171875 0.475 0.05
13 0.020833333333333332 0.45729166666666665 0.008333333333333333 0.019791666666666666
13 0.5041666666666667 0.45729166666666665 0.9583333333333334 0.019791666666666666
13 0.5 0.5028645833333333 0.9666666666666667 0.07135416666666666
6 0.9166666666666666 0.26979166666666665 0.16666666666666666 0.06354166666666666
13 0.91625 0.31015625 0.1125 0.0171875
0 0.5 0.5796875 1 0.05
0 0.5 0.6302083333333334 1 0.05
0 0.5 0.6807291666666667 1 0.05
0 0.5 0.73125 1 0.05
6 0.058333333333333334 0.9067708333333333 0.1 0.022916666666666665
13 0.9254166666666667 0.7799479166666666 0.1325 0.0359375
13 0.3625 0.9596354166666666 0.675 0.030729166666666665
0 0.85 0.9692708333333333 0.2833333333333333 0.05