5 0.06015625 0.059375 0.09296875 0.06640625
13 0.234375 0.059375 0.20859375 0.05
13 0.32890625 0.04375 0.3984375 0.01875
6 0.36015625 0.071875 0.0265625 0.01640625
13 0.37890625 0.075 0.01171875 0.01875
13 0.93515625 0.059375 0.08671875 0.05
13 0.40390625 0.12578125 0.728125 0.02890625
13 0.0671875 0.15 0.05390625 0.0203125
13 0.0765625 0.17421875 0.0734375 0.028125
13 0.24140625 0.178125 0.2296875 0.0203125
13 0.1328125 0.20546875 0.18515625 0.025
13 0.090625 0.23046875 0.10078125 0.025
13 0.1640625 0.23046875 0.04609375 0.025
13 0.20390625 0.23046875 0.034375 0.025
13 0.12109375 0.25703125 0.16171875 0.02421875
6 0.890625 0.190625 0.19140625 0.17890625
13 0.40390625 0.31484375 0.728125 0.02890625
13 0.0671875 0.3390625 0.05390625 0.0203125
13 0.0765625 0.36328125 0.0734375 0.028125
13 0.1828125 0.3671875 0.11171875 0.0203125
13 0.1328125 0.39453125 0.18515625 0.025
13 0.090625 0.41953125 0.10078125 0.025
13 0.1578125 0.41953125 0.03359375 0.025
13 0.19140625 0.41953125 0.034375 0.025
6 0.890625 0.37890625 0.19140625 0.178125
13 0.40390625 0.503125 0.728125 0.02890625
13 0.0671875 0.528125 0.05390625 0.0203125
13 0.0671875 0.55234375 0.0546875 0.028125
13 0.12578125 0.5828125 0.171875 0.025
13 0.07109375 0.6078125 0.06171875 0.025
13 0.11796875 0.6078125 0.03359375 0.025
13 0.15234375 0.6078125 0.034375 0.025
13 0.13046875 0.634375 0.18203125 0.02421875
6 0.890625 0.56796875 0.19140625 0.17890625
13 0.40390625 0.6921875 0.728125 0.02890625
13 0.059375 0.7171875 0.03828125 0.0203125
13 0.0671875 0.74140625 0.0546875 0.028125
13 0.1640625 0.7453125 0.11171875 0.0203125
13 0.1328125 0.771875 0.18515625 0.025
13 0.090625 0.796875 0.10078125 0.025
13 0.1578125 0.796875 0.03359375 0.025
13 0.19140625 0.796875 0.034375 0.025
6 0.890625 0.75703125 0.19140625 0.178125
13 0.40390625 0.88125 0.728125 0.02890625
13 0.0671875 0.90546875 0.05390625 0.0203125
13 0.0765625 0.9296875 0.0734375 0.028125
6 0.890625 0.928125 0.19140625 0.14375
13 0.67578125 0.91640625 0.0921875 0.05
13 0.82109375 0.91640625 0.1984375 0.05
6 0.953125 0.91640625 0.06640625 0.05
6 0.06015625 0.059375 0.10703125 0.06640625