10 0.15291666666666667 0.5544270833333333 0.050833333333333335 0.3328125
10 0.33375 0.5580729166666667 0.05583333333333333 0.34010416666666665
10 0.51125 0.5544270833333333 0.05583333333333333 0.3411458333333333
10 0.6958333333333333 0.5544270833333333 0.065 0.3390625
10 0.87125 0.5528645833333333 0.059166666666666666 0.34010416666666665
12 0.945 0.030729166666666665 0.08666666666666667 0.040625
5 0.04041666666666666 0.03125 0.050833333333333335 0.03958333333333333
13 0.051666666666666666 0.7643229166666666 0.08 0.03177083333333333
0 0.5470833333333334 0.7625 0.8791666666666667 0.04791666666666667
13 0.40041666666666664 0.33984375 0.12416666666666666 0.016145833333333335
13 0.9408333333333333 0.34036458333333336 0.075 0.025520833333333333
13 0.5025 0.031510416666666666 0.15833333333333333 0.030729166666666665
10 0.5479166666666667 0.93046875 0.8641666666666666 0.030729166666666665