10 0.153125 0.5546875 0.05078125 0.3328125
10 0.33359375 0.5578125 0.05546875 0.33984375
10 0.5109375 0.5546875 0.05546875 0.34140625
10 0.69609375 0.5546875 0.06484375 0.3390625
10 0.87109375 0.553125 0.059375 0.33984375
12 0.9453125 0.03046875 0.08671875 0.040625
5 0.040625 0.03125 0.05078125 0.03984375
13 0.0515625 0.7640625 0.0796875 0.03203125
0 0.546875 0.7625 0.87890625 0.04765625
13 0.40078125 0.33984375 0.12421875 0.01640625
13 0.940625 0.340625 0.075 0.02578125
13 0.50234375 0.03125 0.15859375 0.03046875
10 0.54765625 0.93046875 0.8640625 0.03046875