5 0.046875 0.059375 0.09296875 0.06640625
3 0.503125 0.059375 0.8203125 0.0375
6 0.95703125 0.059375 0.06015625 0.0375
13 0.08515625 0.0859375 0.090625 0.028125
13 0.10703125 0.11640625 0.134375 0.025
13 0.6015625 0.0859375 0.13671875 0.028125
13 0.56015625 0.11640625 0.053125 0.025
13 0.58125 0.14609375 0.09609375 0.025
13 0.5 0.20546875 0.9203125 0.03671875
13 0.38984375 0.26015625 0.7 0.02890625
5 0.8 0.2578125 0.06640625 0.04140625
13 0.8703125 0.25859375 0.0734375 0.04375
5 0.93984375 0.2578125 0.06640625 0.04140625
13 0.38984375 0.3109375 0.7 0.02890625
5 0.8 0.30859375 0.06640625 0.04140625
13 0.8703125 0.309375 0.0734375 0.04375
5 0.93984375 0.30859375 0.06640625 0.04140625
13 0.4796875 0.37265625 0.8796875 0.03671875
6 0.93984375 0.3671875 0.03984375 0.025
13 0.38984375 0.42734375 0.7 0.02890625
5 0.8 0.425 0.06640625 0.04140625
13 0.8703125 0.42578125 0.0734375 0.04375
5 0.93984375 0.425 0.06640625 0.04140625
13 0.38984375 0.478125 0.7 0.02890625
5 0.8 0.47578125 0.06640625 0.04140625
13 0.8703125 0.4765625 0.0734375 0.04375
5 0.93984375 0.47578125 0.06640625 0.04140625
13 0.4796875 0.53984375 0.8796875 0.03671875
6 0.93984375 0.534375 0.03984375 0.025
13 0.38984375 0.59453125 0.7 0.02890625
5 0.8 0.5921875 0.06640625 0.04140625
13 0.8703125 0.59296875 0.0734375 0.04375
5 0.93984375 0.5921875 0.06640625 0.04140625
13 0.38984375 0.6453125 0.7 0.02890625
5 0.8 0.64296875 0.06640625 0.04140625
13 0.8703125 0.64375 0.0734375 0.04375
5 0.93984375 0.64296875 0.06640625 0.04140625
13 0.4796875 0.70703125 0.8796875 0.03671875
6 0.93984375 0.7015625 0.03984375 0.025
13 0.38984375 0.76171875 0.7 0.02890625
5 0.8 0.759375 0.06640625 0.04140625
13 0.8703125 0.76015625 0.0734375 0.04375
5 0.93984375 0.759375 0.06640625 0.04140625
13 0.38984375 0.8125 0.7 0.02890625
5 0.8 0.81015625 0.06640625 0.04140625
13 0.8703125 0.8109375 0.0734375 0.04375
5 0.93984375 0.81015625 0.06640625 0.04140625
0 0.8453125 0.8625 0.25703125 0.0375
0 0.5 0.925 1 0.05