5 0.04666666666666667 0.059375 0.09333333333333334 0.06666666666666667
3 0.5033333333333333 0.059375 0.82 0.0375
6 0.9566666666666667 0.059375 0.06 0.0375
13 0.08541666666666667 0.0859375 0.09083333333333334 0.028125
13 0.10708333333333334 0.11666666666666667 0.13416666666666666 0.025
13 0.6016666666666667 0.0859375 0.13666666666666666 0.028125
13 0.56 0.11666666666666667 0.05333333333333334 0.025
13 0.58125 0.14583333333333334 0.09583333333333334 0.025
13 0.5 0.20572916666666666 0.92 0.036458333333333336
13 0.39 0.26015625 0.7 0.028645833333333332
5 0.8 0.2578125 0.06666666666666667 0.041666666666666664
13 0.87 0.25885416666666666 0.07333333333333333 0.04375
5 0.94 0.2578125 0.06666666666666667 0.041666666666666664
13 0.39 0.3106770833333333 0.7 0.028645833333333332
5 0.8 0.30833333333333335 0.06666666666666667 0.041666666666666664
13 0.87 0.309375 0.07333333333333333 0.04375
5 0.94 0.30833333333333335 0.06666666666666667 0.041666666666666664
13 0.48 0.3729166666666667 0.88 0.036458333333333336
6 0.94 0.3671875 0.04 0.025
13 0.39 0.42734375 0.7 0.028645833333333332
5 0.8 0.425 0.06666666666666667 0.041666666666666664
13 0.87 0.42604166666666665 0.07333333333333333 0.04375
5 0.94 0.425 0.06666666666666667 0.041666666666666664
13 0.39 0.4778645833333333 0.7 0.028645833333333332
5 0.8 0.47552083333333334 0.06666666666666667 0.041666666666666664
13 0.87 0.4765625 0.07333333333333333 0.04375
5 0.94 0.47552083333333334 0.06666666666666667 0.041666666666666664
13 0.48 0.5401041666666667 0.88 0.036458333333333336
6 0.94 0.534375 0.04 0.025
13 0.39 0.59453125 0.7 0.028645833333333332
5 0.8 0.5921875 0.06666666666666667 0.041666666666666664
13 0.87 0.5932291666666667 0.07333333333333333 0.04375
5 0.94 0.5921875 0.06666666666666667 0.041666666666666664
13 0.39 0.6450520833333333 0.7 0.028645833333333332
5 0.8 0.6427083333333333 0.06666666666666667 0.041666666666666664
13 0.87 0.64375 0.07333333333333333 0.04375
5 0.94 0.6427083333333333 0.06666666666666667 0.041666666666666664
13 0.48 0.7072916666666667 0.88 0.036458333333333336
6 0.94 0.7015625 0.04 0.025
13 0.39 0.76171875 0.7 0.028645833333333332
5 0.8 0.759375 0.06666666666666667 0.041666666666666664
13 0.87 0.7604166666666666 0.07333333333333333 0.04375
5 0.94 0.759375 0.06666666666666667 0.041666666666666664
13 0.39 0.8122395833333333 0.7 0.028645833333333332
5 0.8 0.8098958333333334 0.06666666666666667 0.041666666666666664
13 0.87 0.8109375 0.07333333333333333 0.04375
5 0.94 0.8098958333333334 0.06666666666666667 0.041666666666666664
0 0.845 0.8625 0.25666666666666665 0.0375
0 0.5 0.925 1 0.05