13 0.10390625 0.059375 0.1546875 0.028125
6 0.8796875 0.059375 0.0796875 0.05
6 0.953125 0.059375 0.06640625 0.05
13 0.16640625 0.12578125 0.065625 0.02578125
13 0.5 0.12578125 0.06015625 0.02578125
13 0.83359375 0.12578125 0.128125 0.02578125
6 0.25 0.26796875 0.5 0.21796875
6 0.75078125 0.26796875 0.4984375 0.21796875
6 0.25 0.48828125 0.5 0.21796875
6 0.75078125 0.48828125 0.4984375 0.21796875
6 0.25 0.7078125 0.5 0.21796875
6 0.75078125 0.7078125 0.4984375 0.21796875
6 0.25 0.909375 0.5 0.18125
6 0.75078125 0.909375 0.4984375 0.18125
6 0.05 0.91796875 0.06640625 0.04140625
6 0.95 0.91796875 0.06640625 0.04140625