13 0.09296875 0.059375 0.13359375 0.028125
6 0.8796875 0.059375 0.0796875 0.05
6 0.953125 0.059375 0.06640625 0.05
13 0.16640625 0.12578125 0.065625 0.02578125
13 0.5 0.12578125 0.06015625 0.02578125
13 0.8328125 0.12578125 0.07265625 0.02578125
6 0.25 0.259375 0.5 0.19921875
6 0.75078125 0.259375 0.4984375 0.19921875
6 0.25 0.4609375 0.5 0.19921875
6 0.75078125 0.4609375 0.4984375 0.19921875
6 0.25 0.6625 0.5 0.19921875
6 0.75078125 0.6625 0.4984375 0.19921875
6 0.25 0.8640625 0.5 0.19921875
6 0.75078125 0.8640625 0.4984375 0.19921875
6 0.04453125 0.91796875 0.08828125 0.04140625
6 0.95546875 0.91796875 0.08828125 0.04140625