13 0.09333333333333334 0.059375 0.13333333333333333 0.028125
6 0.88 0.059375 0.08 0.05
6 0.9533333333333334 0.059375 0.06666666666666667 0.05
13 0.16625 0.12578125 0.06583333333333333 0.025520833333333333
13 0.5 0.12578125 0.06 0.025520833333333333
13 0.8329166666666666 0.12578125 0.0725 0.025520833333333333
6 0.25 0.2591145833333333 0.5 0.19947916666666668
6 0.7508333333333334 0.2591145833333333 0.49833333333333335 0.19947916666666668
6 0.25 0.46067708333333335 0.5 0.19947916666666668
6 0.7508333333333334 0.46067708333333335 0.49833333333333335 0.19947916666666668
6 0.25 0.6622395833333333 0.5 0.19947916666666668
6 0.7508333333333334 0.6622395833333333 0.49833333333333335 0.19947916666666668
6 0.25 0.8638020833333333 0.5 0.19947916666666668
6 0.7508333333333334 0.8638020833333333 0.49833333333333335 0.19947916666666668
6 0.04416666666666667 0.9182291666666667 0.08833333333333333 0.041666666666666664
6 0.9558333333333333 0.9182291666666667 0.08833333333333333 0.041666666666666664