5 0.06015625 0.059375 0.09296875 0.06640625
13 0.22265625 0.059375 0.178125 0.028125
13 0.8 0.059375 0.0796875 0.05
13 0.8796875 0.059375 0.0796875 0.05
6 0.953125 0.059375 0.06640625 0.05
2 0.45546875 0.11953125 0.878125 0.02578125
5 0.95625 0.11875 0.0875 0.053125
2 0.45546875 0.175 0.878125 0.02578125
5 0.95625 0.17421875 0.0875 0.0546875
2 0.45546875 0.2296875 0.878125 0.02578125
5 0.95625 0.2296875 0.0875 0.053125
2 0.45546875 0.28515625 0.878125 0.02578125
5 0.95625 0.284375 0.0875 0.053125
2 0.45546875 0.340625 0.878125 0.02578125
5 0.95625 0.33984375 0.0875 0.0546875
2 0.45546875 0.3953125 0.878125 0.02578125
5 0.95625 0.3953125 0.0875 0.053125
2 0.45546875 0.45078125 0.878125 0.02578125
5 0.95625 0.45 0.0875 0.053125
2 0.45546875 0.50625 0.878125 0.02578125
5 0.95625 0.50546875 0.0875 0.0546875
13 0.5 0.56171875 1 0.05390625