5 0.06 0.059375 0.09333333333333334 0.06666666666666667
13 0.2225 0.059375 0.17833333333333334 0.028125
13 0.8 0.059375 0.08 0.05
13 0.88 0.059375 0.08 0.05
6 0.9533333333333334 0.059375 0.06666666666666667 0.05
2 0.4558333333333333 0.11953125 0.8783333333333333 0.025520833333333333
5 0.9566666666666667 0.11979166666666667 0.08666666666666667 0.05416666666666667
2 0.4558333333333333 0.17473958333333334 0.8783333333333333 0.025520833333333333
5 0.9566666666666667 0.175 0.08666666666666667 0.05416666666666667
2 0.4558333333333333 0.22994791666666667 0.8783333333333333 0.025520833333333333
5 0.9566666666666667 0.23020833333333332 0.08666666666666667 0.05416666666666667
2 0.4558333333333333 0.28515625 0.8783333333333333 0.025520833333333333
5 0.9566666666666667 0.28541666666666665 0.08666666666666667 0.05416666666666667
2 0.4558333333333333 0.34036458333333336 0.8783333333333333 0.025520833333333333
5 0.9566666666666667 0.340625 0.08666666666666667 0.05416666666666667
2 0.4558333333333333 0.39557291666666666 0.8783333333333333 0.025520833333333333
5 0.9566666666666667 0.3958333333333333 0.08666666666666667 0.05416666666666667
2 0.4558333333333333 0.45078125 0.8783333333333333 0.025520833333333333
5 0.9566666666666667 0.4510416666666667 0.08666666666666667 0.05416666666666667
2 0.4558333333333333 0.5059895833333333 0.8783333333333333 0.025520833333333333
5 0.9566666666666667 0.50625 0.08666666666666667 0.05416666666666667
13 0.5 0.5614583333333333 1 0.05416666666666667