6 0.1025 0.9 0.09666666666666666 0.059375
6 0.23333333333333334 0.8994791666666667 0.085 0.040625
6 0.37083333333333335 0.9020833333333333 0.09166666666666666 0.052083333333333336
6 0.6370833333333333 0.8979166666666667 0.1075 0.05520833333333333
6 0.7658333333333334 0.8984375 0.08 0.042708333333333334
6 0.9058333333333334 0.8994791666666667 0.09333333333333334 0.051041666666666666
6 0.895 0.7572916666666667 0.10333333333333333 0.06041666666666667
6 0.7425 0.7552083333333334 0.1 0.05416666666666667
6 0.58375 0.75703125 0.11916666666666667 0.07239583333333334
6 0.09958333333333333 0.12942708333333333 0.1275 0.07135416666666666
6 0.25916666666666666 0.13229166666666667 0.09 0.04583333333333333
6 0.42541666666666667 0.1296875 0.11916666666666667 0.057291666666666664
6 0.5833333333333334 0.13125 0.09833333333333333 0.06041666666666667
6 0.7375 0.13020833333333334 0.10166666666666667 0.05625
13 0.10375 0.17682291666666666 0.10916666666666666 0.018229166666666668
13 0.25958333333333333 0.17578125 0.13416666666666666 0.018229166666666668
13 0.4195833333333333 0.18046875 0.1425 0.018229166666666668
13 0.58 0.17578125 0.09166666666666666 0.018229166666666668
13 0.7370833333333333 0.17734375 0.1175 0.021354166666666667
13 0.8995833333333333 0.8018229166666667 0.10583333333333333 0.016145833333333335
13 0.7416666666666667 0.80078125 0.075 0.016145833333333335