6 0.10234375 0.9 0.096875 0.059375
6 0.23359375 0.89921875 0.08515625 0.040625
6 0.37109375 0.90234375 0.09140625 0.05234375
6 0.63671875 0.89765625 0.1078125 0.05546875
6 0.765625 0.8984375 0.0796875 0.04296875
6 0.90546875 0.89921875 0.09296875 0.05078125
6 0.8953125 0.75703125 0.103125 0.06015625
6 0.7421875 0.75546875 0.1 0.05390625
6 0.58359375 0.75703125 0.11953125 0.07265625
6 0.09921875 0.1296875 0.12734375 0.07109375
6 0.259375 0.13203125 0.08984375 0.04609375
6 0.42578125 0.1296875 0.11953125 0.05703125
6 0.58359375 0.13125 0.0984375 0.06015625
6 0.7375 0.13046875 0.1015625 0.05625
13 0.10390625 0.1765625 0.109375 0.01796875
13 0.259375 0.17578125 0.134375 0.01796875
13 0.41953125 0.18046875 0.1421875 0.01796875
13 0.5796875 0.17578125 0.09140625 0.01796875
13 0.73671875 0.17734375 0.1171875 0.02109375
13 0.89921875 0.8015625 0.10546875 0.01640625
13 0.74140625 0.80078125 0.075 0.01640625