5 0.06015625 0.059375 0.09296875 0.06640625
13 0.5 0.059375 0.78671875 0.0328125
13 0.93984375 0.059375 0.09296875 0.05
13 0.125 0.115625 0.25 0.0453125
13 0.375 0.115625 0.25 0.0453125
13 0.625 0.115625 0.25 0.0453125
13 0.875 0.115625 0.25 0.0453125
13 0.5 0.13828125 1 0.00078125
6 0.5 0.26640625 0.98984375 0.2375
6 0.25234375 0.49140625 0.48203125 0.2046875
13 0.25234375 0.609375 0.109375 0.03125
6 0.46640625 0.609375 0.053125 0.03125
6 0.74765625 0.49140625 0.48203125 0.2046875
13 0.74765625 0.609375 0.38828125 0.028125
6 0.96171875 0.609375 0.053125 0.03125
6 0.25234375 0.7359375 0.48203125 0.2046875
13 0.25234375 0.85390625 0.0859375 0.03125
6 0.46640625 0.85390625 0.053125 0.03125
6 0.74765625 0.7359375 0.48203125 0.2046875
13 0.74765625 0.85390625 0.38828125 0.028125
6 0.96171875 0.85390625 0.053125 0.03125
6 0.2515625 0.93828125 0.48125 0.1234375
6 0.746875 0.93828125 0.48125 0.1234375