5 0.06 0.059375 0.09333333333333334 0.06666666666666667
13 0.5 0.05911458333333333 0.7866666666666666 0.0328125
13 0.94 0.059375 0.09333333333333334 0.05
13 0.125 0.11536458333333334 0.25 0.0453125
13 0.375 0.11536458333333334 0.25 0.0453125
13 0.625 0.11536458333333334 0.25 0.0453125
13 0.875 0.11536458333333334 0.25 0.0453125
13 0.5 0.13854166666666667 1 0.0010416666666666667
6 0.5 0.26614583333333336 0.99 0.2375
6 0.2525 0.49140625 0.4816666666666667 0.2046875
13 0.2520833333333333 0.609375 0.10916666666666666 0.03125
6 0.4666666666666667 0.609375 0.05333333333333334 0.03125
6 0.7475 0.49140625 0.4816666666666667 0.2046875
13 0.7475 0.609375 0.3883333333333333 0.028125
6 0.9616666666666667 0.609375 0.05333333333333334 0.03125
6 0.2525 0.7356770833333334 0.4816666666666667 0.2046875
13 0.2520833333333333 0.8536458333333333 0.08583333333333333 0.03125
6 0.4666666666666667 0.8536458333333333 0.05333333333333334 0.03125
6 0.7475 0.7356770833333334 0.4816666666666667 0.2046875
13 0.7475 0.8536458333333333 0.3883333333333333 0.028125
6 0.9616666666666667 0.8536458333333333 0.05333333333333334 0.03125
6 0.2525 0.9388020833333334 0.4816666666666667 0.12239583333333333
6 0.7475 0.9388020833333334 0.4816666666666667 0.12239583333333333