13 0.13359375 0.059375 0.18671875 0.03359375
5 0.88203125 0.059375 0.053125 0.06640625
3 0.5 0.13203125 0.953125 0.04765625
0 0.228125 0.18046875 0.41640625 0.05
0 0.6453125 0.18046875 0.41640625 0.05
5 0.93359375 0.18046875 0.09296875 0.05
13 0.50234375 0.23515625 0.9546875 0.02578125
11 0.50234375 0.2609375 0.9546875 0.025
13 0.4890625 0.2609375 0.928125 0.02265625
13 0.50234375 0.303125 0.9546875 0.02578125
0 0.1453125 0.34140625 0.240625 0.05
13 0.50234375 0.39609375 0.9546875 0.02578125
0 0.115625 0.43359375 0.18046875 0.05
0 0.31328125 0.43359375 0.2140625 0.05