6 0.5 0.16015625 0.21640625 0.13515625
13 0.5 0.24765625 0.1515625 0.02578125
13 0.49921875 0.2734375 0.165625 0.01796875
13 0.12421875 0.315625 0.2484375 0.04609375
13 0.37421875 0.315625 0.2484375 0.04609375
13 0.62421875 0.315625 0.2484375 0.04609375
13 0.87421875 0.315625 0.24921875 0.04609375
6 0.5 0.1828125 1 0.31328125
5 0.06015625 0.059375 0.09296875 0.06640625
13 0.2328125 0.059375 0.19921875 0.025
13 0.5 0.36484375 0.1265625 0.01953125
13 0.5 0.63984375 0.93359375 0.459375
6 0.9828125 0.9046875 0.034375 0.015625