6 0.1546875 0.41875 0.1390625 0.08046875
6 0.60703125 0.415625 0.12890625 0.0828125
6 0.84140625 0.421875 0.12421875 0.07734375
6 0.61328125 0.56328125 0.140625 0.08515625
6 0.15390625 0.565625 0.13046875 0.07421875
6 0.38359375 0.5671875 0.1140625 0.07734375
5 0.8484375 0.0546875 0.075 0.04375
5 0.94296875 0.05078125 0.059375 0.040625
13 0.73046875 0.05390625 0.09140625 0.02421875
13 0.234375 0.0734375 0.4390625 0.0171875
13 0.1578125 0.6328125 0.18515625 0.05
13 0.3890625 0.63671875 0.1703125 0.04296875
13 0.61328125 0.63984375 0.2296875 0.04765625
13 0.84296875 0.490625 0.16640625 0.05
13 0.39375 0.47578125 0.19921875 0.02265625
13 0.728125 0.109375 0.08984375 0.02578125