6 0.15458333333333332 0.41901041666666666 0.13916666666666666 0.08072916666666667
6 0.6070833333333333 0.4153645833333333 0.12916666666666668 0.0828125
6 0.84125 0.42161458333333335 0.12416666666666666 0.07760416666666667
6 0.6129166666666667 0.56328125 0.14083333333333334 0.08489583333333334
6 0.15375 0.5653645833333333 0.13083333333333333 0.07447916666666667
6 0.38375 0.5669270833333333 0.11416666666666667 0.07760416666666667
5 0.8483333333333334 0.0546875 0.075 0.04375
5 0.9429166666666666 0.051041666666666666 0.059166666666666666 0.040625
13 0.7308333333333333 0.05390625 0.09166666666666666 0.024479166666666666
13 0.23458333333333334 0.07317708333333334 0.43916666666666665 0.0171875
13 0.1575 0.6328125 0.185 0.05
13 0.38916666666666666 0.6369791666666667 0.17 0.042708333333333334
13 0.6133333333333333 0.6395833333333333 0.23 0.04791666666666667
13 0.8433333333333334 0.490625 0.16666666666666666 0.05
13 0.39375 0.47578125 0.19916666666666666 0.022395833333333334
13 0.7283333333333334 0.10963541666666667 0.09 0.025520833333333333