6 0.5 0.48828125 1 0.92421875
5 0.06015625 0.05703125 0.09296875 0.0625
13 0.4546875 0.05703125 0.696875 0.025
6 0.84921875 0.0484375 0.09140625 0.03828125
13 0.8484375 0.07578125 0.0421875 0.01640625
6 0.940625 0.04921875 0.053125 0.03359375
6 0.940625 0.08046875 0.06640625 0.02578125
13 0.14609375 0.10234375 0.221875 0.01796875
13 0.92578125 0.10234375 0.078125 0.01796875
13 0.5 0.125 0.9296875 0.01875
13 0.096875 0.18203125 0.1265625 0.01796875
13 0.8109375 0.18203125 0.21796875 0.04140625
6 0.96640625 0.18203125 0.04296875 0.02734375
3 0.4734375 0.23984375 0.91015625 0.05
13 0.9546875 0.23984375 0.053125 0.02890625
0 0.1390625 0.29296875 0.24453125 0.03359375
13 0.103125 0.3625 0.1734375 0.08984375
13 0.065625 0.41796875 0.0984375 0.021875
6 0.90859375 0.36484375 0.15 0.09375
6 0.06328125 0.47890625 0.06015625 0.0375
13 0.5296875 0.47890625 0.8734375 0.02265625
6 0.0765625 0.55625 0.06640625 0.04140625
13 0.2328125 0.55625 0.22890625 0.04140625
13 0.5 0.60546875 0.91328125 0.025
13 0.04296875 0.66015625 0.05 0.05
13 0.5 0.66015625 0.04140625 0.02578125
13 0.940625 0.6609375 0.08203125 0.05234375
6 0.5 0.77734375 0.8265625 0.103125
13 0.08671875 0.8359375 0.075 0.01484375
13 0.08671875 0.8640625 0.1078125 0.03203125
13 0.91171875 0.8359375 0.06953125 0.01484375
13 0.91171875 0.8640625 0.109375 0.03203125
13 0.19140625 0.90234375 0.31640625 0.021875
6 0.50859375 0.90234375 0.31640625 0.03359375
13 0.825 0.90234375 0.31640625 0.021875
6 0.9828125 0.9046875 0.034375 0.015625