6 0.5 0.48802083333333335 1 0.9239583333333333
5 0.06 0.057291666666666664 0.09333333333333334 0.0625
13 0.455 0.057291666666666664 0.6966666666666667 0.025
6 0.8491666666666666 0.0484375 0.09166666666666666 0.03854166666666667
13 0.84875 0.07604166666666666 0.0425 0.016666666666666666
6 0.9408333333333333 0.04895833333333333 0.05333333333333334 0.03333333333333333
6 0.9408333333333333 0.08020833333333334 0.06666666666666667 0.026041666666666668
13 0.14583333333333334 0.10260416666666666 0.22166666666666668 0.017708333333333333
13 0.9258333333333333 0.10260416666666666 0.07833333333333334 0.017708333333333333
13 0.5 0.125 0.93 0.01875
13 0.09666666666666666 0.18229166666666666 0.12666666666666668 0.017708333333333333
13 0.8108333333333333 0.18229166666666666 0.21833333333333332 0.041666666666666664
6 0.9666666666666667 0.18229166666666666 0.043333333333333335 0.027083333333333334
3 0.47333333333333333 0.23958333333333334 0.91 0.05
13 0.955 0.23958333333333334 0.05333333333333334 0.029166666666666667
0 0.13875 0.29270833333333335 0.24416666666666667 0.03333333333333333
13 0.10333333333333333 0.3625 0.17333333333333334 0.08958333333333333
13 0.06583333333333333 0.41822916666666665 0.09833333333333333 0.021875
6 0.9083333333333333 0.3645833333333333 0.15 0.09375
6 0.06333333333333334 0.4791666666666667 0.06 0.0375
13 0.53 0.4791666666666667 0.8733333333333333 0.022916666666666665
6 0.07666666666666666 0.55625 0.06666666666666667 0.041666666666666664
13 0.23291666666666666 0.55625 0.22916666666666666 0.041666666666666664
13 0.5 0.6052083333333333 0.9133333333333333 0.025
13 0.043333333333333335 0.6604166666666667 0.05 0.05
13 0.5 0.6604166666666667 0.041666666666666664 0.026041666666666668
13 0.9408333333333333 0.6606770833333333 0.08166666666666667 0.05260416666666667
6 0.5 0.7770833333333333 0.8266666666666667 0.103125
13 0.08666666666666667 0.8361979166666667 0.075 0.015104166666666667
13 0.08708333333333333 0.8640625 0.1075 0.03229166666666667
13 0.9120833333333334 0.8361979166666667 0.06916666666666667 0.015104166666666667
13 0.9120833333333334 0.8640625 0.10916666666666666 0.03229166666666667
13 0.19166666666666668 0.9020833333333333 0.31666666666666665 0.021875
6 0.5083333333333333 0.9020833333333333 0.31666666666666665 0.03333333333333333
13 0.825 0.9020833333333333 0.31666666666666665 0.021875
6 0.9833333333333333 0.9057291666666667 0.03333333333333333 0.015625