5 0.06 0.059375 0.09333333333333334 0.06666666666666667
6 0.5066666666666667 0.059375 0.2 0.05
6 0.9533333333333334 0.059375 0.06666666666666667 0.05
13 0.5 0.13854166666666667 0.09 0.075
13 0.44666666666666666 0.24036458333333333 0.25666666666666665 0.12864583333333332
6 0.635 0.24010416666666667 0.09333333333333334 0.058333333333333334
13 0.4995833333333333 0.3140625 0.1225 0.01875
13 0.45125 0.35625 0.049166666666666664 0.026041666666666668
13 0.49541666666666667 0.3567708333333333 0.03916666666666667 0.023958333333333335
13 0.54375 0.3546875 0.0575 0.03125
6 0.09333333333333334 0.4453125 0.13333333333333333 0.08333333333333333
13 0.10166666666666667 0.503125 0.15 0.021875
13 0.10166666666666667 0.5221354166666666 0.15 0.016145833333333335
13 0.27958333333333335 0.4158854166666667 0.20583333333333334 0.024479166666666666
13 0.27291666666666664 0.4401041666666667 0.1925 0.023958333333333335
13 0.575 0.5942708333333333 0.7966666666666666 0.284375
13 0.12708333333333333 0.771875 0.20083333333333334 0.01875
6 0.5 0.8927083333333333 1 0.21458333333333332
6 0.5 0.9609375 0.1 0.0625