5 0.06015625 0.059375 0.09296875 0.06640625
6 0.50703125 0.059375 0.2 0.05
6 0.953125 0.059375 0.06640625 0.05
13 0.5 0.13828125 0.08984375 0.075
13 0.446875 0.240625 0.25703125 0.12890625
6 0.63515625 0.23984375 0.09296875 0.05859375
13 0.49921875 0.3140625 0.12265625 0.01875
13 0.4515625 0.35625 0.04921875 0.02578125
13 0.4953125 0.35703125 0.0390625 0.02421875
13 0.54375 0.3546875 0.0578125 0.03125
6 0.09296875 0.4453125 0.13359375 0.08359375
13 0.1015625 0.503125 0.15 0.021875
13 0.1015625 0.521875 0.15 0.01640625
13 0.2796875 0.415625 0.20546875 0.02421875
13 0.27265625 0.43984375 0.1921875 0.02421875
13 0.575 0.59453125 0.796875 0.284375
13 0.12734375 0.771875 0.20078125 0.01875
6 0.5 0.8921875 1 0.215625
6 0.5 0.9609375 0.1 0.0625