13 0.21953125 0.0578125 0.2015625 0.0265625
13 0.128125 0.19375 0.1359375 0.0328125
13 0.13125 0.28359375 0.08515625 0.0375
13 0.11953125 0.7234375 0.05625 0.03046875
13 0.1296875 0.90078125 0.0625 0.0328125
6 0.0578125 0.2828125 0.0484375 0.03828125
6 0.0625 0.4609375 0.06015625 0.0375
6 0.0609375 0.6390625 0.04609375 0.03515625
6 0.0609375 0.81328125 0.0484375 0.0359375
13 0.76328125 0.553125 0.1140625 0.03515625
13 0.76015625 0.8140625 0.0953125 0.03203125
13 0.7578125 0.2828125 0.0984375 0.03515625
13 0.44453125 0.1140625 0.1359375 0.02734375
5 0.06015625 0.06015625 0.0625 0.0234375
5 0.94765625 0.0578125 0.06484375 0.03515625
5 0.9640625 0.121875 0.0625 0.0390625