5 0.06015625 0.059375 0.09296875 0.06640625
13 0.2078125 0.059375 0.18828125 0.028125
13 0.7203125 0.059375 0.0796875 0.05
13 0.8 0.059375 0.0796875 0.05
13 0.8796875 0.059375 0.0796875 0.05
6 0.953125 0.059375 0.06640625 0.05
13 0.2 0.11171875 0.4 0.0375
13 0.2 0.15 0.4 0.0375
13 0.2 0.18828125 0.4 0.0375
13 0.2 0.22734375 0.4 0.0375
13 0.2 0.265625 0.4 0.0375
13 0.2 0.30390625 0.4 0.0375
13 0.2 0.36171875 0.4 0.075
13 0.70078125 0.11015625 0.0984375 0.01953125
13 0.97421875 0.11015625 0.05078125 0.01953125
13 0.54375 0.53359375 0.23046875 0.0421875
13 0.7109375 0.61640625 0.56484375 0.12265625
5 0.93359375 0.909375 0.09296875 0.05390625