5 0.06 0.059375 0.09333333333333334 0.06666666666666667
13 0.2075 0.059375 0.18833333333333332 0.028125
13 0.72 0.059375 0.08 0.05
13 0.8 0.059375 0.08 0.05
13 0.88 0.059375 0.08 0.05
6 0.9533333333333334 0.059375 0.06666666666666667 0.05
13 0.2 0.11145833333333334 0.4 0.0375
13 0.2 0.15 0.4 0.0375
13 0.2 0.18854166666666666 0.4 0.0375
13 0.2 0.22708333333333333 0.4 0.0375
13 0.2 0.265625 0.4 0.0375
13 0.2 0.30416666666666664 0.4 0.0375
13 0.2 0.3614583333333333 0.4 0.075
13 0.7008333333333333 0.10989583333333333 0.09833333333333333 0.019791666666666666
13 0.9745833333333334 0.10989583333333333 0.050833333333333335 0.019791666666666666
13 0.54375 0.53359375 0.23083333333333333 0.0421875
13 0.7108333333333333 0.6161458333333333 0.565 0.12291666666666666
5 0.9333333333333333 0.909375 0.09333333333333334 0.05416666666666667