13 0.219375 0.0578125 0.20125 0.0265625
13 0.128125 0.19375 0.13625 0.0328125
13 0.13125 0.28359375 0.085 0.0375
13 0.119375 0.723046875 0.05625 0.03046875
13 0.13 0.90078125 0.0625 0.0328125
6 0.058125 0.282421875 0.04875 0.03828125
6 0.0625 0.4609375 0.06 0.0375
6 0.060625 0.638671875 0.04625 0.03515625
6 0.060625 0.81328125 0.04875 0.0359375
13 0.763125 0.553515625 0.11375 0.03515625
13 0.76 0.814453125 0.095 0.03203125
13 0.758125 0.283203125 0.09875 0.03515625
13 0.444375 0.113671875 0.13625 0.02734375
5 0.06 0.06015625 0.0625 0.0234375
5 0.9475 0.058203125 0.065 0.03515625
5 0.96375 0.121875 0.0625 0.0390625