5 0.06015625 0.05859375 0.09296875 0.06640625
13 0.340625 0.05859375 0.41484375 0.028125
13 0.5 0.1375 0.93359375 0.0390625
13 0.5 0.2140625 0.93359375 0.09375
3 0.5 0.3140625 0.9453125 0.05859375
3 0.5 0.37421875 0.9453125 0.05859375
3 0.5 0.43359375 0.9453125 0.05859375
1 0.05078125 0.5015625 0.053125 0.03359375
13 0.53046875 0.528125 0.87265625 0.07578125
1 0.05078125 0.61015625 0.053125 0.03359375
13 0.2984375 0.61875 0.40859375 0.0390625
13 0.5 0.69140625 0.93359375 0.0390625
13 0.165625 0.73046875 0.26484375 0.01796875
0 0.5 0.79765625 0.93359375 0.05