13 0.46640625 0.48203125 0.80546875 0.02421875
13 0.2140625 0.4265625 0.146875 0.0296875
6 0.09609375 0.4234375 0.0703125 0.03828125
13 0.11171875 0.05 0.20390625 0.02578125
13 0.696875 0.053125 0.0796875 0.02421875
13 0.17734375 0.0984375 0.22734375 0.02578125
13 0.21640625 0.1421875 0.31484375 0.02109375
13 0.78046875 0.14375 0.39453125 0.03671875
13 0.1421875 0.74296875 0.1515625 0.02734375
13 0.14921875 0.8203125 0.1796875 0.03359375
13 0.1125 0.63203125 0.0984375 0.02421875
13 0.22109375 0.2734375 0.3203125 0.02578125
12 0.840625 0.27109375 0.2078125 0.04296875
12 0.83984375 0.32578125 0.20546875 0.04453125
13 0.7328125 0.55625 0.08359375 0.0328125
13 0.27265625 0.55625 0.1109375 0.0296875
5 0.6078125 0.05 0.059375 0.03359375