13 0.2890625 0.34765625 0.425 0.02109375
13 0.26796875 0.44375 0.3859375 0.03203125
13 0.1953125 0.56875 0.23984375 0.02578125
13 0.2328125 0.71484375 0.31484375 0.03515625
13 0.221875 0.859375 0.2875 0.0296875
13 0.1515625 0.215625 0.25859375 0.02578125
1 0.03515625 0.39375 0.0578125 0.03359375
1 0.040625 0.5171875 0.0578125 0.03671875
1 0.04765625 0.615625 0.071875 0.03515625
1 0.04140625 0.76171875 0.06328125 0.04140625
1 0.040625 0.9078125 0.0609375 0.0359375
5 0.06015625 0.06015625 0.05546875 0.03046875
13 0.92890625 0.215625 0.103125 0.03359375
3 0.49765625 0.26796875 0.98515625 0.04765625
13 0.25 0.059375 0.2484375 0.02421875
13 0.921875 0.34765625 0.0984375 0.0296875
13 0.92265625 0.396875 0.1140625 0.0296875
13 0.9171875 0.4453125 0.109375 0.02421875
13 0.59296875 0.11875 0.075 0.03203125
13 0.30078125 0.11796875 0.0984375 0.040625