13 0.2891666666666667 0.34765625 0.425 0.021354166666666667
13 0.2679166666666667 0.4440104166666667 0.3858333333333333 0.03177083333333333
13 0.195 0.5684895833333333 0.24 0.025520833333333333
13 0.2325 0.71484375 0.315 0.034895833333333334
13 0.22208333333333333 0.8596354166666667 0.2875 0.0296875
13 0.15166666666666667 0.21588541666666666 0.25833333333333336 0.025520833333333333
1 0.035416666666666666 0.39401041666666664 0.0575 0.033854166666666664
1 0.04041666666666666 0.5169270833333334 0.0575 0.03697916666666667
1 0.0475 0.6158854166666666 0.07166666666666667 0.034895833333333334
1 0.041666666666666664 0.7614583333333333 0.06333333333333334 0.041666666666666664
1 0.04041666666666666 0.9075520833333334 0.060833333333333336 0.0359375
5 0.06041666666666667 0.06015625 0.05583333333333333 0.030729166666666665
13 0.9291666666666667 0.21588541666666666 0.10333333333333333 0.033854166666666664
3 0.4975 0.2682291666666667 0.985 0.04791666666666667
13 0.25 0.05911458333333333 0.24833333333333332 0.024479166666666666
13 0.9216666666666666 0.34765625 0.09833333333333333 0.0296875
13 0.9229166666666667 0.3966145833333333 0.11416666666666667 0.0296875
13 0.9170833333333334 0.44505208333333335 0.10916666666666666 0.024479166666666666
13 0.5933333333333334 0.11901041666666666 0.075 0.03177083333333333
13 0.30083333333333334 0.11822916666666666 0.09833333333333333 0.040625