13 0.15859375 0.05234375 0.12421875 0.03125
5 0.95 0.05234375 0.1 0.03125
13 0.02265625 0.10390625 0.0453125 0.0234375
13 0.2328125 0.1046875 0.1390625 0.02265625
13 0.5 0.1046875 0.13359375 0.02265625
13 0.76640625 0.1046875 0.12109375 0.02265625
5 0.215625 0.1640625 0.05 0.046875
5 0.125 0.18203125 0.13359375 0.08359375
13 0.12265625 0.23828125 0.04609375 0.01796875
6 0.18359375 0.23828125 0.0015625 0.025
13 0.21640625 0.23125 0.02421875 0.01484375
6 0.21640625 0.24609375 0.02890625 0.01484375
5 0.20390625 0.23515625 0.09140625 0.05703125
5 0.465625 0.1640625 0.05 0.046875
5 0.375 0.18203125 0.13359375 0.08359375
13 0.37265625 0.23828125 0.03984375 0.01796875
6 0.43359375 0.23828125 0.0015625 0.025
13 0.46640625 0.23125 0.02421875 0.01484375
6 0.46640625 0.24609375 0.02890625 0.01484375
5 0.45390625 0.23515625 0.09140625 0.05703125
5 0.715625 0.1640625 0.05 0.046875
5 0.625 0.18203125 0.13359375 0.08359375
13 0.62265625 0.23828125 0.059375 0.01796875
6 0.68359375 0.23828125 0.0015625 0.025
13 0.71640625 0.23125 0.02421875 0.01484375
6 0.71640625 0.24609375 0.02890625 0.01484375
5 0.70390625 0.23515625 0.09140625 0.05703125
5 0.965625 0.1640625 0.05 0.046875
5 0.875 0.18203125 0.13359375 0.08359375
13 0.87265625 0.23828125 0.09609375 0.01796875
6 0.93359375 0.23828125 0.0015625 0.025
13 0.96640625 0.23125 0.02421875 0.01484375
6 0.96640625 0.24609375 0.02890625 0.01484375
5 0.95390625 0.23515625 0.09140625 0.05703125
5 0.215625 0.29765625 0.05 0.046875
5 0.125 0.315625 0.13359375 0.08359375
13 0.07421875 0.3734375 0.1421875 0.0328125
6 0.18359375 0.3734375 0.0015625 0.025
13 0.21640625 0.36484375 0.02421875 0.01484375
6 0.21640625 0.37890625 0.02890625 0.01484375
5 0.20390625 0.371875 0.09140625 0.05703125
5 0.465625 0.29765625 0.05 0.046875
5 0.375 0.315625 0.13359375 0.08359375
13 0.34453125 0.371875 0.096875 0.01796875
6 0.43359375 0.371875 0.0015625 0.025
13 0.46640625 0.36484375 0.02421875 0.01484375
6 0.46640625 0.37890625 0.02890625 0.01484375
5 0.45390625 0.36796875 0.09140625 0.05703125
5 0.715625 0.29765625 0.05 0.046875
5 0.625 0.315625 0.13359375 0.08359375
13 0.60078125 0.371875 0.103125 0.01796875
6 0.68359375 0.371875 0.0015625 0.025
13 0.71640625 0.36484375 0.02421875 0.01484375
6 0.71640625 0.37890625 0.02890625 0.01484375
5 0.70390625 0.36796875 0.09140625 0.05703125
5 0.965625 0.29765625 0.05 0.046875
5 0.875 0.315625 0.13359375 0.08359375
13 0.84296875 0.371875 0.1546875 0.01796875
6 0.93359375 0.371875 0.0015625 0.025
13 0.96640625 0.36484375 0.02421875 0.01484375
6 0.96640625 0.37890625 0.02890625 0.01484375
5 0.95390625 0.36796875 0.09140625 0.05703125
5 0.215625 0.434375 0.05 0.046875
5 0.125 0.45234375 0.13359375 0.08359375
13 0.1203125 0.50859375 0.11171875 0.01796875
6 0.18359375 0.50859375 0.0015625 0.025
13 0.21640625 0.5015625 0.02421875 0.01484375
6 0.21640625 0.51640625 0.02890625 0.01484375
5 0.20390625 0.50546875 0.09140625 0.05703125
5 0.465625 0.434375 0.05 0.046875
5 0.375 0.45234375 0.13359375 0.08359375
13 0.37734375 0.50859375 0.0875 0.01796875
6 0.43359375 0.50859375 0.0015625 0.025
13 0.46640625 0.5015625 0.02421875 0.01484375
6 0.46640625 0.51640625 0.02890625 0.01484375
5 0.45390625 0.50546875 0.09140625 0.05703125
5 0.715625 0.434375 0.05 0.046875
5 0.625 0.45234375 0.13359375 0.08359375
13 0.60703125 0.50859375 0.13515625 0.01796875
6 0.68359375 0.50859375 0.0015625 0.025
13 0.71640625 0.5015625 0.02421875 0.01484375
6 0.71640625 0.51640625 0.02890625 0.01484375
5 0.70390625 0.50546875 0.09140625 0.05703125
5 0.965625 0.434375 0.05 0.046875
5 0.875 0.45234375 0.13359375 0.08359375
13 0.85625 0.50859375 0.1390625 0.01796875
6 0.93359375 0.50859375 0.0015625 0.025
13 0.96640625 0.5015625 0.02421875 0.01484375
6 0.96640625 0.51640625 0.02890625 0.01484375
5 0.95390625 0.50546875 0.09140625 0.05703125
5 0.215625 0.57109375 0.05 0.046875
5 0.125 0.58984375 0.13359375 0.08359375
13 0.14609375 0.64609375 0.059375 0.01796875
6 0.18359375 0.64609375 0.0015625 0.025
13 0.21640625 0.63828125 0.02421875 0.01484375
6 0.21640625 0.653125 0.02890625 0.01484375
5 0.20390625 0.6421875 0.09140625 0.05703125
5 0.465625 0.57109375 0.05 0.046875
5 0.375 0.58984375 0.13359375 0.08359375
13 0.33984375 0.64609375 0.153125 0.01796875
6 0.43359375 0.64609375 0.0015625 0.025
13 0.46640625 0.63828125 0.02421875 0.01484375
6 0.46640625 0.653125 0.02890625 0.01484375
5 0.45390625 0.6421875 0.09140625 0.05703125
5 0.715625 0.57109375 0.05 0.046875
5 0.625 0.58984375 0.13359375 0.08359375
13 0.62734375 0.64609375 0.096875 0.01796875
6 0.68359375 0.64609375 0.0015625 0.025
13 0.71640625 0.63828125 0.02421875 0.01484375
6 0.71640625 0.653125 0.02890625 0.01484375
5 0.70390625 0.6421875 0.09140625 0.05703125
5 0.965625 0.57109375 0.05 0.046875
5 0.875 0.58984375 0.13359375 0.08359375
13 0.90546875 0.64609375 0.040625 0.01796875
6 0.93359375 0.64609375 0.0015625 0.025
13 0.96640625 0.63828125 0.02421875 0.01484375
6 0.96640625 0.653125 0.02890625 0.01484375
5 0.95390625 0.6421875 0.09140625 0.05703125
5 0.215625 0.7078125 0.05 0.046875
5 0.125 0.72578125 0.13359375 0.08359375
13 0.10703125 0.78203125 0.090625 0.01796875
6 0.18359375 0.78203125 0.0015625 0.025
13 0.21640625 0.775 0.02421875 0.01484375
6 0.21640625 0.78984375 0.02890625 0.01484375
5 0.20390625 0.77890625 0.09140625 0.05703125
5 0.465625 0.7078125 0.05 0.046875
5 0.375 0.72578125 0.13359375 0.08359375
13 0.3765625 0.78203125 0.0984375 0.01796875
6 0.43359375 0.78203125 0.0015625 0.025
13 0.46640625 0.775 0.02421875 0.01484375
6 0.46640625 0.78984375 0.02890625 0.01484375
5 0.45390625 0.77890625 0.09140625 0.05703125
5 0.715625 0.7078125 0.05 0.046875
5 0.625 0.72578125 0.13359375 0.08359375
13 0.64296875 0.78203125 0.0546875 0.01796875
6 0.68359375 0.78203125 0.0015625 0.025
13 0.71640625 0.775 0.02421875 0.01484375
6 0.71640625 0.78984375 0.02890625 0.01484375
5 0.70390625 0.77890625 0.09140625 0.05703125
5 0.965625 0.7078125 0.05 0.046875
5 0.875 0.72578125 0.13359375 0.08359375
13 0.85390625 0.78203125 0.078125 0.01796875
6 0.93359375 0.78203125 0.0015625 0.025
13 0.96640625 0.775 0.02421875 0.01484375
6 0.96640625 0.78984375 0.02890625 0.01484375
5 0.95390625 0.77890625 0.09140625 0.05703125
5 0.215625 0.84140625 0.05 0.046875
5 0.125 0.859375 0.13359375 0.08359375
5 0.465625 0.84140625 0.05 0.046875
5 0.375 0.859375 0.13359375 0.08359375
5 0.715625 0.84140625 0.05 0.046875
5 0.625 0.859375 0.13359375 0.08359375
5 0.965625 0.84140625 0.05 0.046875
5 0.875 0.859375 0.13359375 0.08359375
6 0.5 0.91328125 1 0.07265625