5 0.06 0.059375 0.09333333333333334 0.058333333333333334
13 0.235 0.059375 0.24333333333333335 0.028125
6 0.9466666666666667 0.059375 0.08 0.05
13 0.14833333333333334 0.10260416666666666 0.2966666666666667 0.019791666666666666
13 0.4608333333333333 0.10260416666666666 0.31166666666666665 0.019791666666666666
13 0.8125 0.10260416666666666 0.375 0.019791666666666666
7 0.5 0.12395833333333334 1 0.016666666666666666
6 0.5025 0.16875 0.9683333333333334 0.07083333333333333
6 0.06666666666666667 0.24427083333333333 0.08 0.046875
13 0.2529166666666667 0.24166666666666667 0.1225 0.058333333333333334
6 0.06666666666666667 0.32135416666666666 0.08 0.046875
13 0.2654166666666667 0.31875 0.1475 0.058333333333333334
6 0.06666666666666667 0.3984375 0.08 0.046875
13 0.215 0.3958333333333333 0.04666666666666667 0.058333333333333334
6 0.06666666666666667 0.47552083333333334 0.08 0.046875
13 0.22875 0.47291666666666665 0.07416666666666667 0.058333333333333334
6 0.06666666666666667 0.5526041666666667 0.08 0.046875
13 0.27208333333333334 0.55 0.16083333333333333 0.058333333333333334
0 0.16666666666666666 0.9291666666666667 0.33 0.03958333333333333
0 0.5 0.9291666666666667 0.33 0.03958333333333333
0 0.8333333333333334 0.9291666666666667 0.33 0.03958333333333333