5 0.06015625 0.059375 0.09296875 0.05859375
13 0.23515625 0.059375 0.24296875 0.028125
6 0.946875 0.059375 0.0796875 0.05
13 0.1484375 0.10234375 0.296875 0.01953125
13 0.4609375 0.10234375 0.31171875 0.01953125
13 0.8125 0.10234375 0.375 0.01953125
7 0.5 0.12421875 1 0.01640625
6 0.50234375 0.16875 0.96796875 0.07109375
6 0.06640625 0.24453125 0.0796875 0.046875
13 0.253125 0.24140625 0.12265625 0.05859375
6 0.06640625 0.32109375 0.0796875 0.046875
13 0.265625 0.31875 0.14765625 0.05859375
6 0.06640625 0.3984375 0.0796875 0.046875
13 0.21484375 0.39609375 0.046875 0.05859375
6 0.06640625 0.47578125 0.0796875 0.046875
13 0.22890625 0.47265625 0.07421875 0.05859375
6 0.06640625 0.55234375 0.0796875 0.046875
13 0.271875 0.55 0.1609375 0.05859375
0 0.16640625 0.92890625 0.3296875 0.03984375
0 0.5 0.92890625 0.3296875 0.03984375
0 0.83359375 0.92890625 0.3296875 0.03984375