13 0.4775 0.4510416666666667 0.8283333333333334 0.052083333333333336
13 0.49625 0.5278645833333333 0.8658333333333333 0.06927083333333334
13 0.23875 0.3841145833333333 0.3591666666666667 0.034895833333333334
13 0.26958333333333334 0.5981770833333333 0.12416666666666666 0.022395833333333334
13 0.7308333333333333 0.59765625 0.15166666666666667 0.0328125
13 0.17625 0.06015625 0.14083333333333334 0.030729166666666665
5 0.05708333333333333 0.06067708333333333 0.049166666666666664 0.03177083333333333
5 0.13458333333333333 0.16328125 0.2075 0.024479166666666666
5 0.21625 0.22005208333333334 0.3641666666666667 0.027604166666666666
5 0.455 0.2786458333333333 0.8516666666666667 0.05520833333333333
1 0.9229166666666667 0.16328125 0.04583333333333333 0.028645833333333332
1 0.91875 0.21901041666666668 0.05583333333333333 0.03177083333333333