6 0.5 0.08828125 1 0.07421875
6 0.8703125 0.0703125 0.11640625 0.03203125
3 0.70625 0.134375 0.5875 0.040625
6 0.5 0.2109375 1 0.0671875
13 0.49921875 0.175 0.24453125 0.01953125
6 0.06484375 0.2890625 0.03984375 0.025
13 0.17265625 0.27890625 0.1484375 0.02421875
13 0.27265625 0.30078125 0.3484375 0.01953125
6 0.5 0.44921875 0.95 0.20859375
13 0.5 0.4125 0.95 0.03359375
13 0.5 0.440625 0.95 0.02265625
13 0.46171875 0.4828125 0.1828125 0.01953125
13 0.59453125 0.48125 0.06953125 0.02578125
6 0.5 0.66796875 0.95 0.20859375
13 0.5 0.63125 0.95 0.03359375
13 0.5 0.659375 0.95 0.02265625
13 0.46171875 0.7015625 0.1703125 0.01953125
13 0.58828125 0.7 0.06953125 0.02578125
6 0.5 0.88671875 0.95 0.20859375
13 0.5 0.85 0.95 0.03359375
13 0.5 0.878125 0.95 0.02265625
13 0.46171875 0.9203125 0.175 0.01953125
13 0.590625 0.91875 0.06953125 0.02578125
13 0.2484375 0.9171875 0.14921875 0.0375
13 0.7484375 0.9171875 0.1421875 0.0375
5 0.046875 0.059375 0.09296875 0.06640625
6 0.96640625 0.059375 0.06640625 0.05