5 0.06015625 0.059375 0.09296875 0.05859375
13 0.20703125 0.059375 0.2 0.02578125
6 0.5 0.22421875 0.98671875 0.2546875
13 0.80625 0.37578125 0.12109375 0.03125
13 0.7796875 0.41171875 0.1734375 0.040625
6 0.93984375 0.39609375 0.09296875 0.05
13 0.82421875 0.46015625 0.08515625 0.03125
13 0.79296875 0.49609375 0.14765625 0.040625
6 0.93984375 0.48046875 0.09296875 0.05
13 0.80625 0.54453125 0.12109375 0.03125
13 0.83515625 0.58046875 0.0625 0.040625
6 0.93984375 0.56484375 0.09296875 0.05
13 0.8234375 0.62890625 0.08671875 0.03125
13 0.79140625 0.66484375 0.15 0.040625
6 0.93984375 0.64921875 0.09296875 0.05
13 0.83359375 0.71328125 0.065625 0.03125
13 0.7609375 0.74921875 0.2109375 0.040625
6 0.93984375 0.73359375 0.09296875 0.05
13 0.8203125 0.79765625 0.0921875 0.03125
13 0.7734375 0.83359375 0.1859375 0.040625
6 0.93984375 0.81796875 0.09296875 0.05