5 0.06 0.059375 0.09333333333333334 0.058333333333333334
13 0.20666666666666667 0.05911458333333333 0.2 0.025520833333333333
6 0.5 0.22421875 0.9866666666666667 0.2546875
13 0.80625 0.37552083333333336 0.12083333333333333 0.03125
13 0.78 0.4114583333333333 0.17333333333333334 0.040625
6 0.94 0.3958333333333333 0.09333333333333334 0.05
13 0.8241666666666667 0.45989583333333334 0.085 0.03125
13 0.7929166666666667 0.49583333333333335 0.1475 0.040625
6 0.94 0.48020833333333335 0.09333333333333334 0.05
13 0.80625 0.5442708333333334 0.12083333333333333 0.03125
13 0.8354166666666667 0.5802083333333333 0.0625 0.040625
6 0.94 0.5645833333333333 0.09333333333333334 0.05
13 0.8233333333333334 0.6286458333333333 0.08666666666666667 0.03125
13 0.7916666666666666 0.6645833333333333 0.15 0.040625
6 0.94 0.6489583333333333 0.09333333333333334 0.05
13 0.83375 0.7130208333333333 0.06583333333333333 0.03125
13 0.76125 0.7489583333333333 0.21083333333333334 0.040625
6 0.94 0.7333333333333333 0.09333333333333334 0.05
13 0.8204166666666667 0.7973958333333333 0.0925 0.03125
13 0.77375 0.8333333333333334 0.18583333333333332 0.040625
6 0.94 0.8177083333333334 0.09333333333333334 0.05