13 0.2140625 0.059375 0.18515625 0.02421875
5 0.06015625 0.05625 0.0421875 0.02734375
6 0.5078125 0.15 0.1265625 0.109375
13 0.37109375 0.5640625 0.075 0.0296875
13 0.6328125 0.5609375 0.10859375 0.0328125
13 0.49765625 0.5625 0.0703125 0.034375
13 0.5 0.68671875 0.06015625 0.034375
13 0.07890625 0.75625 0.1453125 0.0203125
13 0.4640625 0.8140625 0.92109375 0.02890625
13 0.3609375 0.884375 0.7109375 0.02890625
3 0.215625 0.234375 0.4234375 0.07109375
3 0.47734375 0.3078125 0.95234375 0.06171875
3 0.4859375 0.38046875 0.9640625 0.065625
3 0.4890625 0.4546875 0.97109375 0.065625