13 0.340625 0.055859375 0.45375 0.02890625
13 0.203125 0.109765625 0.08375 0.02109375
13 0.5025 0.108984375 0.08 0.02265625
13 0.8 0.109765625 0.075 0.02578125
13 0.325625 0.177734375 0.16875 0.02421875
13 0.325 0.211328125 0.175 0.02265625
13 0.33625 0.2390625 0.19 0.0203125
13 0.25375 0.474609375 0.4475 0.01796875
13 0.1775 0.53671875 0.2875 0.0296875
0 0.499375 0.748828125 0.88375 0.05703125
0 0.855 0.933984375 0.145 0.02890625
6 0.060625 0.054296875 0.07625 0.04921875
11 0.1275 0.21328125 0.1825 0.1140625
6 0.499375 0.899609375 0.12375 0.08359375
6 0.11125 0.913671875 0.06 0.04453125
6 0.25875 0.917578125 0.0625 0.03828125
6 0.338125 0.915625 0.07125 0.05
13 0.785625 0.87578125 0.41375 0.0359375