5 0.06 0.059375 0.09333333333333334 0.06666666666666667
13 0.18791666666666668 0.05911458333333333 0.14916666666666667 0.025520833333333333
13 0.91125 0.059375 0.15083333333333335 0.06666666666666667
6 0.041666666666666664 0.11744791666666667 0.056666666666666664 0.0328125
3 0.5233333333333333 0.11744791666666667 0.9066666666666666 0.0328125
13 0.5004166666666666 0.8291666666666667 0.9991666666666666 0.05
6 0.5079166666666667 0.45026041666666666 0.07083333333333333 0.050520833333333334
6 0.058333333333333334 0.7875 0.1 0.022916666666666665
6 0.9266666666666666 0.1921875 0.09333333333333334 0.058333333333333334
6 0.5 0.15625 1 0.019791666666666666
6 0.5 0.9455729166666667 1 0.008854166666666666