5 0.06 0.059375 0.09333333333333334 0.06666666666666667
13 0.23791666666666667 0.059375 0.2625 0.028125
13 0.8429166666666666 0.059375 0.1275 0.05
13 0.9466666666666667 0.059375 0.08 0.05
13 0.13291666666666666 0.12604166666666666 0.04083333333333333 0.019791666666666666
13 0.39958333333333335 0.12604166666666666 0.1575 0.019791666666666666
13 0.5 0.19661458333333334 0.8933333333333333 0.0171875
0 0.46 0.2375 0.8133333333333334 0.05625
1 0.9133333333333333 0.2375 0.06666666666666667 0.05625
13 0.5 0.30390625 0.8933333333333333 0.0171875
0 0.46 0.34479166666666666 0.8133333333333334 0.05625
1 0.9133333333333333 0.34479166666666666 0.06666666666666667 0.05625
0 0.46 0.40208333333333335 0.8133333333333334 0.05625
1 0.9133333333333333 0.40208333333333335 0.06666666666666667 0.05625
13 0.5 0.46848958333333335 0.8933333333333333 0.0171875
0 0.46 0.509375 0.8133333333333334 0.05625
1 0.9133333333333333 0.509375 0.06666666666666667 0.05625
13 0.5 0.57578125 0.8933333333333333 0.0171875
0 0.46 0.6166666666666667 0.8133333333333334 0.05625
1 0.9133333333333333 0.6166666666666667 0.06666666666666667 0.05625
13 0.5 0.6830729166666667 0.8933333333333333 0.0171875
0 0.46 0.7239583333333334 0.8133333333333334 0.05625
1 0.9133333333333333 0.7239583333333334 0.06666666666666667 0.05625
0 0.46 0.78125 0.8133333333333334 0.05625
1 0.9133333333333333 0.78125 0.06666666666666667 0.05625
13 0.5 0.84765625 0.8933333333333333 0.0171875
0 0.46 0.8885416666666667 0.8133333333333334 0.05625
1 0.9133333333333333 0.8885416666666667 0.06666666666666667 0.05625
13 0.5 0.9549479166666667 0.8933333333333333 0.0171875