13 0.16015625 0.3046875 0.18984375 0.05859375
13 0.4953125 0.19765625 0.24375 0.040625
13 0.4984375 0.3109375 0.23125 0.05234375
13 0.778125 0.3109375 0.20859375 0.05078125
13 0.16171875 0.44375 0.20859375 0.05390625
13 0.18671875 0.58046875 0.2484375 0.05625
13 0.2625 0.6953125 0.3953125 0.04140625
13 0.85390625 0.921875 0.2546875 0.03828125
13 0.18515625 0.8640625 0.22265625 0.0296875
13 0.44140625 0.02265625 0.3953125 0.0390625
6 0.70625 0.025 0.10234375 0.04921875
6 0.9140625 0.1015625 0.1171875 0.08515625
6 0.4953125 0.44140625 0.15859375 0.1359375
6 0.77890625 0.4390625 0.1421875 0.1234375
5 0.321875 0.9140625 0.09375 0.053125
5 0.47578125 0.91875 0.0609375 0.05078125
5 0.6484375 0.9171875 0.0890625 0.05234375