6 0.335 0.27734375 0.2175 0.11875
6 0.32375 0.435546875 0.14 0.11796875
6 0.659375 0.489453125 0.47125 0.12578125
0 0.938125 0.1515625 0.08375 0.0328125
0 0.495625 0.275390625 0.08875 0.03203125
13 0.308125 0.601171875 0.14125 0.02109375
13 0.58625 0.642578125 0.7025 0.04765625
13 0.5925 0.707421875 0.7125 0.03359375
13 0.593125 0.759765625 0.72125 0.03671875
0 0.291875 0.83671875 0.10875 0.0265625
3 0.528125 0.152734375 0.59625 0.02734375
5 0.04 0.151171875 0.05 0.02890625
5 0.793125 0.109765625 0.05875 0.03359375
5 0.878125 0.108984375 0.06125 0.03515625
5 0.961875 0.109375 0.05875 0.034375
5 0.94625 0.05546875 0.0375 0.034375
5 0.1225 0.11015625 0.0525 0.025
5 0.203125 0.109765625 0.05375 0.03046875