6 0.33515625 0.27734375 0.2171875 0.11875
6 0.3234375 0.4359375 0.13984375 0.11796875
6 0.659375 0.4890625 0.47109375 0.12578125
0 0.93828125 0.1515625 0.08359375 0.0328125
0 0.4953125 0.275 0.0890625 0.03203125
13 0.3078125 0.6015625 0.14140625 0.02109375
13 0.5859375 0.6421875 0.70234375 0.04765625
13 0.5921875 0.7078125 0.7125 0.03359375
13 0.59296875 0.759375 0.72109375 0.03671875
0 0.2921875 0.83671875 0.10859375 0.0265625
3 0.528125 0.153125 0.59609375 0.02734375
5 0.03984375 0.1515625 0.05 0.02890625
5 0.79296875 0.109375 0.05859375 0.03359375
5 0.878125 0.109375 0.0609375 0.03515625
5 0.96171875 0.109375 0.05859375 0.034375
5 0.94609375 0.05546875 0.0375 0.034375
5 0.12265625 0.11015625 0.05234375 0.025
5 0.203125 0.109375 0.05390625 0.03046875