6 0.16666666666666666 0.60625 0.33166666666666667 0.20729166666666668
6 0.28583333333333333 0.5317708333333333 0.09333333333333334 0.058333333333333334
13 0.06958333333333333 0.6893229166666667 0.12416666666666666 0.04114583333333333
13 0.23541666666666666 0.6833333333333333 0.19416666666666665 0.036458333333333336
6 0.5 0.60625 0.33166666666666667 0.20729166666666668
6 0.6191666666666666 0.5317708333333333 0.09333333333333334 0.058333333333333334
13 0.40291666666666665 0.6893229166666667 0.12416666666666666 0.04114583333333333
13 0.56875 0.6833333333333333 0.19416666666666665 0.036458333333333336
6 0.8333333333333334 0.60625 0.33166666666666667 0.20729166666666668
6 0.9525 0.5317708333333333 0.09333333333333334 0.058333333333333334
13 0.73625 0.6893229166666667 0.12416666666666666 0.04114583333333333
13 0.9020833333333333 0.6833333333333333 0.19416666666666665 0.036458333333333336
6 0.16666666666666666 0.815625 0.33166666666666667 0.20729166666666668
6 0.28583333333333333 0.7411458333333333 0.09333333333333334 0.058333333333333334
13 0.06958333333333333 0.8986979166666667 0.12416666666666666 0.04114583333333333
13 0.23541666666666666 0.8927083333333333 0.19416666666666665 0.036458333333333336
6 0.5 0.815625 0.33166666666666667 0.20729166666666668
6 0.6191666666666666 0.7411458333333333 0.09333333333333334 0.058333333333333334
13 0.40291666666666665 0.8986979166666667 0.12416666666666666 0.04114583333333333
13 0.56875 0.85625 0.19416666666666665 0.036458333333333336
13 0.62375 0.8947916666666667 0.0575 0.03229166666666667
6 0.8333333333333334 0.815625 0.33166666666666667 0.20729166666666668
6 0.9525 0.7411458333333333 0.09333333333333334 0.058333333333333334
13 0.73625 0.8986979166666667 0.12416666666666666 0.04114583333333333
13 0.9020833333333333 0.8927083333333333 0.19416666666666665 0.036458333333333336
6 0.16666666666666666 0.9606770833333333 0.33166666666666667 0.07864583333333333
6 0.28583333333333333 0.9505208333333334 0.09333333333333334 0.058333333333333334
6 0.5 0.9606770833333333 0.33166666666666667 0.07864583333333333
6 0.6191666666666666 0.9505208333333334 0.09333333333333334 0.058333333333333334
6 0.058333333333333334 0.484375 0.1 0.022916666666666665
6 0.06416666666666666 0.07135416666666666 0.04 0.025
3 0.36666666666666664 0.07135416666666666 0.5383333333333333 0.06666666666666667
0 0.7225 0.07135416666666666 0.14666666666666667 0.06666666666666667
13 0.8491666666666666 0.07135416666666666 0.08 0.05
13 0.9291666666666667 0.07135416666666666 0.08 0.05
13 0.4325 0.1171875 0.8033333333333333 0.019791666666666666
13 0.9016666666666666 0.1171875 0.135 0.019791666666666666
5 0.9266666666666666 0.4552083333333333 0.13333333333333333 0.09583333333333334