6 0.16640625 0.60625 0.33203125 0.20703125
6 0.2859375 0.53203125 0.09296875 0.05859375
13 0.06953125 0.6890625 0.12421875 0.04140625
13 0.23515625 0.68359375 0.19453125 0.03671875
6 0.5 0.60625 0.33203125 0.20703125
6 0.61953125 0.53203125 0.09296875 0.05859375
13 0.403125 0.6890625 0.12421875 0.04140625
13 0.56875 0.68359375 0.19453125 0.03671875
6 0.83359375 0.60625 0.33203125 0.20703125
6 0.95234375 0.53203125 0.09296875 0.05859375
13 0.7359375 0.6890625 0.12421875 0.04140625
13 0.90234375 0.68359375 0.19453125 0.03671875
6 0.16640625 0.815625 0.33203125 0.20703125
6 0.2859375 0.74140625 0.09296875 0.05859375
13 0.06953125 0.8984375 0.12421875 0.04140625
13 0.23515625 0.89296875 0.19453125 0.03671875
6 0.5 0.815625 0.33203125 0.20703125
6 0.61953125 0.74140625 0.09296875 0.05859375
13 0.403125 0.8984375 0.12421875 0.04140625
13 0.56875 0.85625 0.19453125 0.03671875
13 0.6234375 0.89453125 0.0578125 0.03203125
6 0.83359375 0.815625 0.33203125 0.20703125
6 0.95234375 0.74140625 0.09296875 0.05859375
13 0.7359375 0.8984375 0.12421875 0.04140625
13 0.90234375 0.89296875 0.19453125 0.03671875
6 0.165625 0.96015625 0.33125 0.0796875
6 0.2859375 0.95078125 0.09296875 0.05859375
6 0.49921875 0.96015625 0.3328125 0.0796875
6 0.61953125 0.95078125 0.09296875 0.05859375
6 0.05859375 0.484375 0.1 0.02265625
6 0.0640625 0.07109375 0.03984375 0.025
3 0.36640625 0.07109375 0.53828125 0.06640625
0 0.72265625 0.07109375 0.146875 0.06640625
13 0.84921875 0.07109375 0.0796875 0.05
13 0.92890625 0.07109375 0.0796875 0.05
13 0.4328125 0.1171875 0.803125 0.01953125
13 0.9015625 0.1171875 0.13515625 0.01953125
5 0.9265625 0.45546875 0.13359375 0.09609375