5 0.06 0.059375 0.09333333333333334 0.06666666666666667
6 0.18666666666666668 0.059375 0.09666666666666666 0.06041666666666667
13 0.32916666666666666 0.059375 0.13833333333333334 0.028125
13 0.9466666666666667 0.059375 0.08 0.05
13 0.5004166666666666 0.25494791666666666 0.9625 0.09739583333333333
13 0.06875 0.328125 0.0875 0.019791666666666666
6 0.8770833333333333 0.40260416666666665 0.2375 0.10416666666666667
13 0.95625 0.48072916666666665 0.0875 0.019791666666666666
6 0.8770833333333333 0.5552083333333333 0.2375 0.10416666666666667
13 0.95625 0.6333333333333333 0.0875 0.019791666666666666
6 0.03333333333333333 0.6661458333333333 0.05 0.03125
3 0.5 0.66640625 0.8833333333333333 0.04635416666666667
6 0.9666666666666667 0.6661458333333333 0.05 0.03125
6 0.10333333333333333 0.7541666666666667 0.19 0.11875
6 0.3016666666666667 0.7541666666666667 0.19 0.11875
6 0.5 0.7541666666666667 0.19 0.11875
6 0.6983333333333334 0.7541666666666667 0.19 0.11875
6 0.8966666666666666 0.7541666666666667 0.19 0.11875
6 0.10333333333333333 0.878125 0.19 0.11875
6 0.3016666666666667 0.878125 0.19 0.11875
6 0.5 0.878125 0.19 0.11875
6 0.6983333333333334 0.878125 0.19 0.11875
6 0.8966666666666666 0.878125 0.19 0.11875
6 0.10333333333333333 0.9713541666666666 0.19 0.057291666666666664
6 0.3016666666666667 0.9713541666666666 0.19 0.057291666666666664
6 0.5 0.9713541666666666 0.19 0.057291666666666664
6 0.6983333333333334 0.9713541666666666 0.19 0.057291666666666664
6 0.8966666666666666 0.9713541666666666 0.19 0.057291666666666664