13 0.68875 0.201953125 0.255 0.06640625
13 0.760625 0.4296875 0.10875 0.059375
13 0.624375 0.54140625 0.38375 0.06875
13 0.675 0.771875 0.2825 0.065625
13 0.204375 0.1390625 0.15625 0.04375
3 0.35625 0.060546875 0.63 0.06328125
5 0.751875 0.06015625 0.09125 0.0515625
5 0.908125 0.059375 0.08375 0.040625
5 0.93625 0.9140625 0.085 0.0515625
13 0.910625 0.330078125 0.12875 0.07265625
13 0.229375 0.305859375 0.17875 0.03046875
13 0.231875 0.658203125 0.18125 0.03203125
13 0.228125 0.890625 0.17125 0.0328125
13 0.055 0.776171875 0.065 0.02734375
13 0.063125 0.54609375 0.07625 0.0359375