6 0.11375 0.216015625 0.1425 0.07578125
6 0.358125 0.2140625 0.13125 0.078125
6 0.8625 0.216796875 0.135 0.08984375
6 0.871875 0.398046875 0.14625 0.07890625
6 0.109375 0.40078125 0.14375 0.0828125
6 0.3625 0.5796875 0.1525 0.09375
13 0.460625 0.053125 0.21875 0.034375
13 0.149375 0.097265625 0.15875 0.02109375
13 0.1275 0.467578125 0.1175 0.02109375
13 0.628125 0.4671875 0.14375 0.0203125
13 0.376875 0.65234375 0.11625 0.01875
13 0.625625 0.287109375 0.12625 0.01640625
13 0.126875 0.28828125 0.09875 0.01875
5 0.03625 0.05390625 0.0575 0.0421875
5 0.87375 0.04921875 0.0575 0.0375
5 0.9525 0.05234375 0.0425 0.046875
0 0.4975 0.876171875 0.985 0.05234375
6 0.03375 0.096875 0.0525 0.034375