13 0.09765625 0.08046875 0.0703125 0.0328125
13 0.09453125 0.2140625 0.0765625 0.03203125
13 0.0953125 0.3453125 0.08125 0.03515625
13 0.090625 0.54609375 0.0609375 0.0328125
13 0.09375 0.6796875 0.0671875 0.02734375
13 0.09375 0.81484375 0.075 0.0265625
1 0.8828125 0.21171875 0.0484375 0.0328125
1 0.8828125 0.3453125 0.0484375 0.02890625
1 0.8859375 0.2796875 0.0546875 0.0296875
1 0.88359375 0.1453125 0.0421875 0.03203125
1 0.884375 0.478125 0.04375 0.03515625
1 0.88125 0.615625 0.05234375 0.034375
1 0.8828125 0.7484375 0.04609375 0.0265625