5 0.06015625 0.059375 0.09296875 0.06640625
6 0.13359375 0.059375 0.053125 0.03359375
13 0.75625 0.059375 0.0875 0.05
13 0.846875 0.059375 0.09296875 0.05
13 0.93984375 0.059375 0.09296875 0.05
6 0.05859375 0.875 0.1 0.02265625
6 0.5 0.84140625 1 0.21640625
5 0.03359375 0.75390625 0.03984375 0.025
5 0.96640625 0.75390625 0.03984375 0.025
13 0.43203125 0.9140625 0.83671875 0.0203125
13 0.86484375 0.90859375 0.02890625 0.03046875
13 0.9328125 0.90859375 0.1078125 0.03046875
13 0.134375 0.9328125 0.24140625 0.01796875
13 0.9484375 0.9328125 0.07578125 0.01796875
5 0.046875 0.77109375 0.06640625 0.04140625
5 0.046875 0.8375 0.06640625 0.04140625
13 0.06484375 0.91015625 0.07890625 0.01796875
13 0.15859375 0.93203125 0.2671875 0.01796875
0 0.875 0.92109375 0.2 0.046875