5 0.06015625 0.059375 0.09296875 0.06640625
13 0.265625 0.059375 0.31796875 0.02578125
13 0.8734375 0.059375 0.09296875 0.05
6 0.953125 0.059375 0.06640625 0.05
6 0.05859375 0.875 0.1 0.02265625
6 0.5 0.84140625 1 0.21640625
5 0.03359375 0.75390625 0.03984375 0.025
5 0.96640625 0.75390625 0.03984375 0.025
13 0.43203125 0.9140625 0.83671875 0.0203125
13 0.86484375 0.90859375 0.02890625 0.03046875
13 0.9328125 0.90859375 0.1078125 0.03046875
13 0.134375 0.9328125 0.24140625 0.01796875
13 0.9484375 0.9328125 0.07578125 0.01796875
5 0.046875 0.77109375 0.06640625 0.04140625
5 0.046875 0.8375 0.06640625 0.04140625
13 0.06484375 0.91015625 0.07890625 0.01796875
13 0.15859375 0.93203125 0.2671875 0.01796875
0 0.875 0.92109375 0.2 0.046875
13 0.17109375 0.171875 0.3125 0.02109375
13 0.153125 0.19453125 0.2765625 0.0203125
13 0.10625 0.2171875 0.1828125 0.0203125
0 0.9203125 0.19453125 0.13359375 0.046875
3 0.5 0.30625 0.9734375 0.12265625
3 0.5 0.39921875 0.9734375 0.046875
3 0.5 0.45390625 0.9734375 0.046875
3 0.5 0.509375 0.9734375 0.046875
6 0.4046875 0.57265625 0.0265625 0.01640625
13 0.51328125 0.57265625 0.18984375 0.02890625
13 0.5 0.621875 0.9734375 0.01796875
13 0.12265625 0.6609375 0.21796875 0.02578125
6 0.5 0.78984375 1 0.21640625
5 0.03359375 0.70234375 0.03984375 0.025
5 0.96640625 0.70234375 0.03984375 0.025
13 0.42578125 0.8625 0.825 0.0203125
13 0.853125 0.85703125 0.02890625 0.03046875
13 0.92734375 0.85703125 0.11953125 0.03046875
13 0.14921875 0.88125 0.27265625 0.01796875
13 0.95390625 0.88125 0.06484375 0.01796875
6 0.5 0.94921875 1 0.1015625
5 0.03359375 0.91953125 0.03984375 0.025
5 0.96640625 0.91953125 0.03984375 0.025
13 0.16640625 0.12265625 0.07890625 0.05390625
13 0.49921875 0.12265625 0.0828125 0.04296875
13 0.83359375 0.12265625 0.06796875 0.04296875
13 0.165625 0.171875 0.3015625 0.02109375
13 0.21171875 0.19453125 0.39296875 0.02109375
13 0.1546875 0.2171875 0.2796875 0.0203125
13 0.10703125 0.23984375 0.184375 0.0203125
0 0.9203125 0.20546875 0.13359375 0.046875
3 0.5 0.32890625 0.9734375 0.12265625
3 0.5 0.421875 0.9734375 0.046875
3 0.5 0.47734375 0.9734375 0.046875
3 0.5 0.53203125 0.9734375 0.046875
6 0.4046875 0.59609375 0.0265625 0.01640625
13 0.51328125 0.59609375 0.18984375 0.02890625
13 0.5 0.6453125 0.9734375 0.01796875
13 0.12265625 0.68359375 0.21796875 0.02578125
6 0.5 0.81328125 1 0.21640625
5 0.03359375 0.72578125 0.03984375 0.025
5 0.96640625 0.72578125 0.03984375 0.025
13 0.44921875 0.88515625 0.87265625 0.0203125
13 0.90078125 0.88046875 0.02890625 0.03046875
13 0.95078125 0.88046875 0.071875 0.03046875
13 0.14921875 0.90390625 0.271875 0.01796875
13 0.9515625 0.90390625 0.0703125 0.01796875
6 0.5 0.96015625 1 0.0796875
5 0.03359375 0.9421875 0.03984375 0.025
5 0.96640625 0.9421875 0.03984375 0.025
13 0.16640625 0.12265625 0.07890625 0.05390625
13 0.49921875 0.12265625 0.0828125 0.04296875
13 0.83359375 0.12265625 0.06796875 0.04296875
13 0.13046875 0.171875 0.23046875 0.02109375
13 0.15390625 0.19453125 0.27734375 0.0203125
13 0.1078125 0.2171875 0.1859375 0.0203125
0 0.9203125 0.19453125 0.13359375 0.046875
3 0.5 0.30625 0.9734375 0.12265625
3 0.5 0.39921875 0.9734375 0.046875
3 0.5 0.45390625 0.9734375 0.046875
3 0.5 0.509375 0.9734375 0.046875
6 0.4046875 0.57265625 0.0265625 0.01640625
13 0.51328125 0.57265625 0.18984375 0.02890625
13 0.5 0.621875 0.9734375 0.01796875
13 0.12265625 0.6609375 0.21796875 0.02578125
6 0.5 0.78984375 1 0.21640625
5 0.03359375 0.70234375 0.03984375 0.025
5 0.96640625 0.70234375 0.03984375 0.025
13 0.44921875 0.8625 0.871875 0.0203125
13 0.89921875 0.85703125 0.02890625 0.03046875
13 0.95078125 0.85703125 0.07265625 0.03046875
13 0.14921875 0.88125 0.271875 0.01796875
13 0.9515625 0.88125 0.0703125 0.01796875
6 0.5 0.94921875 1 0.1015625
5 0.03359375 0.91953125 0.03984375 0.025
5 0.96640625 0.91953125 0.03984375 0.025
13 0.16640625 0.12265625 0.07890625 0.05390625
13 0.49921875 0.12265625 0.10546875 0.04296875
13 0.83359375 0.12265625 0.06796875 0.04296875
6 0.5 0.221875 1 0.25859375
6 0.0328125 0.26953125 0.0265625 0.01640625
13 0.0875 0.26953125 0.0703125 0.01484375
13 0.9453125 0.26953125 0.0828125 0.0234375
13 0.1640625 0.32578125 0.32734375 0.05
13 0.49921875 0.32578125 0.32734375 0.05
13 0.8359375 0.32578125 0.328125 0.05
13 0.04375 0.36796875 0.0609375 0.01484375
13 0.04765625 0.384375 0.06796875 0.01796875
13 0.12109375 0.4203125 0.21484375 0.01796875
13 0.146875 0.446875 0.26640625 0.03515625
6 0.7796875 0.41875 0.046875 0.01484375
13 0.8984375 0.41875 0.1765625 0.01484375
13 0.5 0.4953125 1 0.02578125
6 0.0265625 0.528125 0.0265625 0.01640625
13 0.128125 0.52890625 0.15 0.01796875
13 0.1328125 0.54609375 0.159375 0.01796875
13 0.46484375 0.59140625 0.08828125 0.01796875
13 0.54453125 0.59140625 0.0703125 0.01796875
6 0.046875 0.646875 0.06640625 0.04140625
6 0.046875 0.646875 0.06640625 0.04140625
13 0.53984375 0.63515625 0.89296875 0.01796875
13 0.5046875 0.65390625 0.82265625 0.01796875
13 0.9546875 0.65390625 0.0640625 0.02109375
6 0.0265625 0.68515625 0.0265625 0.01640625
13 0.18984375 0.68515625 0.28671875 0.01796875
6 0.353125 0.68515625 0.0265625 0.01640625
13 0.51640625 0.68515625 0.28671875 0.01796875
6 0.6796875 0.68515625 0.0265625 0.01640625
13 0.84296875 0.68515625 0.28671875 0.01796875
6 0.046875 0.73203125 0.06640625 0.04140625
6 0.046875 0.73203125 0.06640625 0.04140625
13 0.53984375 0.7203125 0.89296875 0.01796875
13 0.5046875 0.73984375 0.82265625 0.01796875
13 0.9546875 0.73984375 0.0640625 0.02109375
6 0.0265625 0.77109375 0.0265625 0.01640625
13 0.18984375 0.7703125 0.28671875 0.01796875
6 0.353125 0.77109375 0.0265625 0.01640625
13 0.51640625 0.7703125 0.28671875 0.01796875
6 0.6796875 0.77109375 0.0265625 0.01640625
13 0.84296875 0.7703125 0.28671875 0.01796875
6 0.3625 0.81484375 0.0265625 0.01640625
13 0.5203125 0.815625 0.26171875 0.0203125
0 0.5 0.87421875 0.9734375 0.046875
13 0.13828125 0.91328125 0.24921875 0.01484375
13 0.13046875 0.959375 0.15390625 0.02578125
13 0.16640625 0.9203125 0.07890625 0.05390625
13 0.49921875 0.9203125 0.0828125 0.04296875
13 0.83359375 0.9203125 0.06796875 0.04296875