5 0.06 0.059375 0.09333333333333334 0.06666666666666667
13 0.2658333333333333 0.05911458333333333 0.31833333333333336 0.025520833333333333
13 0.8733333333333333 0.059375 0.09333333333333334 0.05
6 0.9533333333333334 0.059375 0.06666666666666667 0.05
6 0.058333333333333334 0.875 0.1 0.022916666666666665
6 0.5 0.8416666666666667 1 0.21666666666666667
5 0.03333333333333333 0.7541666666666667 0.04 0.025
5 0.9666666666666667 0.7541666666666667 0.04 0.025
13 0.43166666666666664 0.9138020833333333 0.8366666666666667 0.0203125
13 0.8645833333333334 0.9088541666666666 0.029166666666666667 0.030208333333333334
13 0.9329166666666666 0.9088541666666666 0.1075 0.030208333333333334
13 0.13416666666666666 0.9328125 0.24166666666666667 0.017708333333333333
13 0.94875 0.9328125 0.07583333333333334 0.017708333333333333
5 0.04666666666666667 0.7708333333333334 0.06666666666666667 0.041666666666666664
5 0.04666666666666667 0.8375 0.06666666666666667 0.041666666666666664
13 0.06458333333333334 0.9098958333333333 0.07916666666666666 0.017708333333333333
13 0.15875 0.9317708333333333 0.2675 0.017708333333333333
0 0.875 0.9208333333333333 0.2 0.046875
13 0.17125 0.171875 0.3125 0.020833333333333332
13 0.15333333333333332 0.19453125 0.27666666666666667 0.0203125
13 0.10625 0.21692708333333333 0.1825 0.0203125
0 0.92 0.19427083333333334 0.13333333333333333 0.046875
3 0.5 0.3059895833333333 0.9733333333333334 0.12239583333333333
3 0.5 0.39895833333333336 0.9733333333333334 0.046875
3 0.5 0.45416666666666666 0.9733333333333334 0.046875
3 0.5 0.509375 0.9733333333333334 0.046875
6 0.405 0.5729166666666666 0.02666666666666667 0.016666666666666666
13 0.5133333333333333 0.5729166666666666 0.19 0.029166666666666667
13 0.5 0.6221354166666667 0.9733333333333334 0.018229166666666668
13 0.1225 0.6606770833333333 0.21833333333333332 0.025520833333333333
6 0.5 0.7901041666666667 1 0.21666666666666667
5 0.03333333333333333 0.7026041666666667 0.04 0.025
5 0.9666666666666667 0.7026041666666667 0.04 0.025
13 0.42583333333333334 0.8622395833333333 0.825 0.0203125
13 0.8529166666666667 0.8572916666666667 0.029166666666666667 0.030208333333333334
13 0.9270833333333334 0.8572916666666667 0.11916666666666667 0.030208333333333334
13 0.14958333333333335 0.88125 0.2725 0.017708333333333333
13 0.9541666666666667 0.88125 0.065 0.017708333333333333
6 0.5 0.94921875 1 0.1015625
5 0.03333333333333333 0.9192708333333334 0.04 0.025
5 0.9666666666666667 0.9192708333333334 0.04 0.025
13 0.16625 0.12239583333333333 0.07916666666666666 0.05416666666666667
13 0.4995833333333333 0.12239583333333333 0.0825 0.042708333333333334
13 0.8333333333333334 0.12239583333333333 0.06833333333333333 0.042708333333333334
13 0.16583333333333333 0.171875 0.3016666666666667 0.020833333333333332
13 0.21166666666666667 0.19479166666666667 0.3933333333333333 0.020833333333333332
13 0.155 0.21744791666666666 0.28 0.0203125
13 0.10708333333333334 0.23984375 0.18416666666666667 0.0203125
0 0.92 0.20572916666666666 0.13333333333333333 0.046875
3 0.5 0.32890625 0.9733333333333334 0.12239583333333333
3 0.5 0.421875 0.9733333333333334 0.046875
3 0.5 0.47708333333333336 0.9733333333333334 0.046875
3 0.5 0.5322916666666667 0.9733333333333334 0.046875
6 0.405 0.5958333333333333 0.02666666666666667 0.016666666666666666
13 0.5133333333333333 0.5958333333333333 0.19 0.029166666666666667
13 0.5 0.6450520833333333 0.9733333333333334 0.018229166666666668
13 0.1225 0.68359375 0.21833333333333332 0.025520833333333333
6 0.5 0.8130208333333333 1 0.21666666666666667
5 0.03333333333333333 0.7255208333333333 0.04 0.025
5 0.9666666666666667 0.7255208333333333 0.04 0.025
13 0.44958333333333333 0.88515625 0.8725 0.0203125
13 0.9004166666666666 0.8802083333333334 0.029166666666666667 0.030208333333333334
13 0.9508333333333333 0.8802083333333334 0.07166666666666667 0.030208333333333334
13 0.14916666666666667 0.9041666666666667 0.27166666666666667 0.017708333333333333
13 0.9516666666666667 0.9041666666666667 0.07 0.017708333333333333
6 0.5 0.9606770833333333 1 0.07864583333333333
5 0.03333333333333333 0.9421875 0.04 0.025
5 0.9666666666666667 0.9421875 0.04 0.025
13 0.16625 0.12239583333333333 0.07916666666666666 0.05416666666666667
13 0.4995833333333333 0.12239583333333333 0.0825 0.042708333333333334
13 0.8333333333333334 0.12239583333333333 0.06833333333333333 0.042708333333333334
13 0.13041666666666665 0.171875 0.23083333333333333 0.020833333333333332
13 0.15375 0.19453125 0.2775 0.0203125
13 0.10791666666666666 0.21692708333333333 0.18583333333333332 0.0203125
0 0.92 0.19427083333333334 0.13333333333333333 0.046875
3 0.5 0.3059895833333333 0.9733333333333334 0.12239583333333333
3 0.5 0.39895833333333336 0.9733333333333334 0.046875
3 0.5 0.45416666666666666 0.9733333333333334 0.046875
3 0.5 0.509375 0.9733333333333334 0.046875
6 0.405 0.5729166666666666 0.02666666666666667 0.016666666666666666
13 0.5133333333333333 0.5729166666666666 0.19 0.029166666666666667
13 0.5 0.6221354166666667 0.9733333333333334 0.018229166666666668
13 0.1225 0.6606770833333333 0.21833333333333332 0.025520833333333333
6 0.5 0.7901041666666667 1 0.21666666666666667
5 0.03333333333333333 0.7026041666666667 0.04 0.025
5 0.9666666666666667 0.7026041666666667 0.04 0.025
13 0.44916666666666666 0.8622395833333333 0.8716666666666667 0.0203125
13 0.8995833333333333 0.8572916666666667 0.029166666666666667 0.030208333333333334
13 0.9504166666666667 0.8572916666666667 0.0725 0.030208333333333334
13 0.14916666666666667 0.88125 0.27166666666666667 0.017708333333333333
13 0.9516666666666667 0.88125 0.07 0.017708333333333333
6 0.5 0.94921875 1 0.1015625
5 0.03333333333333333 0.9192708333333334 0.04 0.025
5 0.9666666666666667 0.9192708333333334 0.04 0.025
13 0.16625 0.12239583333333333 0.07916666666666666 0.05416666666666667
13 0.4995833333333333 0.12239583333333333 0.10583333333333333 0.042708333333333334
13 0.8333333333333334 0.12239583333333333 0.06833333333333333 0.042708333333333334
6 0.5 0.221875 1 0.25833333333333336
6 0.0325 0.26979166666666665 0.02666666666666667 0.016666666666666666
13 0.0875 0.26953125 0.07 0.015104166666666667
13 0.9454166666666667 0.26953125 0.0825 0.0234375
13 0.16375 0.3260416666666667 0.3275 0.05
13 0.4995833333333333 0.3260416666666667 0.3275 0.05
13 0.8358333333333333 0.3260416666666667 0.3283333333333333 0.05
13 0.04375 0.36796875 0.060833333333333336 0.015104166666666667
13 0.0475 0.3846354166666667 0.06833333333333333 0.018229166666666668
13 0.12083333333333333 0.4203125 0.215 0.017708333333333333
13 0.14666666666666667 0.446875 0.26666666666666666 0.035416666666666666
6 0.78 0.41901041666666666 0.04666666666666667 0.015104166666666667
13 0.8983333333333333 0.41901041666666666 0.17666666666666667 0.015104166666666667
13 0.5 0.4953125 1 0.026041666666666668
6 0.02666666666666667 0.528125 0.02666666666666667 0.016666666666666666
13 0.12833333333333333 0.5286458333333334 0.15 0.017708333333333333
13 0.13291666666666666 0.5463541666666667 0.15916666666666668 0.017708333333333333
13 0.465 0.59140625 0.08833333333333333 0.018229166666666668
13 0.5441666666666667 0.5916666666666667 0.07 0.017708333333333333
6 0.04666666666666667 0.646875 0.06666666666666667 0.041666666666666664
6 0.04666666666666667 0.646875 0.06666666666666667 0.041666666666666664
13 0.54 0.6348958333333333 0.8933333333333333 0.017708333333333333
13 0.5045833333333334 0.6541666666666667 0.8225 0.017708333333333333
13 0.9545833333333333 0.6541666666666667 0.06416666666666666 0.020833333333333332
6 0.02666666666666667 0.6854166666666667 0.02666666666666667 0.016666666666666666
13 0.19 0.6848958333333334 0.2866666666666667 0.017708333333333333
6 0.35333333333333333 0.6854166666666667 0.02666666666666667 0.016666666666666666
13 0.5166666666666667 0.6848958333333334 0.2866666666666667 0.017708333333333333
6 0.68 0.6854166666666667 0.02666666666666667 0.016666666666666666
13 0.8433333333333334 0.6848958333333334 0.2866666666666667 0.017708333333333333
6 0.04666666666666667 0.7322916666666667 0.06666666666666667 0.041666666666666664
6 0.04666666666666667 0.7322916666666667 0.06666666666666667 0.041666666666666664
13 0.54 0.7203125 0.8933333333333333 0.017708333333333333
13 0.5045833333333334 0.7395833333333334 0.8225 0.017708333333333333
13 0.9545833333333333 0.7395833333333334 0.06416666666666666 0.020833333333333332
6 0.02666666666666667 0.7708333333333334 0.02666666666666667 0.016666666666666666
13 0.19 0.7703125 0.2866666666666667 0.017708333333333333
6 0.35333333333333333 0.7708333333333334 0.02666666666666667 0.016666666666666666
13 0.5166666666666667 0.7703125 0.2866666666666667 0.017708333333333333
6 0.68 0.7708333333333334 0.02666666666666667 0.016666666666666666
13 0.8433333333333334 0.7703125 0.2866666666666667 0.017708333333333333
6 0.3625 0.8151041666666666 0.02666666666666667 0.016666666666666666
13 0.52 0.8153645833333333 0.26166666666666666 0.0203125
0 0.5 0.8739583333333333 0.9733333333333334 0.046875
13 0.13791666666666666 0.91328125 0.24916666666666668 0.015104166666666667
13 0.13041666666666665 0.9596354166666666 0.15416666666666667 0.025520833333333333
13 0.16625 0.9203125 0.07916666666666666 0.05416666666666667
13 0.4995833333333333 0.9203125 0.0825 0.042708333333333334
13 0.8333333333333334 0.9203125 0.06833333333333333 0.042708333333333334