13 0.11666666666666667 0.059375 0.18 0.026041666666666668
13 0.9466666666666667 0.059375 0.08 0.05
6 0.058333333333333334 0.865625 0.1 0.022916666666666665
13 0.5 0.5260416666666666 0.17166666666666666 0.029166666666666667
6 0.085 0.59375 0.11666666666666667 0.07291666666666667
6 0.21916666666666668 0.5640625 0.125 0.013541666666666667
13 0.565 0.5822916666666667 0.8166666666666667 0.022916666666666665
13 0.565 0.60390625 0.8166666666666667 0.0203125
13 0.03833333333333333 0.6453125 0.023333333333333334 0.014583333333333334
13 0.15625 0.6453125 0.20583333333333334 0.017708333333333333
13 0.08833333333333333 0.6630208333333333 0.12333333333333334 0.017708333333333333
13 0.056666666666666664 0.6877604166666667 0.02 0.013020833333333334
13 0.13708333333333333 0.6877604166666667 0.1275 0.015104166666666667
13 0.9370833333333334 0.64375 0.0725 0.014583333333333334
13 0.95 0.6583333333333333 0.04666666666666667 0.014583333333333334
13 0.8779166666666667 0.68125 0.015833333333333335 0.022916666666666665
13 0.9295833333333333 0.684375 0.0875 0.0375
13 0.9341666666666667 0.7104166666666667 0.07833333333333334 0.014583333333333334
6 0.085 0.7885416666666667 0.11666666666666667 0.07291666666666667
6 0.21916666666666668 0.7588541666666667 0.125 0.013541666666666667
13 0.565 0.7770833333333333 0.8166666666666667 0.022916666666666665
13 0.565 0.7986979166666667 0.8166666666666667 0.0203125
13 0.03833333333333333 0.8401041666666667 0.023333333333333334 0.014583333333333334
13 0.15625 0.8401041666666667 0.20583333333333334 0.017708333333333333
13 0.095 0.8578125 0.13666666666666666 0.017708333333333333
13 0.09416666666666666 0.8817708333333333 0.135 0.017708333333333333
13 0.9370833333333334 0.8421875 0.0725 0.014583333333333334
13 0.95 0.8567708333333334 0.04666666666666667 0.014583333333333334
13 0.8779166666666667 0.8796875 0.015833333333333335 0.022916666666666665
13 0.9295833333333333 0.8828125 0.0875 0.0375
6 0.12 0.9145833333333333 0.20666666666666667 0.041666666666666664
6 0.32666666666666666 0.9145833333333333 0.20666666666666667 0.041666666666666664
6 0.12 0.9145833333333333 0.20666666666666667 0.041666666666666664
13 0.92875 0.9135416666666667 0.10916666666666666 0.03958333333333333
13 0.07458333333333333 0.13072916666666667 0.09583333333333334 0.026041666666666668
13 0.12083333333333333 0.17708333333333334 0.058333333333333334 0.016666666666666666
13 0.3095833333333333 0.17708333333333334 0.0525 0.016666666666666666
13 0.49833333333333335 0.17708333333333334 0.051666666666666666 0.016666666666666666
13 0.6875 0.17708333333333334 0.09 0.016666666666666666
13 0.8766666666666667 0.17708333333333334 0.03833333333333333 0.016666666666666666
13 0.08125 0.24010416666666667 0.10916666666666666 0.026041666666666668
13 0.9075 0.24453125 0.13166666666666665 0.0171875
13 0.095 0.26901041666666664 0.11 0.015104166666666667
13 0.5 0.3098958333333333 0.9466666666666667 0.05
13 0.115 0.3528645833333333 0.15 0.015104166666666667
13 0.14458333333333334 0.39375 0.0275 0.016666666666666666
13 0.38 0.3859375 0.02666666666666667 0.016666666666666666
6 0.38 0.403125 0.04666666666666667 0.0125
13 0.6166666666666667 0.3859375 0.02666666666666667 0.016666666666666666
6 0.6166666666666667 0.403125 0.07166666666666667 0.0125
13 0.8533333333333334 0.3859375 0.02666666666666667 0.016666666666666666
6 0.8533333333333334 0.403125 0.09666666666666666 0.0125
13 0.2866666666666667 0.43671875 0.49333333333333335 0.015104166666666667
13 0.14458333333333334 0.47760416666666666 0.0275 0.016666666666666666
13 0.38 0.47760416666666666 0.075 0.016666666666666666
13 0.6166666666666667 0.47760416666666666 0.075 0.016666666666666666
13 0.8533333333333334 0.47760416666666666 0.075 0.016666666666666666
13 0.10875 0.53515625 0.1375 0.015104166666666667
13 0.065 0.56953125 0.04 0.0203125
13 0.93 0.56953125 0.05333333333333334 0.0203125
6 0.06916666666666667 0.6223958333333334 0.028333333333333332 0.026041666666666668
6 0.9308333333333333 0.6223958333333334 0.028333333333333332 0.026041666666666668
13 0.49583333333333335 0.6919270833333333 0.885 0.015104166666666667
6 0.9183333333333333 0.6921875 0.04 0.025
13 0.49583333333333335 0.76796875 0.885 0.015104166666666667
6 0.9183333333333333 0.7682291666666666 0.04 0.025
13 0.10208333333333333 0.8908854166666667 0.17083333333333334 0.015104166666666667
13 0.22208333333333333 0.8880208333333334 0.0525 0.026041666666666668
13 0.8908333333333334 0.8908854166666667 0.06333333333333334 0.015104166666666667
13 0.9570833333333333 0.8880208333333334 0.0525 0.026041666666666668
13 0.5 0.928125 0.06833333333333333 0.01875