13 0.11640625 0.059375 0.1796875 0.02578125
13 0.946875 0.059375 0.0796875 0.05
6 0.05859375 0.865625 0.1 0.02265625
13 0.5 0.52578125 0.171875 0.02890625
6 0.08515625 0.59375 0.11640625 0.07265625
6 0.21953125 0.5640625 0.125 0.01328125
13 0.56484375 0.58203125 0.81640625 0.02265625
13 0.56484375 0.60390625 0.81640625 0.0203125
13 0.03828125 0.6453125 0.0234375 0.01484375
13 0.15625 0.6453125 0.20546875 0.01796875
13 0.08828125 0.66328125 0.1234375 0.01796875
13 0.05703125 0.6875 0.0203125 0.01328125
13 0.13671875 0.6875 0.12734375 0.01484375
13 0.93671875 0.64375 0.07265625 0.01484375
13 0.95 0.65859375 0.046875 0.01484375
13 0.878125 0.68125 0.015625 0.02265625
13 0.9296875 0.684375 0.0875 0.0375
13 0.934375 0.71015625 0.078125 0.01484375
6 0.08515625 0.78828125 0.11640625 0.07265625
6 0.21953125 0.75859375 0.125 0.01328125
13 0.56484375 0.77734375 0.81640625 0.02265625
13 0.56484375 0.7984375 0.81640625 0.0203125
13 0.03828125 0.83984375 0.0234375 0.01484375
13 0.15625 0.83984375 0.20546875 0.01796875
13 0.0953125 0.8578125 0.13671875 0.01796875
13 0.09453125 0.88203125 0.13515625 0.01796875
13 0.93671875 0.8421875 0.07265625 0.01484375
13 0.95 0.85703125 0.046875 0.01484375
13 0.878125 0.8796875 0.015625 0.02265625
13 0.9296875 0.8828125 0.0875 0.0375
6 0.1203125 0.91484375 0.20703125 0.04140625
6 0.3265625 0.91484375 0.20703125 0.04140625
6 0.1203125 0.91484375 0.20703125 0.04140625
13 0.92890625 0.91328125 0.109375 0.03984375
13 0.07421875 0.13046875 0.09609375 0.02578125
13 0.12109375 0.17734375 0.05859375 0.01640625
13 0.309375 0.17734375 0.05234375 0.01640625
13 0.4984375 0.17734375 0.0515625 0.01640625
13 0.6875 0.17734375 0.08984375 0.01640625
13 0.8765625 0.17734375 0.03828125 0.01640625
13 0.08125 0.23984375 0.109375 0.02578125
13 0.9078125 0.24453125 0.13203125 0.0171875
13 0.0953125 0.26875 0.11015625 0.01484375
13 0.5 0.31015625 0.946875 0.05
13 0.11484375 0.353125 0.15 0.01484375
13 0.14453125 0.39375 0.02734375 0.01640625
13 0.3796875 0.3859375 0.0265625 0.01640625
6 0.3796875 0.403125 0.046875 0.0125
13 0.61640625 0.3859375 0.0265625 0.01640625
6 0.61640625 0.403125 0.071875 0.0125
13 0.853125 0.3859375 0.0265625 0.01640625
6 0.853125 0.403125 0.096875 0.0125
13 0.28671875 0.43671875 0.49296875 0.01484375
13 0.14453125 0.47734375 0.02734375 0.01640625
13 0.3796875 0.47734375 0.075 0.01640625
13 0.61640625 0.47734375 0.075 0.01640625
13 0.853125 0.47734375 0.075 0.01640625
13 0.10859375 0.53515625 0.1375 0.01484375
13 0.06484375 0.56953125 0.03984375 0.0203125
13 0.9296875 0.56953125 0.053125 0.0203125
6 0.06953125 0.62265625 0.028125 0.02578125
6 0.93046875 0.62265625 0.028125 0.02578125
13 0.49609375 0.6921875 0.88515625 0.01484375
6 0.91796875 0.6921875 0.03984375 0.025
13 0.49609375 0.76796875 0.88515625 0.01484375
6 0.91796875 0.76796875 0.03984375 0.025
13 0.10234375 0.890625 0.17109375 0.01484375
13 0.221875 0.88828125 0.05234375 0.02578125
13 0.890625 0.890625 0.06328125 0.01484375
13 0.95703125 0.88828125 0.05234375 0.02578125
13 0.5 0.928125 0.06796875 0.01875