1 0.9454166666666667 0.3580729166666667 0.05416666666666667 0.027604166666666666
1 0.9458333333333333 0.5002604166666667 0.043333333333333335 0.030729166666666665
1 0.9466666666666667 0.7111979166666667 0.045 0.0296875
1 0.94625 0.78359375 0.050833333333333335 0.0296875
0 0.50125 0.915625 0.9758333333333333 0.059375
13 0.5008333333333334 0.11614583333333334 0.51 0.027083333333333334
13 0.18708333333333332 0.05651041666666667 0.1475 0.0296875
13 0.31833333333333336 0.3614583333333333 0.33666666666666667 0.051041666666666666
13 0.315 0.5002604166666667 0.3233333333333333 0.04114583333333333
13 0.31333333333333335 0.7114583333333333 0.31166666666666665 0.040625
13 0.30416666666666664 0.7828125 0.305 0.04375
6 0.5054166666666666 0.21979166666666666 0.25583333333333336 0.121875
6 0.08125 0.3578125 0.06916666666666667 0.042708333333333334
6 0.085 0.49895833333333334 0.07 0.04895833333333333
6 0.08125 0.42552083333333335 0.07583333333333334 0.041666666666666664
6 0.085 0.6393229166666666 0.075 0.0484375
6 0.08166666666666667 0.7802083333333333 0.075 0.040625
6 0.0825 0.8520833333333333 0.07166666666666667 0.040625