6 0.5 0.09583333333333334 1 0.19166666666666668
5 0.04666666666666667 0.059375 0.09333333333333334 0.025
13 0.34041666666666665 0.059375 0.49416666666666664 0.028125
6 0.058333333333333334 0.803125 0.1 0.022916666666666665
13 0.06666666666666667 0.85625 0.13333333333333333 0.07291666666666667
13 0.2 0.85625 0.13333333333333333 0.07291666666666667
13 0.3333333333333333 0.85625 0.13333333333333333 0.07291666666666667
13 0.4666666666666667 0.85625 0.13333333333333333 0.07291666666666667
13 0.6 0.85625 0.13333333333333333 0.07291666666666667
13 0.7333333333333333 0.85625 0.13333333333333333 0.07291666666666667
13 0.8666666666666667 0.85625 0.13333333333333333 0.07291666666666667
13 0.9666666666666667 0.8565104166666667 0.06666666666666667 0.07239583333333334
0 0.5 0.9213541666666667 0.15166666666666667 0.05