1 0.9453125 0.3578125 0.05390625 0.02734375
1 0.94609375 0.5 0.04296875 0.03046875
1 0.946875 0.7109375 0.0453125 0.0296875
1 0.94609375 0.78359375 0.05078125 0.0296875
0 0.5015625 0.915625 0.97578125 0.059375
13 0.50078125 0.11640625 0.51015625 0.02734375
13 0.18671875 0.05625 0.14765625 0.0296875
13 0.31796875 0.36171875 0.33671875 0.05078125
13 0.31484375 0.5 0.3234375 0.04140625
13 0.31328125 0.71171875 0.31171875 0.040625
13 0.30390625 0.7828125 0.3046875 0.04375
6 0.50546875 0.21953125 0.25546875 0.121875
6 0.08125 0.3578125 0.06953125 0.04296875
6 0.08515625 0.49921875 0.0703125 0.04921875
6 0.08125 0.42578125 0.07578125 0.04140625
6 0.08515625 0.6390625 0.075 0.0484375
6 0.08203125 0.78046875 0.075 0.040625
6 0.0828125 0.85234375 0.071875 0.040625