6 0.5 0.09609375 1 0.19140625
5 0.046875 0.059375 0.09296875 0.025
13 0.340625 0.059375 0.49453125 0.028125
6 0.05859375 0.803125 0.1 0.02265625
13 0.06640625 0.85546875 0.1328125 0.0734375
13 0.2 0.85625 0.13359375 0.07265625
13 0.33359375 0.85625 0.13359375 0.07265625
13 0.46640625 0.85625 0.13359375 0.07265625
13 0.6 0.85625 0.13359375 0.07265625
13 0.73359375 0.85625 0.13359375 0.07265625
13 0.86640625 0.85625 0.13359375 0.07265625
13 0.96640625 0.85625 0.06640625 0.07265625
0 0.5 0.92109375 0.1515625 0.05