5 0.06015625 0.059375 0.09296875 0.05859375
13 0.171875 0.059375 0.11640625 0.028125
6 0.06640625 0.14453125 0.03359375 0.02109375
3 0.53359375 0.14453125 0.86640625 0.04140625
6 0.06640625 0.2 0.03359375 0.02109375
13 0.29609375 0.2 0.39140625 0.04140625
6 0.54140625 0.2 0.03359375 0.02109375
3 0.77109375 0.2 0.39140625 0.04140625
6 0.06640625 0.25546875 0.03359375 0.02109375
3 0.53359375 0.25546875 0.86640625 0.04140625
6 0.06640625 0.31015625 0.03359375 0.02109375
3 0.53359375 0.31015625 0.86640625 0.04140625
0 0.1859375 0.365625 0.3046875 0.04140625
0 0.5078125 0.365625 0.30546875 0.04140625
13 0.8140625 0.365625 0.30546875 0.01875
3 0.5 0.42109375 0.93359375 0.04140625
12 0.06640625 0.47734375 0.06640625 0.02578125
13 0.54140625 0.478125 0.85 0.03203125
0 0.5 0.53515625 0.93359375 0.04140625
13 0.49921875 0.58671875 0.34609375 0.01953125