13 0.5 0.5171875 0.09296875 0.03515625
13 0.22734375 0.58828125 0.12109375 0.02421875
13 0.5 0.6421875 0.946875 0.0578125
13 0.11328125 0.709375 0.1734375 0.0515625
13 0.596875 0.7140625 0.753125 0.03046875
13 0.5 0.7578125 0.946875 0.02109375
13 0.5 0.78359375 0.946875 0.02109375
13 0.5 0.85625 0.946875 0.02109375
13 0.5 0.9140625 0.946875 0.06953125
5 0.06015625 0.05703125 0.09296875 0.05859375
6 0.86328125 0.05703125 0.053125 0.03359375
6 0.9453125 0.05625 0.053125 0.03359375
13 0.26640625 0.896875 0.453125 0.02109375
13 0.08125 0.9203125 0.0828125 0.02421875
13 0.5921875 0.91171875 0.14453125 0.04609375
13 0.83203125 0.91171875 0.2828125 0.04609375