13 0.5 0.5169270833333334 0.09333333333333334 0.034895833333333334
13 0.22708333333333333 0.58828125 0.12083333333333333 0.024479166666666666
13 0.5 0.6419270833333334 0.9466666666666667 0.0578125
13 0.11333333333333333 0.7091145833333333 0.17333333333333334 0.0515625
13 0.5966666666666667 0.7138020833333333 0.7533333333333333 0.030729166666666665
13 0.5 0.7580729166666667 0.9466666666666667 0.021354166666666667
13 0.5 0.78359375 0.9466666666666667 0.021354166666666667
13 0.5 0.8559895833333333 0.9466666666666667 0.021354166666666667
13 0.5 0.9138020833333333 0.9466666666666667 0.06927083333333334
5 0.06 0.057291666666666664 0.09333333333333334 0.058333333333333334
6 0.8633333333333333 0.057291666666666664 0.05333333333333334 0.03333333333333333
6 0.945 0.05625 0.05333333333333334 0.03333333333333333
13 0.26666666666666666 0.8971354166666666 0.4533333333333333 0.021354166666666667
13 0.08125 0.9200520833333333 0.0825 0.024479166666666666
13 0.5920833333333333 0.9114583333333334 0.14416666666666667 0.04583333333333333
13 0.8320833333333333 0.9114583333333334 0.2825 0.04583333333333333