6 0.01328125 0.05546875 0.0265625 0.01640625
6 0.0609375 0.05546875 0.0796875 0.05
11 0.259375 0.05546875 0.30390625 0.05859375
13 0.2265625 0.05546875 0.225 0.05
13 0.83984375 0.05546875 0.10703125 0.05859375
5 0.94609375 0.0546875 0.1078125 0.059375
11 0.56953125 0.0453125 0.8609375 0.021875
0 0.02578125 0.49140625 0.0515625 0.03125
0 0.290625 0.13515625 0.1171875 0.02890625
0 0.8640625 0.165625 0.0390625 0.01796875
0 0.93203125 0.165625 0.0546875 0.01796875
0 0.49453125 0.23671875 0.07578125 0.02265625
0 0.6203125 0.23671875 0.1578125 0.02265625
0 0.09140625 0.68671875 0.06328125 0.4375
0 0.9734375 0.9046875 0.03671875 0.0734375