6 0.013333333333333334 0.05520833333333333 0.02666666666666667 0.016666666666666666
6 0.060833333333333336 0.05520833333333333 0.08 0.05
11 0.25958333333333333 0.05520833333333333 0.30416666666666664 0.058333333333333334
13 0.22666666666666666 0.05520833333333333 0.225 0.05
13 0.84 0.05520833333333333 0.10666666666666667 0.058333333333333334
5 0.9466666666666667 0.05520833333333333 0.10666666666666667 0.058333333333333334
11 0.57 0.04583333333333333 0.86 0.020833333333333332
0 0.025833333333333333 0.49166666666666664 0.051666666666666666 0.03125
0 0.29041666666666666 0.13541666666666666 0.1175 0.029166666666666667
0 0.86375 0.16536458333333334 0.03916666666666667 0.018229166666666668
0 0.9316666666666666 0.165625 0.055 0.017708333333333333
0 0.4945833333333333 0.23671875 0.07583333333333334 0.022395833333333334
0 0.6204166666666666 0.23671875 0.1575 0.022395833333333334
0 0.09166666666666666 0.6864583333333333 0.06333333333333334 0.4375
0 0.9733333333333334 0.9049479166666666 0.03666666666666667 0.0734375