13 0.45 0.16953125 0.38515625 0.0359375
13 0.4984375 0.246875 0.31484375 0.02890625
13 0.2984375 0.4359375 0.4125 0.02109375
13 0.50078125 0.371875 0.26875 0.01875
13 0.3796875 0.6171875 0.11640625 0.0125
13 0.6140625 0.7796875 0.1140625 0.021875
13 0.62265625 0.475 0.13515625 0.0234375
9 0.50234375 0.33203125 0.39765625 0.0421875
5 0.934375 0.2296875 0.0484375 0.025
5 0.28828125 0.11015625 0.0390625 0.0265625
5 0.9296875 0.109375 0.03359375 0.02890625
6 0.14140625 0.8921875 0.06484375 0.03046875
5 0.3765625 0.9015625 0.0546875 0.028125
6 0.6203125 0.903125 0.0546875 0.03359375
5 0.859375 0.9015625 0.05859375 0.03046875
6 0.06640625 0.5734375 0.04765625 0.028125
6 0.0734375 0.66875 0.0515625 0.0265625
6 0.5734375 0.1078125 0.04609375 0.03203125