13 0.45 0.16953125 0.385 0.0359375
13 0.49875 0.247265625 0.315 0.02890625
13 0.29875 0.435546875 0.4125 0.02109375
13 0.500625 0.371875 0.26875 0.01875
13 0.379375 0.6171875 0.11625 0.0125
13 0.614375 0.7796875 0.11375 0.021875
13 0.6225 0.475 0.135 0.0234375
9 0.5025 0.33203125 0.3975 0.0421875
5 0.934375 0.2296875 0.04875 0.025
5 0.288125 0.11015625 0.03875 0.0265625
5 0.929375 0.109765625 0.03375 0.02890625
6 0.14125 0.891796875 0.065 0.03046875
5 0.37625 0.9015625 0.055 0.028125
6 0.62 0.902734375 0.055 0.03359375
5 0.859375 0.901953125 0.05875 0.03046875
6 0.06625 0.5734375 0.0475 0.028125
6 0.073125 0.66875 0.05125 0.0265625
6 0.573125 0.108203125 0.04625 0.03203125