6 0.06015625 0.06328125 0.1203125 0.075
6 0.06015625 0.13828125 0.1203125 0.075
6 0.06015625 0.2125 0.1203125 0.07265625
6 0.06015625 0.28671875 0.1203125 0.075
6 0.06015625 0.36015625 0.1203125 0.07265625
6 0.06015625 0.86953125 0.0796875 0.05
6 0.06015625 0.925 0.0796875 0.05
5 0.1703125 0.05703125 0.1 0.04375
5 0.2703125 0.05703125 0.1 0.04375
3 0.590625 0.0640625 0.54140625 0.03046875
5 0.83203125 0.05703125 0.06015625 0.04375
13 0.9375 0.05703125 0.125 0.0625
0 0.68984375 0.909375 0.16015625 0.0375
0 0.8796875 0.91015625 0.146875 0.0375
0 0.8296875 0.11328125 0.05 0.03125
11 0.50546875 0.46328125 0.74140625 0.02734375
0 0.9546875 0.46484375 0.06328125 0.04140625
0 0.4203125 0.9796875 0.1265625 0.01796875
13 0.56015625 0.10078125 0.8796875 0.025