6 0.06 0.06354166666666666 0.12 0.075
6 0.06 0.13854166666666667 0.12 0.075
6 0.06 0.2125 0.12 0.07291666666666667
6 0.06 0.2864583333333333 0.12 0.075
6 0.06 0.36041666666666666 0.12 0.07291666666666667
6 0.06 0.8697916666666666 0.08 0.05
6 0.06 0.925 0.08 0.05
6 0.56 0.33125 0.68 0.45208333333333334
6 0.23 0.6791666666666667 0.19333333333333333 0.07604166666666666
13 0.23 0.7708333333333334 0.015 0.022916666666666665
7 0.2783333333333333 0.9067708333333333 0.05 0.03125
13 0.465 0.9002604166666667 0.31 0.025520833333333333
0 0.7616666666666667 0.9067708333333333 0.2 0.05625