6 0.06015625 0.06328125 0.1203125 0.075
6 0.06015625 0.13828125 0.1203125 0.075
6 0.06015625 0.2125 0.1203125 0.07265625
6 0.06015625 0.28671875 0.1203125 0.075
6 0.06015625 0.36015625 0.1203125 0.07265625
6 0.06015625 0.86953125 0.0796875 0.05
6 0.06015625 0.925 0.0796875 0.05
6 0.56015625 0.33125 0.6796875 0.45234375
6 0.2296875 0.67890625 0.19296875 0.07578125
13 0.2296875 0.77109375 0.01484375 0.02265625
7 0.278125 0.90703125 0.05 0.03125
13 0.46484375 0.9 0.31015625 0.02578125
0 0.76171875 0.90703125 0.2 0.05625