13 0.18416666666666667 0.8348958333333333 0.10166666666666667 0.028125
13 0.305 0.8348958333333333 0.11333333333333333 0.028125
13 0.29083333333333333 0.8661458333333333 0.315 0.021875
13 0.30541666666666667 0.9424479166666667 0.1575 0.022395833333333334
6 0.16666666666666666 0.9421875 0.04 0.025
6 0.043333333333333335 0.053125 0.04666666666666667 0.029166666666666667
6 0.10583333333333333 0.07395833333333333 0.041666666666666664 0.029166666666666667
6 0.10666666666666667 0.053125 0.04 0.029166666666666667
6 0.10666666666666667 0.09479166666666666 0.04 0.029166666666666667
3 0.5241666666666667 0.05 0.7783333333333333 0.04791666666666667
13 0.28958333333333336 0.05286458333333333 0.25583333333333336 0.022395833333333334
3 0.5241666666666667 0.096875 0.7783333333333333 0.04583333333333333
13 0.32166666666666666 0.09453125 0.32 0.022395833333333334
6 0.9566666666666667 0.053125 0.08 0.029166666666666667
6 0.10333333333333333 0.1375 0.03 0.01875
13 0.16458333333333333 0.1375 0.0725 0.019791666666666666
6 0.3475 0.1375 0.03 0.01875
13 0.40875 0.1375 0.0725 0.019791666666666666
6 0.5916666666666667 0.1375 0.03 0.01875
13 0.6533333333333333 0.1375 0.07333333333333333 0.019791666666666666
6 0.8366666666666667 0.1375 0.03 0.01875
13 0.8979166666666667 0.1375 0.0725 0.019791666666666666
0 0.059166666666666666 0.7609375 0.08666666666666667 0.05416666666666667
6 0.059166666666666666 0.7609375 0.08666666666666667 0.05416666666666667
6 0.14833333333333334 0.9208333333333333 0.03 0.01875
13 0.24 0.9208333333333333 0.15333333333333332 0.019791666666666666
6 0.7391666666666666 0.9208333333333333 0.03 0.01875
13 0.8104166666666667 0.9208333333333333 0.1125 0.019791666666666666
13 0.19166666666666668 0.79765625 0.38333333333333336 0.0171875
6 0.9133333333333333 0.7604166666666666 0.10666666666666667 0.06666666666666667
6 0.9133333333333333 0.7604166666666666 0.10666666666666667 0.06666666666666667