6 0.176875 0.241796875 0.07875 0.05078125
6 0.18125 0.46328125 0.0725 0.0421875
6 0.179375 0.562109375 0.08375 0.04921875
6 0.185625 0.78515625 0.08375 0.0421875
6 0.175625 0.9265625 0.07375 0.040625
13 0.13625 0.11796875 0.105 0.0234375
13 0.40375 0.115625 0.16 0.0265625
13 0.665 0.11640625 0.2 0.0203125
13 0.43 0.25 0.095 0.034375
13 0.429375 0.471875 0.08125 0.0375
13 0.425 0.721875 0.085 0.0359375
13 0.425625 0.795703125 0.09125 0.03515625
13 0.63875 0.72109375 0.1225 0.0421875
13 0.6425 0.86953125 0.1275 0.0421875
13 0.638125 0.25 0.11625 0.04375
13 0.18375 0.058203125 0.12 0.02421875
5 0.064375 0.056640625 0.05125 0.02578125
5 0.8825 0.059375 0.055 0.03125
5 0.9475 0.056640625 0.03 0.02890625
5 0.915625 0.887890625 0.07625 0.04609375
13 0.843125 0.473046875 0.05875 0.03984375
13 0.64375 0.474609375 0.14 0.04296875