13 0.153125 0.04765625 0.06640625 0.03125
13 0.16015625 0.09375 0.0671875 0.02890625
13 0.934375 0.5859375 0.0640625 0.02578125
13 0.9078125 0.7484375 0.0875 0.034375
6 0.82265625 0.2875 0.0625 0.03984375
13 0.3921875 0.26875 0.71875 0.0578125
13 0.52578125 0.39609375 0.0765625 0.021875
13 0.8765625 0.39765625 0.08515625 0.0234375
5 0.10390625 0.9265625 0.05 0.03203125
5 0.29765625 0.9234375 0.05 0.0375
5 0.5015625 0.9265625 0.0640625 0.03359375
5 0.696875 0.9234375 0.0609375 0.03671875
5 0.90078125 0.9265625 0.0640625 0.03515625
5 0.90234375 0.04765625 0.0546875 0.0328125
5 0.95703125 0.096875 0.0484375 0.034375
5 0.60546875 0.453125 0.05390625 0.02578125
5 0.88359375 0.45234375 0.0546875 0.021875