6 0.5 0.48828125 1 0.92421875
13 0.15859375 0.134375 0.23359375 0.0421875
13 0.17421875 0.19609375 0.265625 0.03046875
3 0.27109375 0.24765625 0.45859375 0.02265625
0 0.27109375 0.3078125 0.45859375 0.05
13 0.5 0.39453125 0.91640625 0.03046875
13 0.26171875 0.44296875 0.43984375 0.028125
13 0.73828125 0.44296875 0.43984375 0.028125
13 0.26171875 0.50859375 0.43984375 0.1015625
13 0.73828125 0.4890625 0.43984375 0.06171875
13 0.26171875 0.6046875 0.43984375 0.05234375
13 0.26171875 0.6828125 0.43984375 0.1015625
5 0.06015625 0.059375 0.09296875 0.06640625
6 0.5 0.35390625 0.1203125 0.075
3 0.5 0.43984375 0.5765625 0.02265625
3 0.5 0.51015625 0.5765625 0.02265625
0 0.5 0.58359375 0.5765625 0.05
13 0.5 0.65 0.23671875 0.01953125