6 0.5 0.1015625 0.453125 0.10078125
3 0.5 0.215625 0.9203125 0.04453125
13 0.48515625 0.246875 0.88984375 0.0171875
6 0.9453125 0.24765625 0.0296875 0.01875
3 0.5 0.2890625 0.9203125 0.04453125
13 0.48515625 0.3203125 0.88984375 0.0171875
6 0.9453125 0.32109375 0.0296875 0.01875
12 0.5 0.3609375 0.9203125 0.028125
13 0.49921875 0.43515625 0.0828125 0.053125
13 0.3328125 0.50625 0.08359375 0.02265625
13 0.44921875 0.50625 0.15 0.02265625
13 0.5390625 0.50625 0.02890625 0.02265625
13 0.625 0.50625 0.14296875 0.02265625
13 0.703125 0.50625 0.0125 0.02265625
0 0.5 0.57578125 0.9203125 0.05