13 0.1375 0.15 0.13984375 0.02734375
13 0.55546875 0.109375 0.39609375 0.02109375
6 0.325 0.30234375 0.075 0.0625
6 0.825 0.30625 0.125 0.08203125
6 0.48671875 0.4609375 0.1234375 0.08046875
6 0.65625 0.615625 0.12734375 0.07890625
6 0.4890625 0.7703125 0.1390625 0.08046875
6 0.8234375 0.9171875 0.125 0.06328125
6 0.4921875 0.9203125 0.12109375 0.06484375
6 0.6578125 0.303125 0.11015625 0.06328125
9 0.290625 0.39609375 0.08359375 0.0171875
9 0.61796875 0.3953125 0.07890625 0.0171875
9 0.6234375 0.55078125 0.07109375 0.0140625
9 0.45859375 0.70625 0.0828125 0.01484375