13 0.1375 0.149609375 0.14 0.02734375
13 0.555625 0.108984375 0.39625 0.02109375
6 0.325 0.30234375 0.075 0.0625
6 0.825 0.306640625 0.125 0.08203125
6 0.486875 0.460546875 0.12375 0.08046875
6 0.65625 0.615234375 0.1275 0.07890625
6 0.489375 0.769921875 0.13875 0.08046875
6 0.82375 0.916796875 0.125 0.06328125
6 0.491875 0.920703125 0.12125 0.06484375
6 0.6575 0.303515625 0.11 0.06328125
9 0.290625 0.39609375 0.08375 0.0171875
9 0.618125 0.3953125 0.07875 0.0171875
9 0.623125 0.55078125 0.07125 0.0140625
9 0.45875 0.706640625 0.0825 0.01484375