13 0.184375 0.10546875 0.16640625 0.0328125
13 0.2125 0.05 0.2171875 0.03046875
13 0.1859375 0.4859375 0.1640625 0.034375
13 0.19296875 0.671875 0.1890625 0.03046875
13 0.1859375 0.8 0.1640625 0.025
13 0.18671875 0.29375 0.16640625 0.0265625
6 0.065625 0.16484375 0.04375 0.034375
6 0.0625 0.359375 0.04765625 0.03984375
6 0.06328125 0.5484375 0.0484375 0.04140625
6 0.0640625 0.7375 0.04609375 0.04140625
6 0.06875 0.05 0.05 0.03203125
6 0.96015625 0.04765625 0.06015625 0.0375
5 0.01875 0.05 0.0296875 0.03203125