3 0.5 0.28515625 0.8516666666666667 0.04739583333333333
3 0.5 0.3497395833333333 0.8516666666666667 0.04739583333333333
13 0.5 0.40208333333333335 0.8516666666666667 0.040625
13 0.3304166666666667 0.5325520833333334 0.49916666666666665 0.0390625
1 0.18208333333333335 0.5630208333333333 0.17583333333333334 0.03333333333333333
13 0.3491666666666667 0.5630208333333333 0.14166666666666666 0.019791666666666666
13 0.5 0.6166666666666667 0.865 0.040625
13 0.15416666666666667 0.7513020833333334 0.16 0.022395833333333334
13 0.14 0.7986979166666667 0.13166666666666665 0.022395833333333334
6 0.5 0.18020833333333333 0.12666666666666668 0.07916666666666666
5 0.04666666666666667 0.059375 0.09333333333333334 0.058333333333333334
13 0.14208333333333334 0.059375 0.08416666666666667 0.028125