5 0.04666666666666667 0.059375 0.09333333333333334 0.058333333333333334
13 0.18291666666666667 0.059375 0.16583333333333333 0.028125
13 0.5 0.13046875 0.96 0.0421875
13 0.5133333333333333 0.19192708333333333 0.9333333333333333 0.0640625
13 0.11958333333333333 0.23671875 0.14583333333333334 0.025520833333333333
13 0.2504166666666667 0.28151041666666665 0.4075 0.0640625
13 0.10083333333333333 0.3263020833333333 0.10833333333333334 0.025520833333333333
13 0.23708333333333334 0.37109375 0.38083333333333336 0.0640625
6 0.1425 0.46197916666666666 0.04 0.026041666666666668
13 0.37 0.44088541666666664 0.21 0.0421875
13 0.49125 0.4830729166666667 0.4525 0.0421875
6 0.1425 0.5630208333333333 0.04 0.026041666666666668
13 0.37 0.5419270833333333 0.21 0.0421875
13 0.3625 0.5841145833333333 0.195 0.0421875
6 0.1425 0.6640625 0.04 0.026041666666666668
13 0.39916666666666667 0.64296875 0.2683333333333333 0.0421875
13 0.46791666666666665 0.68515625 0.4058333333333333 0.0421875
6 0.1425 0.7651041666666667 0.04 0.026041666666666668
13 0.395 0.7440104166666667 0.26 0.0421875
13 0.41791666666666666 0.7861979166666667 0.30583333333333335 0.0421875
6 0.1425 0.8661458333333333 0.04 0.026041666666666668
13 0.3908333333333333 0.8450520833333334 0.25166666666666665 0.0421875
13 0.53375 0.8872395833333333 0.5375 0.0421875
6 0.1425 0.9458333333333333 0.041666666666666664 0.026041666666666668
13 0.37 0.94609375 0.21 0.0421875