5 0.046875 0.059375 0.09296875 0.05859375
13 0.2 0.059375 0.2 0.028125
8 0.215625 0.1671875 0.246875 0.03125
8 0.48515625 0.1671875 0.29140625 0.03125
8 0.76953125 0.1671875 0.2765625 0.03125
3 0.43828125 0.21171875 0.70859375 0.04765625
6 0.8140625 0.20546875 0.0421875 0.03515625
6 0.88828125 0.20703125 0.05546875 0.03828125
13 0.82890625 0.24609375 0.17421875 0.02109375
13 0.5 0.290625 0.86484375 0.04296875
13 0.1484375 0.34921875 0.128125 0.0625
13 0.153125 0.390625 0.13828125 0.01953125
13 0.5734375 0.33125 0.68515625 0.02578125
13 0.39296875 0.35625 0.325 0.02578125
13 0.31484375 0.38203125 0.1671875 0.02578125
13 0.1484375 0.44296875 0.128125 0.0625
13 0.153125 0.484375 0.13828125 0.01953125
13 0.5734375 0.425 0.68515625 0.02578125
13 0.39296875 0.45 0.325 0.02578125
13 0.31484375 0.47578125 0.1671875 0.02578125
13 0.1484375 0.53671875 0.128125 0.0625
13 0.153125 0.578125 0.13828125 0.01953125
13 0.5734375 0.51875 0.68515625 0.02578125
13 0.42109375 0.54375 0.38046875 0.02578125
13 0.31484375 0.56953125 0.1671875 0.02578125
13 0.5 0.615625 0.86484375 0.04296875
13 0.1484375 0.675 0.128125 0.0625
13 0.5515625 0.65625 0.640625 0.02578125
6 0.89375 0.6546875 0.04453125 0.02109375
13 0.39296875 0.68203125 0.325 0.02578125
13 0.31484375 0.7078125 0.1671875 0.02578125
13 0.1484375 0.76875 0.128125 0.0625
13 0.153125 0.81015625 0.13828125 0.01953125
13 0.5515625 0.75 0.640625 0.02578125
6 0.89375 0.7484375 0.04453125 0.02109375
13 0.39296875 0.77578125 0.325 0.02578125
13 0.31484375 0.8015625 0.1671875 0.02578125
13 0.1484375 0.8625 0.128125 0.0625
13 0.153125 0.90390625 0.13828125 0.01953125
13 0.5515625 0.84375 0.640625 0.02578125
6 0.89375 0.8421875 0.04453125 0.02109375
13 0.39296875 0.86953125 0.325 0.02578125
13 0.31484375 0.8953125 0.1671875 0.02578125