5 0.06015625 0.059375 0.09296875 0.06640625
13 0.29296875 0.059375 0.31953125 0.028125
13 0.86640625 0.059375 0.0796875 0.05
13 0.946875 0.059375 0.0796875 0.05
13 0.1328125 0.11796875 0.14921875 0.01953125
13 0.4 0.11796875 0.1765625 0.01953125
13 0.66640625 0.11796875 0.07265625 0.01953125
13 0.93359375 0.11796875 0.09140625 0.01953125
6 0.5 0.2171875 0.98984375 0.140625
13 0.07265625 0.2203125 0.11171875 0.0171875
13 0.5046875 0.24765625 0.9765625 0.03046875
13 0.5046875 0.275 0.9765625 0.025
6 0.090625 0.3484375 0.14140625 0.08828125
13 0.234375 0.3125 0.11171875 0.0171875
13 0.40546875 0.3421875 0.4546875 0.04140625
13 0.3453125 0.38359375 0.334375 0.04140625
6 0.93984375 0.34609375 0.0796875 0.05
6 0.090625 0.4578125 0.14140625 0.08828125
13 0.234375 0.421875 0.11171875 0.0171875
13 0.4046875 0.4515625 0.45234375 0.04140625
13 0.409375 0.49296875 0.4625 0.04140625
6 0.93984375 0.45546875 0.0796875 0.05
6 0.1390625 0.56328125 0.240625 0.08359375
13 0.4796875 0.53515625 0.425 0.02265625
9 0.334375 0.5546875 0.13359375 0.01640625
13 0.93828125 0.53125 0.08671875 0.01484375
13 0.91484375 0.57265625 0.13359375 0.03671875
13 0.50390625 0.62109375 0.9546875 0.02734375
6 0.090625 0.70234375 0.14140625 0.08828125
13 0.234375 0.6671875 0.11171875 0.0171875
13 0.41171875 0.69609375 0.4671875 0.04140625
13 0.534375 0.73828125 0.7125 0.04140625
6 0.93984375 0.70078125 0.0796875 0.05
6 0.090625 0.81171875 0.14140625 0.08828125
13 0.234375 0.7765625 0.11171875 0.0171875
13 0.3828125 0.80546875 0.409375 0.04140625
13 0.37109375 0.84765625 0.38515625 0.04140625
6 0.93984375 0.81015625 0.0796875 0.05
6 0.090625 0.92109375 0.14140625 0.08828125
13 0.23984375 0.8859375 0.12265625 0.0171875
13 0.4484375 0.91484375 0.53984375 0.04140625
13 0.46796875 0.95703125 0.5796875 0.04140625
6 0.93984375 0.91953125 0.0796875 0.05