5 0.06 0.059375 0.09333333333333334 0.06666666666666667
13 0.29291666666666666 0.059375 0.31916666666666665 0.028125
13 0.8666666666666667 0.059375 0.08 0.05
13 0.9466666666666667 0.059375 0.08 0.05
13 0.13291666666666666 0.11770833333333333 0.14916666666666667 0.019791666666666666
13 0.4 0.11770833333333333 0.17666666666666667 0.019791666666666666
13 0.66625 0.11770833333333333 0.0725 0.019791666666666666
13 0.9333333333333333 0.11770833333333333 0.09166666666666666 0.019791666666666666
6 0.5 0.2171875 0.99 0.140625
13 0.0725 0.22057291666666667 0.11166666666666666 0.0171875
13 0.505 0.24739583333333334 0.9766666666666667 0.030208333333333334
13 0.505 0.275 0.9766666666666667 0.025
6 0.09083333333333334 0.3484375 0.14166666666666666 0.08854166666666667
13 0.23416666666666666 0.31276041666666665 0.11166666666666666 0.0171875
13 0.4058333333333333 0.3421875 0.455 0.041666666666666664
13 0.34541666666666665 0.38385416666666666 0.33416666666666667 0.041666666666666664
6 0.94 0.3463541666666667 0.08 0.05
6 0.09083333333333334 0.4578125 0.14166666666666666 0.08854166666666667
13 0.23416666666666666 0.42213541666666665 0.11166666666666666 0.0171875
13 0.40458333333333335 0.4515625 0.4525 0.041666666666666664
13 0.40958333333333335 0.49322916666666666 0.4625 0.041666666666666664
6 0.94 0.4557291666666667 0.08 0.05
6 0.13875 0.5635416666666667 0.24083333333333334 0.08333333333333333
13 0.48 0.53515625 0.425 0.022395833333333334
9 0.33416666666666667 0.5546875 0.13333333333333333 0.016666666666666666
13 0.9383333333333334 0.53125 0.08666666666666667 0.014583333333333334
13 0.915 0.5723958333333333 0.13333333333333333 0.036458333333333336
13 0.5041666666666667 0.6208333333333333 0.955 0.027083333333333334
6 0.09083333333333334 0.7026041666666667 0.14166666666666666 0.08854166666666667
13 0.23416666666666666 0.6669270833333333 0.11166666666666666 0.0171875
13 0.41208333333333336 0.6963541666666667 0.4675 0.041666666666666664
13 0.5345833333333333 0.7380208333333333 0.7125 0.041666666666666664
6 0.94 0.7005208333333334 0.08 0.05
6 0.09083333333333334 0.8119791666666667 0.14166666666666666 0.08854166666666667
13 0.23416666666666666 0.7763020833333333 0.11166666666666666 0.0171875
13 0.3829166666666667 0.8057291666666667 0.4091666666666667 0.041666666666666664
13 0.37083333333333335 0.8473958333333333 0.385 0.041666666666666664
6 0.94 0.8098958333333334 0.08 0.05
6 0.09083333333333334 0.9213541666666667 0.14166666666666666 0.08854166666666667
13 0.23958333333333334 0.8856770833333333 0.1225 0.0171875
13 0.4483333333333333 0.9151041666666667 0.54 0.041666666666666664
13 0.4683333333333333 0.9567708333333333 0.58 0.041666666666666664
6 0.94 0.9192708333333334 0.08 0.05