13 0.409375 0.279296875 0.37375 0.04609375
13 0.35125 0.34609375 0.26 0.0421875
13 0.32875 0.485546875 0.2175 0.02734375
13 0.324375 0.625 0.20375 0.0234375
13 0.293125 0.8125 0.14625 0.0265625
6 0.256875 0.13046875 0.09875 0.0625
6 0.491875 0.132421875 0.09875 0.05703125
6 0.73625 0.13515625 0.1075 0.05625
6 0.159375 0.278515625 0.06125 0.04453125
6 0.163125 0.41640625 0.07375 0.046875
6 0.160625 0.555859375 0.07875 0.04453125
6 0.16375 0.742578125 0.085 0.03515625
12 0.833125 0.7421875 0.09125 0.0390625
13 0.095 0.054296875 0.155 0.03828125