13 0.409375 0.2796875 0.3734375 0.04609375
13 0.3515625 0.34609375 0.26015625 0.0421875
13 0.32890625 0.4859375 0.2171875 0.02734375
13 0.32421875 0.625 0.20390625 0.0234375
13 0.29296875 0.8125 0.14609375 0.0265625
6 0.25703125 0.13046875 0.0984375 0.0625
6 0.4921875 0.1328125 0.0984375 0.05703125
6 0.7359375 0.13515625 0.1078125 0.05625
6 0.159375 0.278125 0.0609375 0.04453125
6 0.16328125 0.41640625 0.0734375 0.046875
6 0.1609375 0.55625 0.07890625 0.04453125
6 0.1640625 0.7421875 0.08515625 0.03515625
12 0.8328125 0.7421875 0.09140625 0.0390625
13 0.0953125 0.0546875 0.1546875 0.03828125