6 0.5004166666666666 0.054947916666666666 0.3458333333333333 0.044270833333333336
3 0.8841666666666667 0.22552083333333334 0.095 0.034375
0 0.9066666666666666 0.225 0.02 0.016666666666666666
0 0.965 0.22552083333333334 0.07 0.04479166666666667
0 0.5 0.34010416666666665 0.9466666666666667 0.042708333333333334
3 0.6075 0.8442708333333333 0.645 0.042708333333333334
3 0.6075 0.8880208333333334 0.645 0.042708333333333334
3 0.6075 0.9322916666666666 0.645 0.041666666666666664
3 0.6075 0.9765625 0.645 0.042708333333333334
13 0.225 0.0984375 0.45 0.028125
13 0.5 0.0984375 0.1 0.028125
13 0.775 0.0984375 0.45 0.028125
6 0.16666666666666666 0.14583333333333334 0.08333333333333333 0.052083333333333336
13 0.5333333333333333 0.1265625 0.4 0.013541666666666667
13 0.47583333333333333 0.15234375 0.09333333333333334 0.03802083333333333
13 0.5333333333333333 0.15234375 0.021666666666666667 0.03802083333333333
13 0.5908333333333333 0.15234375 0.09333333333333334 0.03802083333333333
6 0.9 0.14583333333333334 0.08333333333333333 0.052083333333333336
13 0.2325 0.20130208333333333 0.465 0.0203125
13 0.7333333333333333 0.20182291666666666 0.5333333333333333 0.0203125
13 0.1 0.3020833333333333 0.18833333333333332 0.023958333333333335
6 0.2995833333333333 0.3020833333333333 0.0375 0.028125
6 0.4995833333333333 0.3020833333333333 0.04583333333333333 0.028125
6 0.7 0.3020833333333333 0.05333333333333334 0.025
6 0.8995833333333333 0.3020833333333333 0.05583333333333333 0.028125
13 0.5 0.34322916666666664 0.99 0.026041666666666668
13 0.25 0.4041666666666667 0.44333333333333336 0.06458333333333334
13 0.25 0.5255208333333333 0.44333333333333336 0.017708333333333333
6 0.4525 0.5216145833333333 0.03833333333333333 0.025520833333333333
6 0.75 0.453125 0.5 0.1875
6 0.5483333333333333 0.38671875 0.04 0.0296875
13 0.5 0.5630208333333333 0.99 0.026041666666666668
6 0.5 0.7875 1 0.4166666666666667
6 0.06041666666666667 0.6114583333333333 0.0475 0.029166666666666667
13 0.225 0.0984375 0.45 0.028125
13 0.5 0.0984375 0.1 0.028125
13 0.775 0.0984375 0.45 0.028125
6 0.16666666666666666 0.14583333333333334 0.08333333333333333 0.052083333333333336
13 0.5333333333333333 0.1265625 0.4 0.013541666666666667
13 0.47583333333333333 0.15234375 0.09333333333333334 0.03802083333333333
13 0.5333333333333333 0.15234375 0.021666666666666667 0.03802083333333333
13 0.5908333333333333 0.15234375 0.09333333333333334 0.03802083333333333
6 0.9 0.14583333333333334 0.08333333333333333 0.052083333333333336
13 0.2325 0.20130208333333333 0.465 0.0203125
13 0.7333333333333333 0.20182291666666666 0.5333333333333333 0.0203125
13 0.1 0.3020833333333333 0.18833333333333332 0.023958333333333335
6 0.2995833333333333 0.3020833333333333 0.0375 0.028125
6 0.4995833333333333 0.3020833333333333 0.04583333333333333 0.028125
6 0.7 0.3020833333333333 0.05333333333333334 0.025
6 0.8995833333333333 0.3020833333333333 0.05583333333333333 0.028125
13 0.5 0.34322916666666664 0.99 0.026041666666666668
13 0.25 0.4041666666666667 0.44333333333333336 0.06458333333333334
13 0.25 0.5255208333333333 0.44333333333333336 0.017708333333333333
6 0.4525 0.5216145833333333 0.03833333333333333 0.025520833333333333
6 0.75 0.453125 0.5 0.1875
6 0.5483333333333333 0.38671875 0.04 0.0296875
13 0.5 0.5630208333333333 0.99 0.026041666666666668
6 0.5 0.7875 1 0.4166666666666667
6 0.06041666666666667 0.6114583333333333 0.0475 0.029166666666666667
13 0.225 0.0984375 0.45 0.028125
13 0.5 0.0984375 0.1 0.028125
13 0.775 0.0984375 0.45 0.028125
6 0.16666666666666666 0.14583333333333334 0.08333333333333333 0.052083333333333336
13 0.5 0.1296875 0.3333333333333333 0.019791666666666666
13 0.5 0.14739583333333334 0.3333333333333333 0.015625
13 0.5 0.16302083333333334 0.3333333333333333 0.015625
6 0.8333333333333334 0.14583333333333334 0.08333333333333333 0.052083333333333336
13 0.20375 0.20130208333333333 0.4075 0.0203125
13 0.5583333333333333 0.20130208333333333 0.29833333333333334 0.0203125
13 0.8545833333333334 0.1859375 0.0675 0.011458333333333333
13 0.78 0.2 0.03333333333333333 0.016666666666666666
13 0.78 0.21536458333333333 0.03333333333333333 0.0140625
13 0.8075 0.20703125 0.021666666666666667 0.030729166666666665
13 0.8316666666666667 0.2 0.02666666666666667 0.016666666666666666
13 0.8316666666666667 0.21536458333333333 0.02666666666666667 0.0140625
13 0.8558333333333333 0.20703125 0.021666666666666667 0.030729166666666665
13 0.8808333333333334 0.2 0.028333333333333332 0.016666666666666666
13 0.8808333333333334 0.21536458333333333 0.028333333333333332 0.0140625
13 0.9058333333333334 0.20703125 0.021666666666666667 0.030729166666666665
13 0.9308333333333333 0.2 0.028333333333333332 0.016666666666666666
13 0.9308333333333333 0.21536458333333333 0.028333333333333332 0.0140625
13 0.1 0.3020833333333333 0.18833333333333332 0.023958333333333335
6 0.2995833333333333 0.3020833333333333 0.0375 0.028125
6 0.4995833333333333 0.3020833333333333 0.04583333333333333 0.028125
6 0.7 0.3020833333333333 0.05333333333333334 0.025
6 0.8995833333333333 0.3020833333333333 0.05583333333333333 0.028125
13 0.5 0.34322916666666664 0.99 0.026041666666666668
13 0.25 0.4041666666666667 0.44333333333333336 0.06458333333333334
13 0.25 0.5255208333333333 0.44333333333333336 0.017708333333333333
6 0.4525 0.5216145833333333 0.03833333333333333 0.025520833333333333
6 0.75 0.453125 0.5 0.1875
6 0.5483333333333333 0.38671875 0.04 0.0296875
13 0.5 0.5630208333333333 0.99 0.026041666666666668
6 0.5 0.7875 1 0.4166666666666667
6 0.06041666666666667 0.6114583333333333 0.0475 0.029166666666666667
13 0.125 0.878125 0.25 0.015625
13 0.375 0.878125 0.25 0.015625
13 0.625 0.878125 0.25 0.015625
13 0.875 0.878125 0.25 0.015625
6 0.09958333333333333 0.92734375 0.0575 0.0453125
6 0.3 0.9260416666666667 0.105 0.04791666666666667
6 0.4995833333333333 0.9268229166666667 0.0575 0.04635416666666667
6 0.6995833333333333 0.9263020833333333 0.0725 0.04739583333333333
6 0.9 0.93203125 0.05333333333333334 0.0359375