6 0.5 0.171875 0.2833333333333333 0.17708333333333334
13 0.5 0.34401041666666665 0.4766666666666667 0.06302083333333333
13 0.5 0.43333333333333335 0.6666666666666666 0.07395833333333333
0 0.5 0.5380208333333333 0.4166666666666667 0.07291666666666667
13 0.3458333333333333 0.6794270833333333 0.295 0.06197916666666667
1 0.7816666666666666 0.6848958333333334 0.10333333333333333 0.051041666666666666
13 0.2775 0.7424479166666667 0.15833333333333333 0.06197916666666667
1 0.7816666666666666 0.7479166666666667 0.10333333333333333 0.051041666666666666
13 0.33958333333333335 0.80546875 0.2825 0.06197916666666667
1 0.7816666666666666 0.8109375 0.10333333333333333 0.051041666666666666
13 0.2758333333333333 0.8684895833333334 0.155 0.06197916666666667
1 0.7816666666666666 0.8739583333333333 0.10333333333333333 0.051041666666666666
13 0.5 0.88359375 1 0.0005208333333333333
6 0.5 0.9166666666666666 0.021666666666666667 0.017708333333333333