6 0.5 0.171875 0.28359375 0.17734375
13 0.5 0.34375 0.4765625 0.06328125
13 0.5 0.43359375 0.66640625 0.07421875
0 0.5 0.53828125 0.41640625 0.07265625
13 0.34609375 0.6796875 0.2953125 0.06171875
1 0.78203125 0.68515625 0.103125 0.05078125
13 0.27734375 0.7421875 0.15859375 0.06171875
1 0.78203125 0.74765625 0.103125 0.05078125
13 0.33984375 0.80546875 0.2828125 0.06171875
1 0.78203125 0.8109375 0.103125 0.05078125
13 0.27578125 0.86875 0.1546875 0.06171875
1 0.78203125 0.87421875 0.103125 0.05078125
13 0.5 0.88359375 1 0.00078125
6 0.5 0.91640625 0.021875 0.01796875