5 0.06 0.059375 0.09333333333333334 0.06666666666666667
13 0.21375 0.04791666666666667 0.16083333333333333 0.028125
13 0.16666666666666666 0.07317708333333334 0.06666666666666667 0.022395833333333334
13 0.8 0.059375 0.08 0.05
13 0.88 0.059375 0.08 0.05
6 0.9533333333333334 0.059375 0.06666666666666667 0.05
13 0.060833333333333336 0.11796875 0.12166666666666667 0.050520833333333334
13 0.1825 0.11796875 0.12166666666666667 0.050520833333333334
13 0.5 0.17083333333333334 0.9833333333333333 0.019791666666666666
3 0.5 0.303125 0.9833333333333333 0.22395833333333334
13 0.5 0.4354166666666667 0.9833333333333333 0.019791666666666666
3 0.5 0.5677083333333334 0.9833333333333333 0.22395833333333334
13 0.5 0.7 0.9833333333333333 0.019791666666666666
3 0.5 0.8325520833333333 0.9833333333333333 0.22447916666666667