5 0.06015625 0.059375 0.09296875 0.06640625
13 0.2140625 0.04765625 0.1609375 0.028125
13 0.16640625 0.0734375 0.06640625 0.02265625
13 0.8 0.059375 0.0796875 0.05
13 0.8796875 0.059375 0.0796875 0.05
6 0.953125 0.059375 0.06640625 0.05
13 0.0609375 0.11796875 0.121875 0.05078125
13 0.1828125 0.11796875 0.121875 0.05078125
13 0.5 0.17109375 0.98359375 0.01953125
3 0.5 0.303125 0.98359375 0.22421875
13 0.5 0.43515625 0.98359375 0.01953125
3 0.5 0.56796875 0.98359375 0.22421875
13 0.5 0.7 0.98359375 0.01953125
3 0.5 0.8328125 0.98359375 0.22421875