5 0.06 0.059375 0.09333333333333334 0.06666666666666667
13 0.20083333333333334 0.059375 0.135 0.028125
13 0.9466666666666667 0.059375 0.08 0.05
13 0.050833333333333335 0.12291666666666666 0.058333333333333334 0.019791666666666666
11 0.5425 0.12291666666666666 0.8983333333333333 0.05
13 0.5291666666666667 0.12265625 0.8716666666666667 0.022395833333333334
13 0.051666666666666666 0.17291666666666666 0.06 0.019791666666666666
11 0.5433333333333333 0.17291666666666666 0.8966666666666666 0.05
13 0.53 0.17265625 0.87 0.022395833333333334
13 0.5 0.2328125 0.9033333333333333 0.019791666666666666
3 0.48 0.26328125 0.8633333333333333 0.04114583333333333
5 0.9316666666666666 0.2552083333333333 0.04 0.025
13 0.5 0.29375 0.9033333333333333 0.019791666666666666
3 0.48 0.32421875 0.8633333333333333 0.04114583333333333
5 0.9316666666666666 0.31614583333333335 0.04 0.025
13 0.5 0.39479166666666665 0.9266666666666666 0.019791666666666666
13 0.5 0.44479166666666664 0.9266666666666666 0.019791666666666666