5 0.06015625 0.059375 0.09296875 0.06640625
13 0.20078125 0.059375 0.13515625 0.028125
13 0.946875 0.059375 0.0796875 0.05
13 0.05078125 0.12265625 0.05859375 0.01953125
11 0.5421875 0.12265625 0.8984375 0.05
13 0.52890625 0.12265625 0.871875 0.02265625
13 0.0515625 0.17265625 0.06015625 0.01953125
11 0.54296875 0.17265625 0.896875 0.05
13 0.5296875 0.17265625 0.8703125 0.02265625
13 0.5 0.2328125 0.903125 0.01953125
3 0.4796875 0.26328125 0.86328125 0.04140625
5 0.93203125 0.25546875 0.03984375 0.025
13 0.5 0.29375 0.903125 0.01953125
3 0.4796875 0.32421875 0.86328125 0.04140625
5 0.93203125 0.31640625 0.03984375 0.025
13 0.5 0.39453125 0.9265625 0.01953125
13 0.5 0.44453125 0.9265625 0.01953125