6 0.01328125 0.05546875 0.0265625 0.01640625
6 0.0609375 0.05546875 0.0796875 0.05
13 0.16484375 0.0546875 0.11484375 0.02578125
6 0.6265625 0.05546875 0.10703125 0.05859375
13 0.73359375 0.05546875 0.10703125 0.05859375
13 0.83984375 0.05546875 0.10703125 0.05859375
5 0.94609375 0.0546875 0.1078125 0.059375
13 0.0859375 0.109375 0.171875 0.05
13 0.27734375 0.109375 0.2109375 0.05
6 0.3390625 0.32578125 0.60859375 0.33828125
6 0.821875 0.23515625 0.28671875 0.15859375
6 0.821875 0.415625 0.28671875 0.15859375
6 0.178125 0.59609375 0.28671875 0.15859375
6 0.5 0.59609375 0.28671875 0.15859375
6 0.821875 0.59609375 0.28671875 0.15859375
6 0.178125 0.77578125 0.28671875 0.15859375
6 0.5 0.77578125 0.28671875 0.15859375
6 0.821875 0.77578125 0.28671875 0.15859375