6 0.013333333333333334 0.05520833333333333 0.02666666666666667 0.016666666666666666
6 0.060833333333333336 0.05520833333333333 0.08 0.05
13 0.165 0.054947916666666666 0.115 0.025520833333333333
6 0.6266666666666667 0.05520833333333333 0.10666666666666667 0.058333333333333334
13 0.7333333333333333 0.05520833333333333 0.10666666666666667 0.058333333333333334
13 0.84 0.05520833333333333 0.10666666666666667 0.058333333333333334
5 0.9466666666666667 0.05520833333333333 0.10666666666666667 0.058333333333333334
13 0.08583333333333333 0.109375 0.17166666666666666 0.05
13 0.27708333333333335 0.109375 0.21083333333333334 0.05
6 0.33916666666666667 0.3255208333333333 0.6083333333333333 0.3385416666666667
6 0.8216666666666667 0.23541666666666666 0.2866666666666667 0.15833333333333333
6 0.8216666666666667 0.415625 0.2866666666666667 0.15833333333333333
6 0.17833333333333334 0.5958333333333333 0.2866666666666667 0.15833333333333333
6 0.5 0.5958333333333333 0.2866666666666667 0.15833333333333333
6 0.8216666666666667 0.5958333333333333 0.2866666666666667 0.15833333333333333
6 0.17833333333333334 0.7760416666666666 0.2866666666666667 0.15833333333333333
6 0.5 0.7760416666666666 0.2866666666666667 0.15833333333333333
6 0.8216666666666667 0.7760416666666666 0.2866666666666667 0.15833333333333333