6 0.9234375 0.07421875 0.053125 0.03359375
13 0.5 0.2171875 0.36796875 0.03984375
13 0.49921875 0.26015625 0.50234375 0.01875
3 0.478125 0.30234375 0.8765625 0.03984375
3 0.478125 0.35546875 0.8765625 0.03984375
3 0.478125 0.40859375 0.8765625 0.03984375
3 0.478125 0.46171875 0.8765625 0.03984375
3 0.478125 0.51484375 0.8765625 0.03984375
11 0.478125 0.5734375 0.8765625 0.05
2 0.478125 0.5734375 0.8765625 0.05
1 0.06015625 0.62421875 0.03984375 0.025
13 0.2453125 0.62421875 0.303125 0.01875
1 0.478125 0.6578125 0.8765625 0.025
0 0.50703125 0.70390625 0.93359375 0.05
13 0.42421875 0.7671875 0.2421875 0.01875
0 0.6359375 0.7671875 0.146875 0.05