6 0.49 0.231640625 0.905 0.18515625
6 0.88875 0.46171875 0.185 0.103125
6 0.885625 0.575390625 0.17375 0.10234375
6 0.505 0.79609375 0.5125 0.3
13 0.490625 0.433984375 0.58625 0.02890625
13 0.68 0.344140625 0.595 0.02734375
13 0.495 0.54921875 0.575 0.0296875
13 0.603125 0.113671875 0.08375 0.02734375
13 0.869375 0.114453125 0.15625 0.02734375
13 0.06875 0.116015625 0.09 0.02421875
13 0.186875 0.05546875 0.11875 0.0234375
5 0.059375 0.056640625 0.06125 0.03515625
5 0.885625 0.059765625 0.04625 0.03203125
5 0.950625 0.056640625 0.04125 0.02890625
6 0.76625 0.059765625 0.1175 0.04140625