6 0.125 0.051041666666666666 0.08 0.05
6 0.375 0.051041666666666666 0.08 0.05
6 0.625 0.051041666666666666 0.08 0.05
6 0.875 0.051041666666666666 0.08 0.05
13 0.10125 0.09765625 0.16916666666666666 0.022395833333333334
13 0.3858333333333333 0.09869791666666666 0.26666666666666666 0.0328125
13 0.11166666666666666 0.14088541666666668 0.19 0.022395833333333334
11 0.3858333333333333 0.14114583333333333 0.26666666666666666 0.03125
13 0.3858333333333333 0.14088541666666668 0.26666666666666666 0.022395833333333334
13 0.09666666666666666 0.18411458333333333 0.16 0.022395833333333334
13 0.3858333333333333 0.18359375 0.26666666666666666 0.0328125
13 0.10083333333333333 0.24244791666666668 0.16833333333333333 0.022395833333333334
13 0.07291666666666667 0.2799479166666667 0.1125 0.0421875
13 0.10541666666666667 0.6080729166666666 0.1775 0.022395833333333334
13 0.07291666666666667 0.6455729166666667 0.1125 0.0421875
6 0.17833333333333334 0.44895833333333335 0.03333333333333333 0.020833333333333332
6 0.5933333333333334 0.44895833333333335 0.7966666666666666 0.4979166666666667
13 0.051666666666666666 0.6903645833333333 0.07 0.025520833333333333
13 0.13625 0.6903645833333333 0.06583333333333333 0.025520833333333333
7 0.5 0.7197916666666667 0.9666666666666667 0.0125
13 0.1375 0.74765625 0.24166666666666667 0.022395833333333334
6 0.5 0.8385416666666666 0.9666666666666667 0.14895833333333333