13 0.45078125 0.15625 0.41875 0.04140625
13 0.64765625 0.09453125 0.0796875 0.0296875
13 0.4984375 0.2359375 0.34375 0.03828125
13 0.27890625 0.43125 0.4046875 0.0265625
13 0.2625 0.6796875 0.3671875 0.02421875
13 0.36953125 0.6234375 0.1265625 0.02265625
13 0.6171875 0.72265625 0.12265625 0.0171875
13 0.4953125 0.7921875 0.0625 0.02265625
13 0.3984375 0.7921875 0.0703125 0.0265625
13 0.3890625 0.86171875 0.1 0.0234375
13 0.5890625 0.8625 0.05625 0.02734375
9 0.5046875 0.3265625 0.41640625 0.034375
5 0.95234375 0.2171875 0.0546875 0.0328125
0 0.11640625 0.09375 0.225 0.053125
0 0.7140625 0.153125 0.0890625 0.0390625
13 0.503125 0.3703125 0.27890625 0.02890625
13 0.14453125 0.5765625 0.1359375 0.02109375
5 0.8703125 0.915625 0.0671875 0.03203125
5 0.6296875 0.9203125 0.06484375 0.0359375
5 0.3765625 0.9171875 0.06484375 0.03515625
6 0.0453125 0.578125 0.0421875 0.02734375
6 0.58125 0.09375 0.0421875 0.03046875