5 0.046875 0.059375 0.09296875 0.025
6 0.1203125 0.059375 0.053125 0.03359375
6 0.5203125 0.059375 0.053125 0.025
3 0.76640625 0.059375 0.43984375 0.0375
13 0.5 0.11171875 1 0.03828125
6 0.16484375 0.27265625 0.32890625 0.27421875
13 0.16484375 0.37265625 0.30546875 0.01953125
13 0.16484375 0.3921875 0.30546875 0.01953125
6 0.16484375 0.27265625 0.32890625 0.27421875
6 0.50078125 0.27265625 0.32890625 0.27421875
13 0.50078125 0.37265625 0.30546875 0.01953125
13 0.50078125 0.3921875 0.30546875 0.01953125
6 0.50078125 0.27265625 0.32890625 0.27421875
6 0.83515625 0.27265625 0.32890625 0.27421875
13 0.83515625 0.37265625 0.30546875 0.01953125
13 0.83515625 0.3921875 0.30546875 0.01953125
6 0.83515625 0.27265625 0.32890625 0.27421875
6 0.16484375 0.55078125 0.32890625 0.27421875
13 0.16484375 0.65078125 0.30546875 0.01953125
13 0.16484375 0.6703125 0.30546875 0.01953125
6 0.16484375 0.55078125 0.32890625 0.27421875
6 0.50078125 0.55078125 0.32890625 0.27421875
13 0.50078125 0.65078125 0.30546875 0.01953125
13 0.50078125 0.6703125 0.30546875 0.01953125
6 0.50078125 0.55078125 0.32890625 0.27421875