5 0.04666666666666667 0.059375 0.09333333333333334 0.025
6 0.12 0.059375 0.05333333333333334 0.03333333333333333
6 0.5 0.5213541666666667 1 0.8572916666666667
6 0.16666666666666666 0.23671875 0.31666666666666665 0.27760416666666665
13 0.6666666666666666 0.1078125 0.65 0.019791666666666666
13 0.6666666666666666 0.1328125 0.65 0.019791666666666666
13 0.6666666666666666 0.16171875 0.65 0.0171875
0 0.8333333333333334 0.35052083333333334 0.31666666666666665 0.036458333333333336
6 0.016666666666666666 0.3958333333333333 0.03333333333333333 0.015625
13 0.07875 0.3958333333333333 0.07416666666666667 0.019791666666666666
13 0.5 0.4432291666666667 0.9833333333333333 0.05416666666666667
13 0.5 0.4981770833333333 0.9833333333333333 0.022395833333333334
6 0.16666666666666666 0.65859375 0.315 0.2765625
6 0.16666666666666666 0.65859375 0.315 0.2765625
6 0.5 0.6580729166666667 0.315 0.2755208333333333
6 0.5 0.6580729166666667 0.315 0.2755208333333333
6 0.8379166666666666 0.6596354166666667 0.32416666666666666 0.2786458333333333
6 0.8379166666666666 0.6596354166666667 0.32416666666666666 0.2786458333333333
13 0.5 0.82734375 0.9833333333333333 0.022395833333333334
6 0.32916666666666666 0.9244791666666666 0.6416666666666667 0.15104166666666666
13 0.8291666666666667 0.8588541666666667 0.325 0.019791666666666666
13 0.8291666666666667 0.8838541666666667 0.325 0.019791666666666666
13 0.8291666666666667 0.9572916666666667 0.325 0.08541666666666667