5 0.046875 0.059375 0.09296875 0.025
6 0.1203125 0.059375 0.053125 0.03359375
6 0.5 0.52109375 1 0.85703125
6 0.16640625 0.23671875 0.31640625 0.27734375
13 0.66640625 0.1078125 0.65 0.01953125
13 0.66640625 0.1328125 0.65 0.01953125
13 0.66640625 0.16171875 0.65 0.0171875
0 0.83359375 0.35078125 0.31640625 0.03671875
6 0.01640625 0.3953125 0.0328125 0.015625
13 0.07890625 0.39609375 0.07421875 0.01953125
13 0.5 0.44296875 0.98359375 0.05390625
13 0.5 0.4984375 0.98359375 0.02265625
6 0.16640625 0.65859375 0.31484375 0.2765625
6 0.16640625 0.65859375 0.31484375 0.2765625
6 0.5 0.6578125 0.31484375 0.27578125
6 0.5 0.6578125 0.31484375 0.27578125
6 0.8375 0.65859375 0.325 0.2796875
6 0.8375 0.65859375 0.325 0.2796875
13 0.5 0.82734375 0.98359375 0.02265625
6 0.32890625 0.92421875 0.64140625 0.15078125
13 0.82890625 0.85859375 0.325 0.01953125
13 0.82890625 0.88359375 0.325 0.01953125
13 0.82890625 0.95703125 0.325 0.08515625