5 0.04666666666666667 0.059375 0.09333333333333334 0.025
6 0.12 0.059375 0.05333333333333334 0.03333333333333333
6 0.5 0.5213541666666667 1 0.8572916666666667
6 0.16666666666666666 0.25 0.31666666666666665 0.30416666666666664
13 0.6666666666666666 0.1078125 0.65 0.019791666666666666
13 0.6666666666666666 0.1328125 0.65 0.019791666666666666
13 0.6666666666666666 0.16171875 0.65 0.0171875
0 0.8333333333333334 0.3770833333333333 0.31666666666666665 0.036458333333333336
13 0.5 0.44817708333333334 0.9833333333333333 0.07135416666666666
13 0.5 0.51171875 0.9833333333333333 0.022395833333333334
6 0.16666666666666666 0.6854166666666667 0.315 0.303125
6 0.16666666666666666 0.6854166666666667 0.315 0.303125
6 0.5 0.6854166666666667 0.315 0.303125
6 0.5 0.6854166666666667 0.315 0.303125
6 0.8333333333333334 0.6854166666666667 0.315 0.303125
6 0.8333333333333334 0.6854166666666667 0.315 0.303125
13 0.5 0.8653645833333333 0.9833333333333333 0.022395833333333334
6 0.32916666666666666 0.9434895833333333 0.6416666666666667 0.11302083333333333
13 0.8291666666666667 0.896875 0.325 0.019791666666666666
13 0.8291666666666667 0.921875 0.325 0.019791666666666666