6 0.04296875 0.09296875 0.04609375 0.03515625
6 0.19453125 0.33515625 0.24140625 0.1328125
6 0.02734375 0.3390625 0.04765625 0.1890625
9 0.3953125 0.29375 0.0859375 0.01484375
0 0.603125 0.43359375 0.0609375 0.02734375
0 0.84453125 0.5421875 0.21796875 0.028125
0 0.91484375 0.603125 0.0796875 0.0171875
0 0.9140625 0.65859375 0.0828125 0.01953125
0 0.9140625 0.7140625 0.0796875 0.02109375
0 0.9015625 0.809375 0.09921875 0.01953125
3 0.46796875 0.12734375 0.2109375 0.02734375
5 0.9609375 0.04921875 0.0609375 0.03515625
5 0.05078125 0.0515625 0.053125 0.03203125
13 0.515625 0.60234375 0.3203125 0.2109375
13 0.80859375 0.22734375 0.14453125 0.02734375
13 0.7796875 0.33359375 0.08046875 0.03125
13 0.78828125 0.43671875 0.115625 0.02421875
13 0.7609375 0.4875 0.05 0.0203125
13 0.75859375 0.7109375 0.0625 0.01171875
13 0.79375 0.73984375 0.12890625 0.0328125
13 0.78828125 0.61875 0.125 0.0515625
13 0.4921875 0.3640625 0.27421875 0.04921875
13 0.303125 0.0921875 0.3484375 0.01640625
0 0.54765625 0.09296875 0.10390625 0.02890625
6 0.096875 0.09296875 0.0375 0.0296875
13 0.4796875 0.2046875 0.2796875 0.02734375
6 0.23203125 0.20546875 0.05 0.02890625
6 0.69453125 0.11015625 0.06796875 0.04296875
6 0.9390625 0.11171875 0.06640625 0.03984375
6 0.8140625 0.11171875 0.0625 0.0375
13 0.5046875 0.05234375 0.8265625 0.02265625