6 0.042916666666666665 0.09296875 0.04583333333333333 0.034895833333333334
6 0.19416666666666665 0.33515625 0.24166666666666667 0.1328125
6 0.027083333333333334 0.33880208333333334 0.0475 0.1890625
9 0.3954166666666667 0.29375 0.08583333333333333 0.014583333333333334
0 0.6029166666666667 0.43359375 0.060833333333333336 0.027604166666666666
0 0.8441666666666666 0.5421875 0.21833333333333332 0.028125
0 0.915 0.6033854166666667 0.08 0.0171875
0 0.91375 0.6588541666666666 0.0825 0.019791666666666666
0 0.9141666666666667 0.7143229166666667 0.08 0.021354166666666667
0 0.90125 0.809375 0.09916666666666667 0.019791666666666666
3 0.46791666666666665 0.12760416666666666 0.21083333333333334 0.027083333333333334
5 0.96125 0.049479166666666664 0.060833333333333336 0.035416666666666666
5 0.050833333333333335 0.05182291666666667 0.05333333333333334 0.03177083333333333
13 0.5158333333333334 0.60234375 0.32 0.2109375
13 0.80875 0.22708333333333333 0.14416666666666667 0.027083333333333334
13 0.7795833333333333 0.3333333333333333 0.08083333333333333 0.03125
13 0.7879166666666667 0.43645833333333334 0.11583333333333333 0.023958333333333335
13 0.7608333333333334 0.48776041666666664 0.05 0.0203125
13 0.75875 0.7111979166666667 0.0625 0.011979166666666667
13 0.79375 0.73984375 0.12916666666666668 0.0328125
13 0.7883333333333333 0.6190104166666667 0.125 0.0515625
13 0.4920833333333333 0.36432291666666666 0.27416666666666667 0.049479166666666664
13 0.30333333333333334 0.09244791666666667 0.34833333333333333 0.016145833333333335
0 0.5479166666666667 0.09322916666666667 0.10416666666666667 0.029166666666666667
6 0.09708333333333333 0.09296875 0.0375 0.0296875
13 0.48 0.20442708333333334 0.28 0.027604166666666666
6 0.23166666666666666 0.20520833333333333 0.05 0.029166666666666667
6 0.6941666666666667 0.11041666666666666 0.06833333333333333 0.042708333333333334
6 0.9391666666666667 0.11197916666666667 0.06666666666666667 0.03958333333333333
6 0.81375 0.11145833333333334 0.0625 0.0375
13 0.505 0.052083333333333336 0.8266666666666667 0.022916666666666665