5 0.04666666666666667 0.059375 0.09333333333333334 0.025
6 0.12 0.059375 0.05333333333333334 0.03333333333333333
6 0.52 0.059375 0.05333333333333334 0.025
3 0.7666666666666667 0.059375 0.44 0.0375
13 0.5 0.11197916666666667 1 0.03854166666666667
6 0.16458333333333333 0.27239583333333334 0.32916666666666666 0.27395833333333336
13 0.16458333333333333 0.3723958333333333 0.30583333333333335 0.019791666666666666
13 0.16458333333333333 0.3921875 0.30583333333333335 0.019791666666666666
6 0.16458333333333333 0.27239583333333334 0.32916666666666666 0.27395833333333336
6 0.5004166666666666 0.27239583333333334 0.32916666666666666 0.27395833333333336
13 0.5004166666666666 0.3723958333333333 0.30583333333333335 0.019791666666666666
13 0.5004166666666666 0.3921875 0.30583333333333335 0.019791666666666666
6 0.5004166666666666 0.27239583333333334 0.32916666666666666 0.27395833333333336
6 0.8354166666666667 0.27239583333333334 0.32916666666666666 0.27395833333333336
13 0.8354166666666667 0.3723958333333333 0.30583333333333335 0.019791666666666666
13 0.8354166666666667 0.3921875 0.30583333333333335 0.019791666666666666
6 0.8354166666666667 0.27239583333333334 0.32916666666666666 0.27395833333333336
6 0.16458333333333333 0.5505208333333333 0.32916666666666666 0.27395833333333336
13 0.16458333333333333 0.6505208333333333 0.30583333333333335 0.019791666666666666
13 0.16458333333333333 0.6703125 0.30583333333333335 0.019791666666666666
6 0.16458333333333333 0.5505208333333333 0.32916666666666666 0.27395833333333336
6 0.5004166666666666 0.5505208333333333 0.32916666666666666 0.27395833333333336
13 0.5004166666666666 0.6505208333333333 0.30583333333333335 0.019791666666666666
13 0.5004166666666666 0.6703125 0.30583333333333335 0.019791666666666666
6 0.5004166666666666 0.5505208333333333 0.32916666666666666 0.27395833333333336
6 0.8354166666666667 0.5505208333333333 0.32916666666666666 0.27395833333333336
13 0.8354166666666667 0.6505208333333333 0.30583333333333335 0.019791666666666666
13 0.8354166666666667 0.6703125 0.30583333333333335 0.019791666666666666
6 0.8354166666666667 0.5505208333333333 0.32916666666666666 0.27395833333333336
6 0.16458333333333333 0.8286458333333333 0.32916666666666666 0.27395833333333336
13 0.16458333333333333 0.9291666666666667 0.30583333333333335 0.019791666666666666
13 0.16458333333333333 0.9486979166666667 0.30583333333333335 0.019270833333333334
6 0.16458333333333333 0.8286458333333333 0.32916666666666666 0.27395833333333336
6 0.5004166666666666 0.8286458333333333 0.32916666666666666 0.27395833333333336
13 0.5004166666666666 0.9286458333333333 0.30583333333333335 0.019791666666666666
13 0.5004166666666666 0.9484375 0.30583333333333335 0.019791666666666666
6 0.5004166666666666 0.8286458333333333 0.32916666666666666 0.27395833333333336
6 0.8354166666666667 0.8286458333333333 0.32916666666666666 0.27395833333333336
13 0.8354166666666667 0.9286458333333333 0.30583333333333335 0.019791666666666666
13 0.8354166666666667 0.9484375 0.30583333333333335 0.019791666666666666
6 0.8354166666666667 0.8286458333333333 0.32916666666666666 0.27395833333333336