13 0.67890625 0.23359375 0.2921875 0.0625
13 0.30078125 0.3515625 0.3109375 0.0734375
13 0.72421875 0.471875 0.1734375 0.059375
13 0.275 0.57734375 0.2671875 0.065625
13 0.70546875 0.690625 0.2109375 0.07890625
13 0.3140625 0.809375 0.34375 0.0671875
13 0.23984375 0.91171875 0.1875 0.0359375
13 0.7390625 0.9234375 0.15 0.04609375
13 0.05703125 0.6984375 0.0859375 0.0421875
13 0.9171875 0.3296875 0.15234375 0.07578125
13 0.9140625 0.59375 0.13125 0.05078125
13 0.21328125 0.13359375 0.16875 0.0375
13 0.62578125 0.13671875 0.11640625 0.04375
3 0.36015625 0.0625 0.62265625 0.06171875
5 0.7515625 0.0625 0.0984375 0.05703125
5 0.9015625 0.065625 0.0953125 0.05078125