5 0.04666666666666667 0.059375 0.09333333333333334 0.025
6 0.12 0.059375 0.05333333333333334 0.03333333333333333
6 0.5 0.5213541666666667 1 0.8572916666666667
6 0.5 0.27057291666666666 0.9833333333333333 0.3453125
13 0.5 0.4635416666666667 0.9833333333333333 0.019791666666666666
13 0.5 0.48854166666666665 0.9833333333333333 0.019791666666666666
13 0.5 0.5432291666666667 0.9833333333333333 0.06875
13 0.4995833333333333 0.5927083333333333 0.1325 0.019791666666666666
13 0.05583333333333333 0.6473958333333333 0.095 0.019791666666666666
6 0.7716666666666666 0.6473958333333333 0.05333333333333334 0.0375
6 0.8283333333333334 0.6473958333333333 0.06 0.0375
8 0.9083333333333333 0.6453125 0.05333333333333334 0.03333333333333333
8 0.9616666666666667 0.6453125 0.05333333333333334 0.03333333333333333
6 0.10833333333333334 0.76875 0.2 0.16354166666666667
13 0.6083333333333333 0.696875 0.7666666666666667 0.019791666666666666
13 0.6083333333333333 0.7205729166666667 0.7666666666666667 0.0171875
0 0.8016666666666666 0.8255208333333334 0.38 0.036458333333333336
6 0.10833333333333334 0.9330729166666667 0.2 0.13385416666666666
13 0.6083333333333333 0.8760416666666667 0.7666666666666667 0.019791666666666666
13 0.6083333333333333 0.8997395833333334 0.7666666666666667 0.0171875