5 0.046875 0.059375 0.09296875 0.025
6 0.1203125 0.059375 0.053125 0.03359375
6 0.5 0.52109375 1 0.85703125
6 0.5 0.2703125 0.98359375 0.3453125
13 0.5 0.46328125 0.98359375 0.01953125
13 0.5 0.48828125 0.98359375 0.01953125
13 0.5 0.54296875 0.98359375 0.06875
13 0.49921875 0.59296875 0.1328125 0.01953125
13 0.05546875 0.64765625 0.0953125 0.01953125
6 0.771875 0.64765625 0.053125 0.0375
6 0.828125 0.64765625 0.06015625 0.0375
8 0.90859375 0.6453125 0.053125 0.03359375
8 0.96171875 0.6453125 0.053125 0.03359375
6 0.10859375 0.76875 0.2 0.16328125
13 0.60859375 0.696875 0.76640625 0.01953125
13 0.60859375 0.7203125 0.76640625 0.0171875
0 0.8015625 0.82578125 0.3796875 0.03671875
6 0.10859375 0.9328125 0.2 0.13359375
13 0.60859375 0.87578125 0.76640625 0.01953125
13 0.60859375 0.9 0.76640625 0.0171875