5 0.046875 0.059375 0.09296875 0.025
6 0.1203125 0.059375 0.053125 0.03359375
13 0.953125 0.059375 0.09296875 0.05
6 0.5 0.26875 1 0.3515625
6 0.2484375 0.5359375 0.496875 0.17421875
6 0.2484375 0.5359375 0.496875 0.17421875
6 0.7515625 0.5359375 0.496875 0.17421875
6 0.7515625 0.5359375 0.496875 0.17421875
13 0.5 0.64609375 1 0.03828125
6 0.16484375 0.828125 0.32890625 0.31640625
13 0.16484375 0.94921875 0.30546875 0.01953125
6 0.16484375 0.828125 0.32890625 0.31640625
6 0.50078125 0.828125 0.32890625 0.31640625
13 0.50078125 0.94921875 0.30546875 0.01953125
6 0.50078125 0.828125 0.32890625 0.31640625
6 0.8359375 0.828125 0.32734375 0.31640625
13 0.83671875 0.94921875 0.30546875 0.01953125
6 0.8359375 0.828125 0.32734375 0.31640625