5 0.04666666666666667 0.059375 0.09333333333333334 0.025
6 0.12 0.059375 0.05333333333333334 0.03333333333333333
13 0.9533333333333334 0.059375 0.09333333333333334 0.05
6 0.5 0.26848958333333334 1 0.3515625
6 0.24833333333333332 0.5356770833333333 0.49666666666666665 0.17447916666666666
6 0.24833333333333332 0.5356770833333333 0.49666666666666665 0.17447916666666666
6 0.7516666666666667 0.5356770833333333 0.49666666666666665 0.17447916666666666
6 0.7516666666666667 0.5356770833333333 0.49666666666666665 0.17447916666666666
13 0.5 0.6463541666666667 1 0.03854166666666667
6 0.16458333333333333 0.828125 0.32916666666666666 0.31666666666666665
13 0.16458333333333333 0.9494791666666667 0.30583333333333335 0.019791666666666666
6 0.16458333333333333 0.828125 0.32916666666666666 0.31666666666666665
6 0.5004166666666666 0.828125 0.32916666666666666 0.31666666666666665
13 0.5004166666666666 0.9494791666666667 0.30583333333333335 0.019791666666666666
6 0.5004166666666666 0.828125 0.32916666666666666 0.31666666666666665
6 0.83625 0.828125 0.3275 0.31666666666666665
13 0.8370833333333333 0.9494791666666667 0.30583333333333335 0.019791666666666666
6 0.83625 0.828125 0.3275 0.31666666666666665