5 0.04666666666666667 0.059375 0.09333333333333334 0.025
6 0.12 0.059375 0.05333333333333334 0.03333333333333333
6 0.5 0.5213541666666667 1 0.8572916666666667
6 0.16666666666666666 0.25 0.31666666666666665 0.30416666666666664
13 0.6666666666666666 0.1078125 0.65 0.019791666666666666
13 0.6666666666666666 0.1328125 0.65 0.019791666666666666
13 0.6666666666666666 0.16171875 0.65 0.0171875
0 0.8333333333333334 0.3770833333333333 0.31666666666666665 0.036458333333333336
13 0.5 0.45677083333333335 0.9833333333333333 0.08854166666666667
13 0.5 0.52890625 0.9833333333333333 0.022395833333333334
6 0.16666666666666666 0.7026041666666667 0.315 0.303125
6 0.16666666666666666 0.7026041666666667 0.315 0.303125
6 0.6625 0.7044270833333334 0.64 0.3067708333333333
6 0.6625 0.7044270833333334 0.64 0.3067708333333333
13 0.5 0.8861979166666667 0.9833333333333333 0.022395833333333334
6 0.32916666666666666 0.95390625 0.6416666666666667 0.0921875
13 0.8291666666666667 0.9177083333333333 0.325 0.019791666666666666
13 0.8291666666666667 0.9427083333333334 0.325 0.019791666666666666