5 0.046875 0.059375 0.09296875 0.025
6 0.1203125 0.059375 0.053125 0.03359375
6 0.5 0.52109375 1 0.85703125
6 0.16640625 0.25 0.31640625 0.30390625
13 0.66640625 0.1078125 0.65 0.01953125
13 0.66640625 0.1328125 0.65 0.01953125
13 0.66640625 0.16171875 0.65 0.0171875
0 0.83359375 0.37734375 0.31640625 0.03671875
13 0.5 0.45703125 0.98359375 0.08828125
13 0.5 0.52890625 0.98359375 0.02265625
6 0.16640625 0.70234375 0.31484375 0.303125
6 0.16640625 0.70234375 0.31484375 0.303125
6 0.6625 0.7046875 0.63984375 0.30703125
6 0.6625 0.7046875 0.63984375 0.30703125
13 0.5 0.8859375 0.98359375 0.02265625
6 0.32890625 0.95390625 0.64140625 0.0921875
13 0.82890625 0.91796875 0.325 0.01953125
13 0.82890625 0.94296875 0.325 0.01953125