0 0.27125 0.6151041666666667 0.45416666666666666 0.052083333333333336
0 0.7329166666666667 0.6151041666666667 0.4625 0.05625
13 0.1725 0.3575520833333333 0.23666666666666666 0.028645833333333332
13 0.49875 0.46979166666666666 0.8708333333333333 0.15520833333333334
5 0.04541666666666667 0.06588541666666667 0.0575 0.033854166666666664
5 0.87875 0.06588541666666667 0.060833333333333336 0.0296875
5 0.9570833333333333 0.06796875 0.0475 0.03177083333333333
6 0.25333333333333335 0.14375 0.08833333333333333 0.05625
6 0.7466666666666667 0.1421875 0.085 0.05520833333333333
6 0.255 0.3046875 0.09166666666666666 0.04791666666666667
6 0.7458333333333333 0.3046875 0.08333333333333333 0.04791666666666667
13 0.12208333333333334 0.23203125 0.21083333333333334 0.024479166666666666
13 0.61375 0.23515625 0.22416666666666665 0.0171875
13 0.15291666666666667 0.06692708333333333 0.11916666666666667 0.021354166666666667