0 0.27109375 0.61484375 0.45390625 0.05234375
0 0.7328125 0.61484375 0.4625 0.05625
13 0.17265625 0.3578125 0.23671875 0.02890625
13 0.4984375 0.46953125 0.87109375 0.15546875
5 0.0453125 0.065625 0.0578125 0.03359375
5 0.87890625 0.065625 0.0609375 0.0296875
5 0.95703125 0.06796875 0.04765625 0.03203125
6 0.253125 0.14375 0.08828125 0.05625
6 0.746875 0.1421875 0.08515625 0.05546875
6 0.2546875 0.3046875 0.09140625 0.04765625
6 0.74609375 0.3046875 0.08359375 0.04765625
13 0.121875 0.23203125 0.2109375 0.02421875
13 0.6140625 0.23515625 0.22421875 0.0171875
13 0.153125 0.0671875 0.11953125 0.02109375