6 0.041666666666666664 0.052083333333333336 0.056666666666666664 0.035416666666666666
13 0.4995833333333333 0.05182291666666667 0.0825 0.025520833333333333
6 0.5 0.17291666666666666 0.20333333333333334 0.12708333333333333
13 0.11666666666666667 0.2986979166666667 0.17333333333333334 0.034895833333333334
3 0.5866666666666667 0.2986979166666667 0.7666666666666667 0.034895833333333334
13 0.11666666666666667 0.36171875 0.17333333333333334 0.034895833333333334
3 0.5629166666666666 0.36171875 0.7191666666666666 0.034895833333333334
1 0.94625 0.3619791666666667 0.0475 0.019791666666666666
0 0.5 0.4479166666666667 0.94 0.041666666666666664
13 0.3925 0.5075520833333333 0.18666666666666668 0.027604166666666666
13 0.6095833333333334 0.5075520833333333 0.18083333333333335 0.027604166666666666
13 0.4995833333333333 0.92890625 0.14916666666666667 0.0421875