6 0.9308333333333333 0.6895833333333333 0.07166666666666667 0.04479166666666667
13 0.5 0.7653645833333333 0.9333333333333333 0.0234375
13 0.18666666666666668 0.8541666666666666 0.30666666666666664 0.10833333333333334
13 0.5733333333333334 0.853125 0.3616666666666667 0.046875
13 0.9041666666666667 0.8369791666666667 0.125 0.017708333333333333
6 0.9041666666666667 0.8645833333333334 0.043333333333333335 0.027083333333333334
0 0.051666666666666666 0.0484375 0.09666666666666666 0.06666666666666667
3 0.5491666666666667 0.0484375 0.8916666666666667 0.04791666666666667
0 0.9233333333333333 0.9520833333333333 0.1 0.065625
0 0.9233333333333333 0.9505208333333334 0.1 0.0625
6 0.5 0.48802083333333335 1 0.9239583333333333
7 0.5 0.48802083333333335 0.14666666666666667 0.09166666666666666
6 0.9441666666666667 0.05520833333333333 0.045 0.028125
13 0.5 0.05520833333333333 0.8 0.058333333333333334
6 0.04833333333333333 0.05520833333333333 0.08 0.058333333333333334