13 0.48083333333333333 0.12291666666666666 0.895 0.017708333333333333
6 0.96 0.12291666666666666 0.013333333333333334 0.016666666666666666
13 0.48083333333333333 0.2 0.895 0.017708333333333333
6 0.96 0.2 0.013333333333333334 0.016666666666666666
13 0.48083333333333333 0.27708333333333335 0.895 0.017708333333333333
6 0.96 0.27708333333333335 0.013333333333333334 0.016666666666666666
13 0.48083333333333333 0.3541666666666667 0.895 0.017708333333333333
6 0.96 0.3541666666666667 0.013333333333333334 0.016666666666666666
13 0.48083333333333333 0.43125 0.895 0.017708333333333333
6 0.96 0.43125 0.013333333333333334 0.016666666666666666
13 0.48083333333333333 0.5083333333333333 0.895 0.017708333333333333
6 0.96 0.5083333333333333 0.013333333333333334 0.016666666666666666
13 0.48083333333333333 0.5854166666666667 0.895 0.017708333333333333
6 0.96 0.5854166666666667 0.013333333333333334 0.016666666666666666
13 0.48083333333333333 0.6625 0.895 0.017708333333333333
6 0.96 0.6625 0.013333333333333334 0.016666666666666666
13 0.48083333333333333 0.7395833333333334 0.895 0.017708333333333333
6 0.96 0.7395833333333334 0.013333333333333334 0.016666666666666666
13 0.48083333333333333 0.8166666666666667 0.895 0.017708333333333333
6 0.96 0.8166666666666667 0.013333333333333334 0.016666666666666666
13 0.48083333333333333 0.89375 0.895 0.017708333333333333
6 0.96 0.89375 0.013333333333333334 0.016666666666666666
3 0.5416666666666666 0.05520833333333333 0.9166666666666666 0.058333333333333334
13 0.5 0.05520833333333333 0.8 0.058333333333333334
6 0.04833333333333333 0.05520833333333333 0.08 0.058333333333333334
6 0.05333333333333334 0.05520833333333333 0.05333333333333334 0.03333333333333333
13 0.5083333333333333 0.05520833333333333 0.8066666666666666 0.058333333333333334
6 0.955 0.05520833333333333 0.03666666666666667 0.022916666666666665
6 0.06041666666666667 0.12630208333333334 0.0675 0.0421875
13 0.5245833333333333 0.12604166666666666 0.8075 0.01875
6 0.96 0.12630208333333334 0.013333333333333334 0.0421875
6 0.5 0.23229166666666667 0.125 0.078125
13 0.5 0.31927083333333334 0.9166666666666666 0.022916666666666665
0 0.5 0.39479166666666665 0.4666666666666667 0.046875