5 0.9484375 0.053125 0.06640625 0.04140625
5 0.03203125 0.05390625 0.0609375 0.0328125
13 0.1578125 0.15625 0.08359375 0.0296875
13 0.1828125 0.0546875 0.09375 0.03828125
13 0.2078125 0.303125 0.1640625 0.02421875
13 0.1796875 0.4484375 0.11640625 0.03046875
13 0.1828125 0.66328125 0.11015625 0.0296875
6 0.05625 0.1625 0.0953125 0.0609375
6 0.06015625 0.30703125 0.10234375 0.053125
6 0.05703125 0.4515625 0.10390625 0.05859375
6 0.06015625 0.5921875 0.10234375 0.05078125
6 0.05703125 0.7375 0.09375 0.05859375