5 0.06 0.059375 0.09333333333333334 0.06666666666666667
13 0.2875 0.059375 0.30833333333333335 0.028125
13 0.9466666666666667 0.059375 0.08 0.05
13 0.5 0.12447916666666667 0.505 0.042708333333333334
0 0.5 0.10833333333333334 0.17 0.03125
13 0.11708333333333333 0.16901041666666666 0.1675 0.025520833333333333
6 0.27416666666666667 0.18229166666666666 0.4816666666666667 0.0010416666666666667
13 0.14875 0.20989583333333334 0.23083333333333333 0.05416666666666667
13 0.155 0.24973958333333332 0.24333333333333335 0.025520833333333333
6 0.27416666666666667 0.2630208333333333 0.4816666666666667 0.0010416666666666667
13 0.20666666666666667 0.28203125 0.3466666666666667 0.03697916666666667
13 0.0825 0.31328125 0.09833333333333333 0.025520833333333333
6 0.27416666666666667 0.3265625 0.4816666666666667 0.0010416666666666667
13 0.25583333333333336 0.33697916666666666 0.445 0.019791666666666666
13 0.28291666666666665 0.37395833333333334 0.49916666666666665 0.05416666666666667
13 0.27416666666666667 0.4109375 0.4816666666666667 0.019791666666666666
13 0.17458333333333334 0.43359375 0.2825 0.025520833333333333
6 0.27416666666666667 0.446875 0.4816666666666667 0.0010416666666666667
13 0.18875 0.45729166666666665 0.31083333333333335 0.019791666666666666
13 0.0875 0.47994791666666664 0.10833333333333334 0.025520833333333333
6 0.27416666666666667 0.49322916666666666 0.4816666666666667 0.0010416666666666667
13 0.33166666666666667 0.5036458333333333 0.5966666666666667 0.019791666666666666
13 0.26666666666666666 0.54921875 0.4666666666666667 0.07135416666666666