13 0.2375 0.115625 0.14765625 0.0234375
13 0.5078125 0.115625 0.175 0.02734375
13 0.18515625 0.0625 0.1125 0.02578125
13 0.41875 0.35703125 0.08984375 0.034375
13 0.4265625 0.57890625 0.08984375 0.0390625
13 0.36953125 0.8328125 0.2109375 0.05625
13 0.4578125 0.8875 0.24609375 0.02734375
6 0.615625 0.7671875 0.2484375 0.18515625
6 0.1796875 0.340625 0.09765625 0.04375
6 0.18984375 0.4171875 0.1046875 0.04921875
6 0.17890625 0.565625 0.08984375 0.0359375
6 0.9546875 0.3046875 0.0625 0.03046875
6 0.15 0.1953125 0.1328125 0.0953125
6 0.87890625 0.0625 0.05234375 0.0328125
5 0.06015625 0.0609375 0.04765625 0.0296875
5 0.946875 0.05859375 0.04140625 0.034375
5 0.915625 0.88828125 0.0515625 0.0390625