5 0.06015625 0.05546875 0.09296875 0.05859375
13 0.21953125 0.05546875 0.2125 0.028125
13 0.13359375 0.109375 0.06640625 0.01953125
13 0.4 0.109375 0.078125 0.01953125
13 0.66640625 0.109375 0.06953125 0.01953125
13 0.9328125 0.109375 0.09453125 0.01953125
6 0.5 0.23046875 0.98671875 0.18359375
6 0.46015625 0.30859375 0.0203125 0.00625
6 0.4796875 0.30859375 0.0203125 0.00625
6 0.5 0.30859375 0.0203125 0.00625
6 0.5203125 0.30859375 0.0203125 0.00625
6 0.53984375 0.30859375 0.0203125 0.00625
13 0.440625 0.34296875 0.840625 0.028125
6 0.253125 0.48125 0.4703125 0.21953125
13 0.21640625 0.6140625 0.396875 0.02265625
5 0.4515625 0.6140625 0.0734375 0.04609375
6 0.746875 0.48125 0.4703125 0.21953125
13 0.71015625 0.6140625 0.396875 0.02265625
5 0.9453125 0.6140625 0.0734375 0.04609375
13 0.440625 0.66640625 0.840625 0.028125
6 0.253125 0.8046875 0.4703125 0.21953125
13 0.21640625 0.9375 0.396875 0.02265625
5 0.4515625 0.9375 0.0734375 0.04609375
6 0.746875 0.8046875 0.4703125 0.21953125
13 0.71015625 0.9375 0.396875 0.02265625
5 0.9453125 0.9375 0.0734375 0.04609375