3 0.5015625 0.36875 0.58515625 0.059375
3 0.503125 0.45546875 0.59375 0.04375
3 0.4984375 0.528125 0.58125 0.046875
0 0.5046875 0.5921875 0.6046875 0.065625
13 0.225 0.0578125 0.1953125 0.02734375
13 0.1734375 0.1140625 0.10859375 0.02890625
13 0.43515625 0.1140625 0.1796875 0.02734375
5 0.06484375 0.05703125 0.05234375 0.0265625
6 0.32734375 0.75390625 0.0703125 0.04375
6 0.44921875 0.75703125 0.0515625 0.0390625
6 0.5515625 0.75625 0.0484375 0.03203125
6 0.6578125 0.75859375 0.0890625 0.0375
13 0.49921875 0.65234375 0.29375 0.0421875