6 0.95 0.019791666666666666 0.1 0.03958333333333333
6 0.9658333333333333 0.025 0.03333333333333333 0.016666666666666666
0 0.5 0.34270833333333334 0.9733333333333334 0.041666666666666664
13 0.14833333333333334 0.40520833333333334 0.27 0.05
13 0.9583333333333334 0.40520833333333334 0.056666666666666664 0.05
0 0.5 0.44895833333333335 0.7866666666666666 0.0375
13 0.10333333333333333 0.49895833333333334 0.18 0.05
13 0.89125 0.49895833333333334 0.19083333333333333 0.05
6 0.25333333333333335 0.6419270833333334 0.47 0.21927083333333333
13 0.21666666666666667 0.77421875 0.39666666666666667 0.022395833333333334
5 0.45166666666666666 0.7744791666666667 0.07333333333333333 0.04583333333333333
6 0.7466666666666667 0.6419270833333334 0.47 0.21927083333333333
13 0.71 0.77421875 0.39666666666666667 0.022395833333333334
5 0.945 0.7744791666666667 0.07333333333333333 0.04583333333333333
6 0.25333333333333335 0.90703125 0.47 0.1859375
6 0.7466666666666667 0.90703125 0.47 0.1859375