5 0.06 0.05520833333333333 0.09333333333333334 0.058333333333333334
13 0.20875 0.05520833333333333 0.19083333333333333 0.028125
13 0.3225 0.109375 0.06666666666666667 0.019791666666666666
13 0.44083333333333335 0.109375 0.07833333333333334 0.019791666666666666
13 0.55875 0.109375 0.06916666666666667 0.019791666666666666
13 0.6775 0.109375 0.07833333333333334 0.019791666666666666
6 0.00625 0.23020833333333332 0.0125 0.18333333333333332
6 0.5058333333333334 0.23020833333333332 0.9866666666666667 0.18333333333333332
6 0.46 0.30833333333333335 0.02 0.00625
6 0.48 0.30833333333333335 0.02 0.00625
6 0.5 0.30833333333333335 0.02 0.00625
6 0.52 0.30833333333333335 0.02 0.00625
6 0.54 0.30833333333333335 0.02 0.00625
13 0.4404166666666667 0.34270833333333334 0.8408333333333333 0.028125
6 0.25333333333333335 0.48151041666666666 0.47 0.21927083333333333
13 0.21666666666666667 0.6138020833333333 0.39666666666666667 0.022395833333333334
5 0.45166666666666666 0.6140625 0.07333333333333333 0.04583333333333333
6 0.7466666666666667 0.48151041666666666 0.47 0.21927083333333333
13 0.71 0.6138020833333333 0.39666666666666667 0.022395833333333334
5 0.945 0.6140625 0.07333333333333333 0.04583333333333333
6 0.49833333333333335 0.7080729166666667 0.018333333333333333 0.0984375
13 0.5 0.7817708333333333 0.9733333333333334 0.019791666666666666
13 0.4404166666666667 0.8375 0.8408333333333333 0.028125
6 0.25333333333333335 0.9333333333333333 0.47 0.13333333333333333
6 0.7466666666666667 0.9333333333333333 0.47 0.13333333333333333