2 0.04921875 0.2703125 0.034375 0.02734375
2 0.04765625 0.33359375 0.04453125 0.02734375
2 0.0453125 0.39375 0.05078125 0.02421875
2 0.0484375 0.45234375 0.0578125 0.0265625
2 0.0453125 0.5109375 0.0421875 0.03046875
2 0.04921875 0.5734375 0.04765625 0.0265625
13 0.15390625 0.2734375 0.1375 0.03046875
13 0.234375 0.21484375 0.29921875 0.0296875
13 0.17734375 0.39375 0.178125 0.0203125
13 0.26796875 0.571875 0.36953125 0.03203125
13 0.50390625 0.0609375 0.11953125 0.02578125
13 0.503125 0.10234375 0.45390625 0.02421875
2 0.04765625 0.153125 0.04453125 0.02265625
5 0.04296875 0.05234375 0.05546875 0.0234375
13 0.18359375 0.92109375 0.1703125 0.02890625