5 0.103125 0.07578125 0.09296875 0.06640625
13 0.2109375 0.07578125 0.06953125 0.028125
13 0.66328125 0.07578125 0.0796875 0.05
13 0.74296875 0.07578125 0.0796875 0.05
13 0.8234375 0.07578125 0.0796875 0.05
13 0.903125 0.07578125 0.0796875 0.05
13 0.5 0.4671875 0.88671875 0.69921875
13 0.97109375 0.46640625 0.0578125 0.6984375
0 0.11640625 0.84140625 0.146875 0.05
13 0.5 0.84140625 0.6203125 0.05
0 0.88359375 0.84140625 0.146875 0.05
1 0.4265625 0.89921875 0.73984375 0.03359375
0 0.8703125 0.9 0.146875 0.05