5 0.10333333333333333 0.07604166666666666 0.09333333333333334 0.06666666666666667
13 0.21125 0.07604166666666666 0.06916666666666667 0.028125
13 0.6633333333333333 0.07604166666666666 0.08 0.05
13 0.7433333333333333 0.07604166666666666 0.08 0.05
13 0.8233333333333334 0.07604166666666666 0.08 0.05
13 0.9033333333333333 0.07604166666666666 0.08 0.05
13 0.5 0.4671875 0.8866666666666667 0.6989583333333333
13 0.9716666666666667 0.4671875 0.056666666666666664 0.6989583333333333
0 0.11666666666666667 0.8416666666666667 0.14666666666666667 0.05
13 0.5 0.8416666666666667 0.62 0.05
0 0.8833333333333333 0.8416666666666667 0.14666666666666667 0.05
1 0.4266666666666667 0.8994791666666667 0.74 0.03333333333333333
0 0.87 0.9 0.14666666666666667 0.05