2 0.04958333333333333 0.27005208333333336 0.034166666666666665 0.027604166666666666
2 0.04791666666666667 0.33359375 0.04416666666666667 0.027604166666666666
2 0.04541666666666667 0.39401041666666664 0.050833333333333335 0.024479166666666666
2 0.04875 0.45234375 0.0575 0.0265625
2 0.04541666666666667 0.5106770833333333 0.0425 0.030729166666666665
2 0.04958333333333333 0.5736979166666667 0.0475 0.0265625
13 0.15375 0.27369791666666665 0.1375 0.030729166666666665
13 0.23458333333333334 0.21484375 0.2991666666666667 0.0296875
13 0.1775 0.39401041666666664 0.17833333333333334 0.0203125
13 0.2679166666666667 0.5716145833333334 0.36916666666666664 0.03177083333333333
13 0.50375 0.06067708333333333 0.11916666666666667 0.025520833333333333
13 0.5029166666666667 0.10234375 0.45416666666666666 0.024479166666666666
2 0.04791666666666667 0.15338541666666666 0.04416666666666667 0.022395833333333334
5 0.042916666666666665 0.05234375 0.05583333333333333 0.0234375
13 0.18333333333333332 0.92109375 0.17 0.028645833333333332