5 0.06015625 0.03359375 0.09296875 0.06640625
13 0.18203125 0.03359375 0.09765625 0.028125
13 0.13359375 0.09140625 0.11640625 0.01953125
13 0.39921875 0.09140625 0.115625 0.01953125
13 0.66640625 0.09140625 0.07421875 0.01953125
13 0.9328125 0.09140625 0.07890625 0.01953125
6 0.25 0.27734375 0.4765625 0.29765625
6 0.459375 0.14609375 0.05859375 0.03671875
6 0.75 0.27734375 0.4765625 0.29765625
6 0.959375 0.14609375 0.05859375 0.03671875
6 0.25 0.59296875 0.4765625 0.29765625
6 0.459375 0.46171875 0.05859375 0.03671875
6 0.75 0.59296875 0.4765625 0.29765625
6 0.959375 0.46171875 0.05859375 0.03671875
6 0.25 0.8796875 0.4765625 0.240625
6 0.459375 0.77734375 0.05859375 0.03671875
6 0.75 0.8796875 0.4765625 0.240625