5 0.06 0.03333333333333333 0.09333333333333334 0.06666666666666667
13 0.17291666666666666 0.03333333333333333 0.07916666666666666 0.028125
6 0.5 0.2833333333333333 1 0.4270833333333333
13 0.14083333333333334 0.5471354166666667 0.24833333333333332 0.030729166666666665
6 0.21833333333333332 0.70625 0.37333333333333335 0.23333333333333334
6 0.37166666666666665 0.6104166666666667 0.06666666666666667 0.041666666666666664
6 0.28791666666666665 0.7817708333333333 0.19083333333333333 0.052083333333333336
13 0.22333333333333333 0.8479166666666667 0.21666666666666667 0.041666666666666664
6 0.6116666666666667 0.70625 0.37333333333333335 0.23333333333333334
6 0.765 0.6104166666666667 0.06666666666666667 0.041666666666666664
6 0.68125 0.7817708333333333 0.19083333333333333 0.052083333333333336
13 0.61625 0.8479166666666667 0.22416666666666665 0.041666666666666664
6 0.9091666666666667 0.70625 0.18166666666666667 0.23333333333333334
6 0.9895833333333334 0.7817708333333333 0.020833333333333332 0.052083333333333336
13 0.9658333333333333 0.8479166666666667 0.06833333333333333 0.041666666666666664
13 0.06916666666666667 0.9231770833333334 0.105 0.030729166666666665