5 0.06015625 0.03359375 0.09296875 0.06640625
13 0.17265625 0.03359375 0.07890625 0.028125
6 0.5 0.28359375 1 0.42734375
13 0.140625 0.546875 0.2484375 0.03046875
6 0.21796875 0.70625 0.3734375 0.23359375
6 0.371875 0.61015625 0.06640625 0.04140625
6 0.28828125 0.78203125 0.190625 0.05234375
13 0.2234375 0.84765625 0.21640625 0.04140625
6 0.61171875 0.70625 0.3734375 0.23359375
6 0.76484375 0.61015625 0.06640625 0.04140625
6 0.68125 0.78203125 0.190625 0.05234375
13 0.61640625 0.84765625 0.22421875 0.04140625
6 0.90859375 0.70546875 0.1828125 0.2328125
6 0.9890625 0.78125 0.021875 0.053125
13 0.965625 0.84765625 0.06796875 0.04140625
13 0.06953125 0.9234375 0.1046875 0.03046875