5 0.105 0.023958333333333335 0.06333333333333334 0.03958333333333333
5 0.3016666666666667 0.023958333333333335 0.06333333333333334 0.03958333333333333
5 0.49916666666666665 0.023958333333333335 0.06333333333333334 0.03958333333333333
5 0.6966666666666667 0.023958333333333335 0.06333333333333334 0.03958333333333333
5 0.8941666666666667 0.023958333333333335 0.06333333333333334 0.03958333333333333
6 0.06666666666666667 0.065625 0.12 0.0375
5 0.31166666666666665 0.065625 0.06333333333333334 0.03958333333333333
5 0.5283333333333333 0.065625 0.06333333333333334 0.03958333333333333
5 0.8083333333333333 0.065625 0.06333333333333334 0.03958333333333333
5 0.04666666666666667 0.8463541666666666 0.08333333333333333 0.052083333333333336
13 0.04666666666666667 0.8830729166666667 0.06 0.0171875
5 0.15166666666666667 0.8463541666666666 0.08333333333333333 0.052083333333333336
13 0.15166666666666667 0.8830729166666667 0.08 0.0171875
5 0.25666666666666665 0.8463541666666666 0.08333333333333333 0.052083333333333336
13 0.25666666666666665 0.8830729166666667 0.056666666666666664 0.0171875
5 0.3616666666666667 0.8463541666666666 0.08333333333333333 0.052083333333333336
13 0.36125 0.8830729166666667 0.06916666666666667 0.0171875
5 0.4766666666666667 0.8463541666666666 0.08333333333333333 0.052083333333333336
13 0.47708333333333336 0.8830729166666667 0.10416666666666667 0.0171875
5 0.5925 0.8463541666666666 0.08333333333333333 0.052083333333333336
13 0.5920833333333333 0.8830729166666667 0.0825 0.0171875
5 0.6975 0.8463541666666666 0.08333333333333333 0.052083333333333336
13 0.6970833333333334 0.8830729166666667 0.04083333333333333 0.0171875
5 0.81 0.8463541666666666 0.08333333333333333 0.052083333333333336
13 0.8104166666666667 0.8830729166666667 0.09916666666666667 0.0171875
5 0.1 0.9291666666666667 0.06666666666666667 0.041666666666666664
5 0.3 0.9291666666666667 0.06666666666666667 0.041666666666666664
5 0.5 0.9291666666666667 0.06666666666666667 0.041666666666666664
5 0.7 0.9291666666666667 0.06666666666666667 0.041666666666666664
5 0.9 0.9291666666666667 0.06666666666666667 0.041666666666666664
5 0.03666666666666667 0.9291666666666667 0.058333333333333334 0.036458333333333336
5 0.10833333333333334 0.9291666666666667 0.058333333333333334 0.036458333333333336
5 0.18 0.9291666666666667 0.058333333333333334 0.036458333333333336
5 0.25166666666666665 0.9291666666666667 0.058333333333333334 0.036458333333333336
5 0.31 0.9291666666666667 0.043333333333333335 0.03125