0 0.10625 0.10703125 0.1925 0.059375
13 0.66375 0.108203125 0.08 0.04140625
13 0.868125 0.109765625 0.13375 0.03203125
13 0.869375 0.294140625 0.23125 0.05078125
13 0.223125 0.29375 0.12875 0.040625
13 0.28 0.551171875 0.1175 0.03515625
13 0.75 0.715234375 0.18 0.02890625
6 0.739375 0.550390625 0.12875 0.04609375
6 0.213125 0.71875 0.07625 0.040625
6 0.1875 0.55 0.0575 0.0375
13 0.16375 0.047265625 0.075 0.02265625
5 0.9 0.046875 0.055 0.0328125
5 0.959375 0.04921875 0.04875 0.0328125
6 0.4675 0.444921875 0.075 0.05078125
13 0.34 0.44375 0.15 0.0328125
13 0.62625 0.44765625 0.2125 0.0234375