5 0.1046875 0.02421875 0.06328125 0.03984375
5 0.3015625 0.02421875 0.06328125 0.03984375
5 0.49921875 0.02421875 0.06328125 0.03984375
5 0.696875 0.02421875 0.06328125 0.03984375
5 0.89453125 0.02421875 0.06328125 0.03984375
6 0.06640625 0.065625 0.1203125 0.0375
5 0.31171875 0.065625 0.06328125 0.03984375
5 0.528125 0.065625 0.06328125 0.03984375
5 0.80859375 0.065625 0.06328125 0.03984375
5 0.046875 0.84609375 0.08359375 0.05234375
13 0.046875 0.8828125 0.06015625 0.0171875
5 0.1515625 0.84609375 0.08359375 0.05234375
13 0.1515625 0.8828125 0.0796875 0.0171875
5 0.25703125 0.84609375 0.08359375 0.05234375
13 0.25703125 0.8828125 0.05703125 0.0171875
5 0.36171875 0.84609375 0.08359375 0.05234375
13 0.3609375 0.8828125 0.06953125 0.0171875
5 0.4765625 0.84609375 0.08359375 0.05234375
13 0.47734375 0.8828125 0.10390625 0.0171875
5 0.5921875 0.84609375 0.08359375 0.05234375
13 0.5921875 0.8828125 0.0828125 0.0171875
5 0.69765625 0.84609375 0.08359375 0.05234375
13 0.696875 0.8828125 0.040625 0.0171875
5 0.81015625 0.84609375 0.08359375 0.05234375
13 0.81015625 0.8828125 0.09921875 0.0171875
5 0.1 0.92890625 0.06640625 0.04140625
5 0.3 0.92890625 0.06640625 0.04140625
5 0.5 0.92890625 0.06640625 0.04140625
5 0.7 0.92890625 0.06640625 0.04140625
5 0.9 0.92890625 0.06640625 0.04140625
5 0.03671875 0.92890625 0.05859375 0.03671875
5 0.10859375 0.92890625 0.05859375 0.03671875
5 0.1796875 0.92890625 0.05859375 0.03671875
5 0.2515625 0.92890625 0.05859375 0.03671875
5 0.31015625 0.92890625 0.04296875 0.03125