13 0.7046875 0.2125 0.54375 0.065625
13 0.3234375 0.0671875 0.40859375 0.04140625
13 0.4703125 0.3046875 0.92890625 0.04453125
13 0.49140625 0.41015625 0.9421875 0.09375
13 0.9375 0.609375 0.1 0.05703125
13 0.60625 0.84375 0.76015625 0.05078125
5 0.3828125 0.12734375 0.0984375 0.05625
5 0.0640625 0.0609375 0.08359375 0.0375
5 0.7984375 0.0609375 0.09375 0.05546875
5 0.928125 0.0609375 0.06640625 0.053125
5 0.934375 0.13125 0.08359375 0.04375
5 0.6140625 0.1328125 0.0953125 0.04609375
5 0.30859375 0.915625 0.1046875 0.04765625
5 0.10078125 0.90859375 0.1265625 0.059375
5 0.703125 0.9125 0.0890625 0.05390625
5 0.9 0.9109375 0.075 0.05078125