13 0.704375 0.2125 0.54375 0.065625
13 0.323125 0.066796875 0.40875 0.04140625
13 0.470625 0.304296875 0.92875 0.04453125
13 0.49125 0.41015625 0.9425 0.09375
13 0.9375 0.609765625 0.1 0.05703125
13 0.60625 0.844140625 0.76 0.05078125
5 0.383125 0.12734375 0.09875 0.05625
5 0.064375 0.0609375 0.08375 0.0375
5 0.798125 0.060546875 0.09375 0.05546875
5 0.928125 0.0609375 0.06625 0.053125
5 0.934375 0.13125 0.08375 0.04375
5 0.61375 0.132421875 0.095 0.04609375
5 0.30875 0.915234375 0.105 0.04765625
5 0.100625 0.90859375 0.12625 0.059375
5 0.703125 0.912109375 0.08875 0.05390625
5 0.9 0.910546875 0.075 0.05078125