5 0.9316666666666666 0.8697916666666666 0.08333333333333333 0.05625
6 0.9316666666666666 0.8697916666666666 0.04 0.025
6 0.5 0.0390625 0.09833333333333333 0.016666666666666666
6 0.96 0.0390625 0.08 0.026041666666666668
13 0.13291666666666666 0.06380208333333333 0.06583333333333333 0.0203125
13 0.4 0.06380208333333333 0.08 0.0203125
13 0.66625 0.06380208333333333 0.09916666666666667 0.0203125
13 0.9329166666666666 0.06380208333333333 0.06583333333333333 0.0203125
6 0.5 0.18125 1 0.21041666666666667
13 0.44625 0.31796875 0.8925 0.06302083333333333
13 0.05708333333333333 0.35598958333333336 0.060833333333333336 0.013020833333333334
13 0.19333333333333333 0.35598958333333336 0.17166666666666666 0.013020833333333334
6 0.9091666666666667 0.35572916666666665 0.008333333333333333 0.005208333333333333
6 0.9241666666666667 0.35572916666666665 0.008333333333333333 0.005208333333333333
6 0.9391666666666667 0.35572916666666665 0.008333333333333333 0.005208333333333333
6 0.9541666666666667 0.35572916666666665 0.008333333333333333 0.005208333333333333
6 0.9691666666666666 0.35572916666666665 0.008333333333333333 0.005208333333333333
6 0.12 0.41510416666666666 0.24 0.084375
6 0.02 0.38958333333333334 0.04 0.020833333333333332
13 0.62 0.39453125 0.7333333333333333 0.043229166666666666
13 0.28875 0.44453125 0.07083333333333333 0.013020833333333334
13 0.41 0.44453125 0.17166666666666666 0.013020833333333334
6 0.12 0.5057291666666667 0.24 0.084375
6 0.02 0.48020833333333335 0.04 0.020833333333333332
13 0.6104166666666667 0.47682291666666665 0.7141666666666666 0.0265625
13 0.29791666666666666 0.53515625 0.08916666666666667 0.013020833333333334
13 0.42833333333333334 0.53515625 0.17166666666666666 0.013020833333333334
6 0.12 0.5963541666666666 0.24 0.084375
6 0.02 0.5708333333333333 0.04 0.020833333333333332
13 0.5091666666666667 0.5674479166666667 0.5116666666666667 0.0265625
13 0.2841666666666667 0.62578125 0.06166666666666667 0.013020833333333334
13 0.4008333333333333 0.62578125 0.17166666666666666 0.013020833333333334
6 0.10333333333333333 0.6770833333333334 0.18666666666666668 0.06458333333333334
6 0.02666666666666667 0.6541666666666667 0.02 0.010416666666666666
6 0.43333333333333335 0.6770833333333334 0.18666666666666668 0.06458333333333334
6 0.3566666666666667 0.6541666666666667 0.02 0.010416666666666666
6 0.7633333333333333 0.6770833333333334 0.18666666666666668 0.06458333333333334
6 0.6866666666666666 0.6541666666666667 0.02 0.010416666666666666
6 0.12 0.7578125 0.24 0.084375
6 0.02 0.7322916666666667 0.04 0.020833333333333332
13 0.5383333333333333 0.72890625 0.57 0.0265625
13 0.28875 0.7872395833333333 0.07083333333333333 0.013020833333333334
13 0.41 0.7872395833333333 0.17166666666666666 0.013020833333333334
6 0.12 0.8484375 0.24 0.084375
6 0.02 0.8229166666666666 0.04 0.020833333333333332
13 0.5304166666666666 0.81953125 0.5541666666666667 0.0265625
13 0.28875 0.8778645833333333 0.07083333333333333 0.013020833333333334
13 0.41 0.8778645833333333 0.17166666666666666 0.013020833333333334
6 0.12 0.9390625 0.24 0.084375
6 0.02 0.9135416666666667 0.04 0.020833333333333332
13 0.5129166666666667 0.91015625 0.5191666666666667 0.0265625
6 0.5 0.08020833333333334 1 0.008333333333333333
6 0.5 0.9010416666666666 1 0.008333333333333333
8 0.09583333333333334 0.9276041666666667 0.19166666666666668 0.034375
8 0.29291666666666666 0.9276041666666667 0.2025 0.034375
8 0.5054166666666666 0.9276041666666667 0.2225 0.034375
8 0.7125 0.9276041666666667 0.19166666666666668 0.034375
8 0.9041666666666667 0.9276041666666667 0.19166666666666668 0.034375