13 0.5025 0.5078125 0.26666666666666666 0.04375
13 0.5029166666666667 0.46328125 0.3025 0.027604166666666666
13 0.07458333333333333 0.3606770833333333 0.11583333333333333 0.024479166666666666
13 0.17375 0.6799479166666667 0.2991666666666667 0.0734375
13 0.8041666666666667 0.60859375 0.26166666666666666 0.0328125
13 0.1025 0.6044270833333333 0.16 0.022395833333333334
5 0.04041666666666666 0.06901041666666667 0.04416666666666667 0.025520833333333333
5 0.9654166666666667 0.32005208333333335 0.049166666666666664 0.033854166666666664
6 0.5025 0.1875 0.77 0.2625
6 0.5045833333333334 0.8223958333333333 0.05416666666666667 0.057291666666666664
6 0.6620833333333334 0.7643229166666666 0.059166666666666666 0.0359375
6 0.2475 0.8674479166666667 0.06666666666666667 0.0359375
5 0.9195833333333333 0.7588541666666667 0.060833333333333336 0.042708333333333334
5 0.9208333333333333 0.8903645833333333 0.07 0.0796875