13 0.50234375 0.5078125 0.26640625 0.04375
13 0.503125 0.46328125 0.30234375 0.02734375
13 0.07421875 0.3609375 0.115625 0.02421875
13 0.1734375 0.6796875 0.29921875 0.0734375
13 0.80390625 0.60859375 0.26171875 0.0328125
13 0.10234375 0.6046875 0.16015625 0.02265625
5 0.040625 0.06875 0.04453125 0.02578125
5 0.965625 0.3203125 0.04921875 0.03359375
6 0.50234375 0.1875 0.7703125 0.2625
6 0.5046875 0.82265625 0.05390625 0.05703125
6 0.66171875 0.7640625 0.059375 0.0359375
6 0.24765625 0.8671875 0.06640625 0.0359375
5 0.91953125 0.75859375 0.0609375 0.04296875
5 0.92109375 0.890625 0.0703125 0.0796875