5 0.93203125 0.86953125 0.08359375 0.05625
6 0.93203125 0.86953125 0.03984375 0.025
13 0.49921875 0.0390625 0.0625 0.02265625
6 0.96015625 0.0390625 0.0796875 0.02578125
6 0.5 0.06484375 0.0984375 0.01640625
6 0.96015625 0.06484375 0.0796875 0.02578125
13 0.1328125 0.08984375 0.065625 0.0203125
13 0.4 0.08984375 0.0796875 0.0203125
13 0.66640625 0.08984375 0.09921875 0.0203125
13 0.9328125 0.08984375 0.065625 0.0203125
6 0.5 0.20703125 1 0.21015625
13 0.38828125 0.34375 0.77578125 0.06328125
13 0.05703125 0.38203125 0.0609375 0.01328125
13 0.19296875 0.38203125 0.171875 0.01328125
6 0.909375 0.38203125 0.00859375 0.00546875
6 0.92421875 0.38203125 0.00859375 0.00546875
6 0.9390625 0.38203125 0.00859375 0.00546875
6 0.95390625 0.38203125 0.00859375 0.00546875
6 0.96953125 0.38203125 0.00859375 0.00546875
6 0.1203125 0.44140625 0.23984375 0.084375
6 0.0203125 0.415625 0.03984375 0.02109375
13 0.6203125 0.4203125 0.73359375 0.04296875
13 0.2890625 0.4703125 0.07109375 0.01328125
13 0.41015625 0.4703125 0.171875 0.01328125
6 0.1203125 0.53203125 0.23984375 0.084375
6 0.0203125 0.50625 0.03984375 0.02109375
13 0.61015625 0.503125 0.7140625 0.0265625
13 0.29765625 0.5609375 0.0890625 0.01328125
13 0.428125 0.5609375 0.171875 0.01328125
6 0.1203125 0.62265625 0.23984375 0.084375
6 0.0203125 0.596875 0.03984375 0.02109375
13 0.509375 0.59375 0.51171875 0.0265625
13 0.284375 0.6515625 0.06171875 0.01328125
13 0.40078125 0.6515625 0.171875 0.01328125
6 0.103125 0.703125 0.18671875 0.06484375
6 0.0265625 0.68046875 0.0203125 0.01015625
6 0.43359375 0.703125 0.18671875 0.06484375
6 0.35703125 0.68046875 0.0203125 0.01015625
6 0.76328125 0.703125 0.18671875 0.06484375
6 0.68671875 0.68046875 0.0203125 0.01015625
6 0.1203125 0.78359375 0.23984375 0.084375
6 0.0203125 0.75859375 0.03984375 0.02109375
13 0.53828125 0.7546875 0.5703125 0.0265625
13 0.2890625 0.81328125 0.07109375 0.01328125
13 0.41015625 0.81328125 0.171875 0.01328125
6 0.1203125 0.87421875 0.23984375 0.084375
6 0.0203125 0.84921875 0.03984375 0.02109375
13 0.53046875 0.8453125 0.55390625 0.0265625
13 0.2890625 0.90390625 0.07109375 0.01328125
13 0.41015625 0.90390625 0.171875 0.01328125
6 0.5 0.10625 1 0.00859375
6 0.5 0.90078125 1 0.00859375
13 0.071875 0.08828125 0.090625 0.015625
13 0.51328125 0.1203125 0.9734375 0.01796875
13 0.06015625 0.18203125 0.0671875 0.015625
13 0.51328125 0.2203125 0.9734375 0.01796875
13 0.09296875 0.28203125 0.13359375 0.015625
13 0.51328125 0.3140625 0.9734375 0.01796875
13 0.51328125 0.3640625 0.9734375 0.01796875
13 0.51328125 0.41328125 0.9734375 0.01796875
13 0.51328125 0.4625 0.9734375 0.01796875
13 0.51328125 0.5125 0.9734375 0.01796875
6 0.0453125 0.55546875 0.03671875 0.02265625
6 0.11796875 0.55546875 0.03671875 0.02265625
6 0.19140625 0.55546875 0.03671875 0.02265625
6 0.26484375 0.55546875 0.03671875 0.02265625
6 0.33828125 0.55546875 0.03671875 0.02265625
6 0.41171875 0.55546875 0.03671875 0.02265625
6 0.48515625 0.55546875 0.03671875 0.02265625
6 0.5 0.05625 1 0.00859375
6 0.5 0.90078125 1 0.00859375
8 0.09609375 0.92734375 0.19140625 0.034375
8 0.29296875 0.92734375 0.20234375 0.034375
8 0.50546875 0.92734375 0.22265625 0.034375
8 0.7125 0.92734375 0.19140625 0.034375
8 0.90390625 0.92734375 0.19140625 0.034375