13 0.5 0.12421875 1 0.0625
6 0.16640625 0.2546875 0.3328125 0.2
6 0.5 0.25546875 0.33359375 0.20078125
6 0.8328125 0.2546875 0.334375 0.2
6 0.16640625 0.45625 0.3328125 0.2
6 0.5 0.45703125 0.33359375 0.20078125
6 0.8328125 0.45625 0.334375 0.2
6 0.16640625 0.65703125 0.3328125 0.2015625
6 0.5 0.6578125 0.33359375 0.20078125
6 0.8328125 0.65703125 0.334375 0.2015625
6 0.16640625 0.8578125 0.3328125 0.2
6 0.5 0.85859375 0.33359375 0.20078125
6 0.8328125 0.8578125 0.334375 0.2
13 0.5 0.11640625 0.96640625 0.0375
6 0.17734375 0.2484375 0.321875 0.20234375
13 0.17734375 0.36875 0.321875 0.05
6 0.49921875 0.2484375 0.321875 0.20234375
13 0.49921875 0.36875 0.321875 0.05
6 0.82109375 0.2484375 0.321875 0.20234375
13 0.82109375 0.36875 0.321875 0.05
6 0.17734375 0.50625 0.321875 0.20234375
13 0.17734375 0.62734375 0.321875 0.05
6 0.49921875 0.50625 0.321875 0.20234375
13 0.49921875 0.62734375 0.321875 0.05
6 0.82109375 0.50625 0.321875 0.20234375
13 0.82109375 0.62734375 0.321875 0.05
6 0.17734375 0.76484375 0.321875 0.20234375
13 0.17734375 0.88515625 0.321875 0.05
6 0.49921875 0.76484375 0.321875 0.20234375
13 0.49921875 0.88515625 0.321875 0.05
6 0.82109375 0.76484375 0.321875 0.20234375
13 0.82109375 0.88515625 0.321875 0.05
6 0.096875 0.915625 0.19375 0.0375
6 0.29140625 0.91640625 0.19453125 0.0375
6 0.49921875 0.91640625 0.1953125 0.05625
6 0.7078125 0.91640625 0.1953125 0.0375
6 0.90234375 0.91640625 0.1953125 0.0375
5 0.046875 0.059375 0.09296875 0.05859375
13 0.5 0.059375 0.103125 0.02890625
6 0.5 0.1984375 0.321875 0.20078125
6 0.10703125 0.33046875 0.0796875 0.05
13 0.58125 0.3296875 0.8375 0.0625
6 0.10703125 0.39296875 0.0796875 0.05
13 0.58125 0.3921875 0.8375 0.0625
6 0.10703125 0.45546875 0.0796875 0.05
13 0.58125 0.4546875 0.8375 0.0625
6 0.10703125 0.51796875 0.0796875 0.05
13 0.58125 0.5171875 0.8375 0.0625
6 0.10703125 0.58046875 0.0796875 0.05
13 0.58125 0.5796875 0.8375 0.0625
6 0.10703125 0.64296875 0.0796875 0.05
13 0.58125 0.6421875 0.8375 0.0625
6 0.10703125 0.70546875 0.0796875 0.05
13 0.58125 0.7046875 0.8375 0.0625
6 0.10703125 0.76796875 0.0796875 0.05
13 0.58125 0.7671875 0.8375 0.0625
3 0.4734375 0.059375 0.89296875 0.06640625
5 0.96015625 0.059375 0.0796875 0.06640625