13 0.2529166666666667 0.92421875 0.13583333333333333 0.028645833333333332
13 0.7483333333333333 0.9205729166666666 0.16 0.0296875
13 0.10041666666666667 0.06432291666666666 0.1425 0.028645833333333332
13 0.23958333333333334 0.4700520833333333 0.10916666666666666 0.027604166666666666
13 0.7679166666666667 0.6966145833333334 0.1075 0.0265625
13 0.7570833333333333 0.47578125 0.10583333333333333 0.028645833333333332
13 0.25833333333333336 0.6940104166666666 0.18 0.025520833333333333
6 0.24791666666666667 0.3932291666666667 0.2075 0.11041666666666666
6 0.7570833333333333 0.39088541666666665 0.20416666666666666 0.12447916666666667
6 0.24791666666666667 0.6135416666666667 0.2175 0.115625
6 0.7491666666666666 0.6169270833333333 0.185 0.1203125
5 0.9491666666666667 0.057291666666666664 0.095 0.042708333333333334