5 0.06 0.059375 0.09333333333333334 0.06666666666666667
13 0.17416666666666666 0.059375 0.08166666666666667 0.028125
11 0.8783333333333333 0.059375 0.21666666666666667 0.04895833333333333
13 0.9066666666666666 0.057291666666666664 0.02666666666666667 0.04479166666666667
6 0.94 0.059375 0.04 0.025
6 0.31 0.22083333333333333 0.26 0.1625
13 0.6766666666666666 0.19817708333333334 0.36666666666666664 0.08385416666666666
13 0.55375 0.26536458333333335 0.12083333333333333 0.033854166666666664
5 0.815 0.28229166666666666 0.06333333333333334 0.03958333333333333
6 0.31 0.47708333333333336 0.26 0.1625
13 0.5554166666666667 0.4348958333333333 0.12416666666666666 0.04479166666666667
13 0.56375 0.4825520833333333 0.14083333333333334 0.033854166666666664
5 0.815 0.5385416666666667 0.06333333333333334 0.03958333333333333
6 0.31 0.7333333333333333 0.26 0.1625
13 0.6204166666666666 0.6911458333333333 0.25416666666666665 0.04479166666666667
13 0.55375 0.7388020833333333 0.12083333333333333 0.033854166666666664
5 0.815 0.7947916666666667 0.06333333333333334 0.03958333333333333
6 0.31 0.9541666666666667 0.26 0.09166666666666666
13 0.6766666666666666 0.9625 0.36666666666666664 0.075
5 0.9333333333333333 0.9020833333333333 0.13333333333333333 0.09583333333333334