5 0.06 0.059375 0.09333333333333334 0.06666666666666667
13 0.23958333333333334 0.059375 0.2125 0.028125
13 0.9466666666666667 0.059375 0.08 0.05
13 0.13333333333333333 0.11770833333333333 0.08166666666666667 0.019791666666666666
13 0.4 0.11770833333333333 0.08166666666666667 0.019791666666666666
13 0.6666666666666666 0.11770833333333333 0.08166666666666667 0.019791666666666666
13 0.9333333333333333 0.11770833333333333 0.08166666666666667 0.019791666666666666
6 0.5 0.246875 1 0.20833333333333334
13 0.9133333333333333 0.3341145833333333 0.17333333333333334 0.033854166666666664
13 0.5 0.37473958333333335 1 0.04739583333333333
13 0.5 0.4518229166666667 1 0.10677083333333333
13 0.5 0.52265625 1 0.034895833333333334
13 0.5 0.5830729166666667 1 0.0859375
13 0.5 0.6434895833333333 1 0.034895833333333334
13 0.5 0.7018229166666666 1 0.08177083333333333
13 0.5 0.7580729166666667 0.535 0.030729166666666665
13 0.5 0.7833333333333333 0.29333333333333333 0.019791666666666666
5 0.5 0.8182291666666667 0.14666666666666667 0.05