5 0.06015625 0.059375 0.09296875 0.06640625
13 0.23984375 0.059375 0.2125 0.028125
13 0.946875 0.059375 0.0796875 0.05
13 0.13359375 0.11796875 0.08203125 0.01953125
13 0.4 0.11796875 0.08203125 0.01953125
13 0.66640625 0.11796875 0.08203125 0.01953125
13 0.93359375 0.11796875 0.08203125 0.01953125
6 0.5 0.246875 1 0.20859375
13 0.91328125 0.334375 0.1734375 0.03359375
13 0.5 0.375 1 0.04765625
13 0.5 0.4515625 1 0.10703125
13 0.5 0.52265625 1 0.03515625
13 0.5 0.5828125 1 0.0859375
13 0.5 0.64375 1 0.03515625
13 0.5 0.7015625 1 0.08203125
13 0.5 0.7578125 0.53515625 0.03046875
13 0.5 0.78359375 0.29296875 0.01953125
5 0.5 0.81796875 0.146875 0.05