5 0.06 0.052083333333333336 0.09333333333333334 0.052083333333333336
13 0.5533333333333333 0.05182291666666667 0.84 0.024479166666666666
13 0.06458333333333334 0.11302083333333333 0.0625 0.06979166666666667
3 0.5408333333333334 0.11302083333333333 0.7716666666666666 0.06979166666666667
6 0.9466666666666667 0.11302083333333333 0.04 0.06979166666666667
13 0.5 0.16197916666666667 0.9333333333333333 0.026041666666666668
13 0.06583333333333333 0.20989583333333334 0.065 0.06979166666666667
3 0.5408333333333334 0.20989583333333334 0.7716666666666666 0.06979166666666667
13 0.5 0.25885416666666666 0.9333333333333333 0.026041666666666668
13 0.09416666666666666 0.3067708333333333 0.12166666666666667 0.06979166666666667
3 0.49916666666666665 0.3067708333333333 0.6883333333333334 0.06979166666666667
13 0.5 0.35572916666666665 0.9333333333333333 0.026041666666666668
13 0.0925 0.4036458333333333 0.11833333333333333 0.06979166666666667
3 0.5408333333333334 0.4036458333333333 0.7716666666666666 0.06979166666666667
13 0.5 0.45260416666666664 0.9333333333333333 0.026041666666666668
13 0.5 0.4984375 0.9333333333333333 0.065625
0 0.5 0.9270833333333334 1 0.04583333333333333
6 0.5 0.5140625 1 0.871875