5 0.06015625 0.03359375 0.09296875 0.06640625
13 0.6265625 0.03359375 0.0796875 0.05
13 0.70703125 0.03359375 0.0796875 0.05
13 0.78671875 0.03359375 0.0796875 0.05
13 0.86640625 0.03359375 0.0796875 0.05
13 0.946875 0.03359375 0.0796875 0.05
6 0.5 0.434375 1 0.73515625
6 0.125 0.85 0.25 0.0953125
6 0.375 0.85 0.25 0.0953125
6 0.625 0.85 0.25 0.0953125
6 0.71484375 0.875 0.0375 0.0234375
6 0.875 0.85 0.25 0.0953125
6 0.96484375 0.875 0.0375 0.0234375
8 0.13515625 0.92578125 0.07734375 0.0484375
8 0.31015625 0.92578125 0.07734375 0.0484375
5 0.49921875 0.9203125 0.10546875 0.05859375
8 0.6890625 0.92578125 0.07734375 0.0484375
8 0.8640625 0.92578125 0.07734375 0.0484375