5 0.06 0.03333333333333333 0.09333333333333334 0.06666666666666667
13 0.6266666666666667 0.03333333333333333 0.08 0.05
13 0.7066666666666667 0.03333333333333333 0.08 0.05
13 0.7866666666666666 0.03333333333333333 0.08 0.05
13 0.8666666666666667 0.03333333333333333 0.08 0.05
13 0.9466666666666667 0.03333333333333333 0.08 0.05
6 0.5 0.434375 1 0.7354166666666667
6 0.125 0.8497395833333333 0.25 0.0953125
6 0.375 0.8497395833333333 0.25 0.0953125
6 0.625 0.8497395833333333 0.25 0.0953125
6 0.7145833333333333 0.8752604166666667 0.0375 0.0234375
6 0.875 0.8497395833333333 0.25 0.0953125
6 0.9645833333333333 0.8752604166666667 0.0375 0.0234375
8 0.13541666666666666 0.92578125 0.0775 0.0484375
8 0.3104166666666667 0.92578125 0.0775 0.0484375
5 0.4995833333333333 0.9205729166666666 0.10583333333333333 0.058854166666666666
8 0.68875 0.92578125 0.0775 0.0484375
8 0.86375 0.92578125 0.0775 0.0484375