5 0.06015625 0.03359375 0.09296875 0.06640625
13 0.946875 0.03359375 0.0796875 0.05
13 0.13359375 0.0875 0.04140625 0.01953125
13 0.39921875 0.0875 0.10234375 0.01953125
13 0.66640625 0.0875 0.0671875 0.01953125
13 0.9328125 0.0875 0.09921875 0.01953125
13 0.18203125 0.03359375 0.09765625 0.06640625
6 0.5 0.2875 1 0.34140625
13 0.21796875 0.26796875 0.29609375 0.04453125
0 0.2171875 0.3375 0.2296875 0.03671875
13 0.08359375 0.47734375 0.140625 0.02265625
13 0.9375 0.47734375 0.053125 0.021875
6 0.97578125 0.4765625 0.009375 0.00859375
6 0.17265625 0.60234375 0.303125 0.1875
6 0.50234375 0.60234375 0.303125 0.1875
6 0.6140625 0.67109375 0.046875 0.02890625
6 0.8328125 0.60234375 0.303125 0.1875
6 0.94453125 0.67109375 0.046875 0.02890625
13 0.0875 0.7234375 0.1484375 0.02890625
6 0.1765625 0.8453125 0.31640625 0.19765625
6 0.5203125 0.8453125 0.31640625 0.19765625
6 0.85234375 0.8453125 0.2953125 0.19765625
6 0.25 0.925 0.03984375 0.025
6 0.75 0.925 0.03984375 0.025