5 0.06 0.03333333333333333 0.09333333333333334 0.06666666666666667
13 0.9466666666666667 0.03333333333333333 0.08 0.05
13 0.13333333333333333 0.0875 0.041666666666666664 0.019791666666666666
13 0.39958333333333335 0.0875 0.1025 0.019791666666666666
13 0.66625 0.0875 0.0675 0.019791666666666666
13 0.9329166666666666 0.0875 0.09916666666666667 0.019791666666666666
13 0.18208333333333335 0.03333333333333333 0.0975 0.06666666666666667
6 0.5 0.2872395833333333 1 0.3411458333333333
13 0.21791666666666668 0.2677083333333333 0.29583333333333334 0.04479166666666667
0 0.2175 0.3375 0.23 0.036458333333333336
13 0.08375 0.47734375 0.14083333333333334 0.022395833333333334
13 0.9375 0.47708333333333336 0.05333333333333334 0.021875
6 0.9754166666666667 0.47682291666666665 0.009166666666666667 0.008854166666666666
6 0.1725 0.6020833333333333 0.30333333333333334 0.1875
6 0.5025 0.6020833333333333 0.30333333333333334 0.1875
6 0.6141666666666666 0.6708333333333333 0.04666666666666667 0.029166666666666667
6 0.8325 0.6020833333333333 0.30333333333333334 0.1875
6 0.9441666666666667 0.6708333333333333 0.04666666666666667 0.029166666666666667
13 0.0875 0.7236979166666667 0.14833333333333334 0.028645833333333332
6 0.17666666666666667 0.8453125 0.31666666666666665 0.19791666666666666
6 0.52 0.8453125 0.31666666666666665 0.19791666666666666
6 0.8525 0.8453125 0.295 0.19791666666666666
6 0.25 0.925 0.04 0.025
6 0.75 0.925 0.04 0.025