13 0.5046875 0.234375 0.35234375 0.03046875
13 0.5046875 0.28125 0.30234375 0.02421875
13 0.5046875 0.3671875 0.2921875 0.02421875
13 0.2828125 0.43125 0.4046875 0.02265625
13 0.25390625 0.6796875 0.36015625 0.0328125
13 0.63046875 0.4765625 0.1359375 0.02421875
13 0.36328125 0.6203125 0.1140625 0.02109375
13 0.62109375 0.79375 0.13984375 0.03515625
13 0.3890625 0.8640625 0.11015625 0.02421875
5 0.953125 0.2171875 0.04609375 0.02421875
9 0.50390625 0.325 0.4328125 0.040625
6 0.04765625 0.578125 0.0546875 0.03046875
13 0.40078125 0.7953125 0.08359375 0.034375
13 0.63046875 0.61953125 0.1640625 0.0296875
13 0.6328125 0.5203125 0.16015625 0.02578125
13 0.36484375 0.47265625 0.16484375 0.0296875
13 0.64921875 0.0921875 0.08125 0.02578125
6 0.5796875 0.090625 0.04609375 0.02890625
5 0.3734375 0.91796875 0.06015625 0.0359375
5 0.88046875 0.921875 0.0734375 0.0390625
5 0.628125 0.91875 0.0609375 0.03046875