5 0.06015625 0.059375 0.09296875 0.06640625
0 0.23828125 0.059375 0.209375 0.06640625
13 0.69296875 0.059375 0.0796875 0.05
6 0.7796875 0.059375 0.053125 0.03359375
6 0.946875 0.059375 0.0796875 0.05
13 0.065625 0.11796875 0.06484375 0.05
6 0.06015625 0.1796875 0.06640625 0.04140625
13 0.40546875 0.16953125 0.57109375 0.02265625
13 0.23046875 0.190625 0.22109375 0.01953125
13 0.834375 0.190625 0.14140625 0.01953125
5 0.9578125 0.17890625 0.084375 0.0734375
13 0.78359375 0.56015625 0.10703125 0.03515625
5 0.91171875 0.56328125 0.1 0.0625
13 0.78046875 0.62890625 0.1125 0.03515625
5 0.91171875 0.63203125 0.1 0.0625
13 0.77578125 0.69765625 0.12265625 0.03515625
5 0.91171875 0.70078125 0.1 0.0625
13 0.77734375 0.76640625 0.11796875 0.03515625
5 0.91171875 0.76953125 0.1 0.0625
5 0.91171875 0.84609375 0.1234375 0.07734375