5 0.06 0.059375 0.09333333333333334 0.06666666666666667
0 0.23791666666666667 0.059375 0.20916666666666667 0.06666666666666667
13 0.6933333333333334 0.059375 0.08 0.05
6 0.78 0.059375 0.05333333333333334 0.03333333333333333
6 0.9466666666666667 0.059375 0.08 0.05
13 0.06583333333333333 0.11770833333333333 0.065 0.05
6 0.06 0.1796875 0.06666666666666667 0.041666666666666664
13 0.40541666666666665 0.16953125 0.5708333333333333 0.022395833333333334
13 0.23041666666666666 0.190625 0.22083333333333333 0.019791666666666666
13 0.8341666666666666 0.190625 0.14166666666666666 0.019791666666666666
5 0.9583333333333334 0.1796875 0.08333333333333333 0.07395833333333333
13 0.7833333333333333 0.5604166666666667 0.10666666666666667 0.035416666666666666
5 0.9116666666666666 0.5635416666666667 0.1 0.0625
13 0.7804166666666666 0.6291666666666667 0.1125 0.035416666666666666
5 0.9116666666666666 0.6322916666666667 0.1 0.0625
13 0.7754166666666666 0.6979166666666666 0.1225 0.035416666666666666
5 0.9116666666666666 0.7010416666666667 0.1 0.0625
13 0.7775 0.7666666666666667 0.11833333333333333 0.035416666666666666
5 0.9116666666666666 0.7697916666666667 0.1 0.0625
5 0.9116666666666666 0.8458333333333333 0.12333333333333334 0.07708333333333334