6 0.5 0.5 1 1
5 0.05 0.059375 0.03984375 0.06640625
13 0.4546875 0.059375 0.66328125 0.06640625
5 0.83984375 0.059375 0.10703125 0.06640625
5 0.94609375 0.05859375 0.1078125 0.0671875
13 0.08125 0.10859375 0.109375 0.01953125
13 0.22421875 0.109375 0.06328125 0.01953125
13 0.3671875 0.109375 0.115625 0.01953125
1 0.93984375 0.10859375 0.053125 0.03203125
6 0.04296875 0.15078125 0.053125 0.03359375
13 0.18984375 0.15078125 0.2390625 0.01953125
6 0.36953125 0.15078125 0.053125 0.03359375
13 0.4609375 0.15078125 0.13046875 0.01953125
6 0.58671875 0.15078125 0.053125 0.03359375
13 0.67578125 0.15078125 0.12421875 0.01953125
6 0.95 0.15078125 0.053125 0.03359375
13 0.98828125 0.15078125 0.0234375 0.01953125
6 0.79921875 0.15078125 0.053125 0.03359375
13 0.8578125 0.15078125 0.0640625 0.01953125
13 0.20546875 0.1453125 0.39140625 0.040625
6 0.05 0.121875 0.0234375 0.00859375