6 0.5 0.5 1 1
5 0.05 0.059375 0.04 0.06666666666666667
13 0.455 0.059375 0.6633333333333333 0.06666666666666667
5 0.84 0.059375 0.10666666666666667 0.06666666666666667
5 0.9466666666666667 0.059375 0.10666666666666667 0.06666666666666667
13 0.08125 0.10885416666666667 0.10916666666666666 0.019791666666666666
13 0.22416666666666665 0.109375 0.06333333333333334 0.019791666666666666
13 0.3670833333333333 0.109375 0.11583333333333333 0.019791666666666666
1 0.94 0.10885416666666667 0.05333333333333334 0.03229166666666667
6 0.043333333333333335 0.15104166666666666 0.05333333333333334 0.03333333333333333
13 0.18958333333333333 0.15104166666666666 0.23916666666666667 0.019791666666666666
6 0.36916666666666664 0.15104166666666666 0.05333333333333334 0.03333333333333333
13 0.46125 0.15104166666666666 0.13083333333333333 0.019791666666666666
6 0.5866666666666667 0.15104166666666666 0.05333333333333334 0.03333333333333333
13 0.6754166666666667 0.15104166666666666 0.12416666666666666 0.019791666666666666
6 0.95 0.15104166666666666 0.05333333333333334 0.03333333333333333
13 0.9883333333333333 0.15104166666666666 0.023333333333333334 0.019791666666666666
6 0.7991666666666667 0.15104166666666666 0.05333333333333334 0.03333333333333333
13 0.8579166666666667 0.15104166666666666 0.06416666666666666 0.019791666666666666
13 0.20583333333333334 0.1453125 0.39166666666666666 0.040625
6 0.05 0.121875 0.023333333333333334 0.008333333333333333