5 0.06015625 0.059375 0.09296875 0.05859375
13 0.1953125 0.059375 0.16328125 0.028125
13 0.86640625 0.059375 0.0796875 0.05
13 0.946875 0.059375 0.0796875 0.05
13 0.51796875 0.11796875 0.96328125 0.01953125
6 0.0890625 0.17265625 0.0796875 0.05
13 0.52734375 0.15390625 0.79609375 0.02578125
13 0.52734375 0.1765625 0.79609375 0.01953125
13 0.52734375 0.19609375 0.79609375 0.01953125
6 0.94921875 0.17578125 0.03515625 0.021875
13 0.51796875 0.26015625 0.96328125 0.01953125
6 0.0890625 0.3140625 0.0796875 0.05
13 0.52734375 0.2953125 0.79609375 0.02578125
13 0.52734375 0.31796875 0.79609375 0.01953125
13 0.52734375 0.33828125 0.79609375 0.01953125
6 0.94921875 0.31796875 0.03515625 0.021875
13 0.5 0.3765625 1 0.00078125
13 0.5 0.37734375 1 0.00078125
13 0.51796875 0.40390625 0.96328125 0.01953125
13 0.5 0.465625 0.9734375 0.03359375
13 0.5 0.5 0.9734375 0.03359375