5 0.06 0.059375 0.09333333333333334 0.058333333333333334
13 0.195 0.059375 0.16333333333333333 0.028125
13 0.8666666666666667 0.059375 0.08 0.05
13 0.9466666666666667 0.059375 0.08 0.05
13 0.5183333333333333 0.11822916666666666 0.9633333333333334 0.019791666666666666
6 0.08916666666666667 0.17239583333333333 0.08 0.05
13 0.5270833333333333 0.15390625 0.7958333333333333 0.025520833333333333
13 0.5270833333333333 0.1765625 0.7958333333333333 0.019791666666666666
13 0.5270833333333333 0.19635416666666666 0.7958333333333333 0.019791666666666666
6 0.9491666666666667 0.17604166666666668 0.035 0.021875
13 0.5183333333333333 0.2598958333333333 0.9633333333333334 0.019791666666666666
6 0.08916666666666667 0.3140625 0.08 0.05
13 0.5270833333333333 0.2955729166666667 0.7958333333333333 0.025520833333333333
13 0.5270833333333333 0.3182291666666667 0.7958333333333333 0.019791666666666666
13 0.5270833333333333 0.3380208333333333 0.7958333333333333 0.019791666666666666
6 0.9491666666666667 0.3177083333333333 0.035 0.021875
13 0.5 0.3765625 1 0.0010416666666666667
13 0.5 0.3776041666666667 1 0.0010416666666666667
13 0.5183333333333333 0.4036458333333333 0.9633333333333334 0.019791666666666666
13 0.5 0.46588541666666666 0.9733333333333334 0.033854166666666664
13 0.5 0.49973958333333335 0.9733333333333334 0.033854166666666664