5 0.06015625 0.059375 0.09296875 0.06640625
13 0.25546875 0.059375 0.28515625 0.028125
6 0.18359375 0.11484375 0.33359375 0.04375
13 0.03984375 0.15703125 0.04609375 0.01953125
13 0.1203125 0.15703125 0.09921875 0.01953125
13 0.2171875 0.15703125 0.04453125 0.01953125
13 0.296875 0.15703125 0.09921875 0.01953125
13 0.06171875 0.18671875 0.08984375 0.01953125
3 0.5 0.21796875 0.96640625 0.04140625
8 0.1296875 0.25546875 0.22578125 0.03359375
8 0.12890625 0.28828125 0.22421875 0.03359375
0 0.5 0.33046875 0.96640625 0.05