5 0.046875 0.0578125 0.03984375 0.025
13 0.159375 0.059375 0.1328125 0.028125
0 0.7203125 0.059375 0.146875 0.028125
0 0.88359375 0.059375 0.146875 0.028125
13 0.5 0.109375 1 0.03203125
6 0.05078125 0.15546875 0.0796875 0.05
13 0.22265625 0.146875 0.2140625 0.02265625
13 0.49609375 0.16953125 0.7609375 0.02265625
0 0.9328125 0.16015625 0.1125 0.03125
6 0.05078125 0.22578125 0.0796875 0.05
13 0.19765625 0.2171875 0.16328125 0.02265625
13 0.49609375 0.23984375 0.7609375 0.02265625
0 0.9328125 0.23046875 0.1125 0.03125
6 0.05078125 0.29609375 0.0796875 0.05
13 0.1796875 0.2875 0.12734375 0.02265625
13 0.49609375 0.31015625 0.7609375 0.02265625
0 0.9328125 0.30078125 0.1125 0.03125
6 0.05078125 0.36640625 0.0796875 0.05
13 0.16796875 0.3578125 0.1046875 0.02265625
13 0.49609375 0.38046875 0.7609375 0.02265625
0 0.9328125 0.37109375 0.1125 0.03125
6 0.05078125 0.43671875 0.0796875 0.05
13 0.23359375 0.428125 0.23515625 0.02265625
13 0.49609375 0.45078125 0.7609375 0.02265625
0 0.9328125 0.44140625 0.1125 0.03125
6 0.05078125 0.50703125 0.0796875 0.05
13 0.2125 0.4984375 0.19296875 0.02265625
13 0.49609375 0.52109375 0.7609375 0.02265625
0 0.9328125 0.51171875 0.1125 0.03125
6 0.05078125 0.57734375 0.0796875 0.05
13 0.265625 0.56875 0.29921875 0.02265625
13 0.49609375 0.59140625 0.7609375 0.02265625
0 0.9328125 0.58203125 0.1125 0.03125
6 0.05078125 0.64765625 0.0796875 0.05
13 0.171875 0.6390625 0.11171875 0.02265625
13 0.49609375 0.66171875 0.7609375 0.02265625
0 0.9328125 0.65234375 0.1125 0.03125