5 0.04666666666666667 0.0578125 0.04 0.025
13 0.15958333333333333 0.059375 0.1325 0.028125
0 0.72 0.059375 0.14666666666666667 0.028125
0 0.8833333333333333 0.059375 0.14666666666666667 0.028125
13 0.5 0.109375 1 0.03229166666666667
6 0.050833333333333335 0.15572916666666667 0.08 0.05
13 0.22291666666666668 0.14713541666666666 0.21416666666666667 0.022395833333333334
13 0.49625 0.16979166666666667 0.7608333333333334 0.022916666666666665
0 0.9329166666666666 0.16041666666666668 0.1125 0.03125
6 0.050833333333333335 0.22604166666666667 0.08 0.05
13 0.1975 0.21744791666666666 0.16333333333333333 0.022395833333333334
13 0.49625 0.24010416666666667 0.7608333333333334 0.022916666666666665
0 0.9329166666666666 0.23072916666666668 0.1125 0.03125
6 0.050833333333333335 0.29635416666666664 0.08 0.05
13 0.17958333333333334 0.2877604166666667 0.1275 0.022395833333333334
13 0.49625 0.3104166666666667 0.7608333333333334 0.022916666666666665
0 0.9329166666666666 0.30104166666666665 0.1125 0.03125
6 0.050833333333333335 0.36666666666666664 0.08 0.05
13 0.16833333333333333 0.3580729166666667 0.105 0.022395833333333334
13 0.49625 0.3807291666666667 0.7608333333333334 0.022916666666666665
0 0.9329166666666666 0.37135416666666665 0.1125 0.03125
6 0.050833333333333335 0.43697916666666664 0.08 0.05
13 0.23333333333333334 0.4283854166666667 0.235 0.022395833333333334
13 0.49625 0.4510416666666667 0.7608333333333334 0.022916666666666665
0 0.9329166666666666 0.44166666666666665 0.1125 0.03125
6 0.050833333333333335 0.5072916666666667 0.08 0.05
13 0.2125 0.4986979166666667 0.19333333333333333 0.022395833333333334
13 0.49625 0.5213541666666667 0.7608333333333334 0.022916666666666665
0 0.9329166666666666 0.5119791666666667 0.1125 0.03125
6 0.050833333333333335 0.5776041666666667 0.08 0.05
13 0.2654166666666667 0.5690104166666666 0.2991666666666667 0.022395833333333334
13 0.49625 0.5916666666666667 0.7608333333333334 0.022916666666666665
0 0.9329166666666666 0.5822916666666667 0.1125 0.03125
6 0.050833333333333335 0.6479166666666667 0.08 0.05
13 0.17166666666666666 0.6393229166666666 0.11166666666666666 0.022395833333333334
13 0.49625 0.6619791666666667 0.7608333333333334 0.022916666666666665
0 0.9329166666666666 0.6526041666666667 0.1125 0.03125