0 0.5004166666666666 0.5390625 0.9391666666666667 0.06145833333333333
13 0.5091666666666667 0.43359375 0.185 0.0296875
13 0.5133333333333333 0.47682291666666665 0.3233333333333333 0.028645833333333332
13 0.15416666666666667 0.75390625 0.25 0.0265625
13 0.09125 0.84609375 0.12416666666666666 0.0234375
13 0.155 0.18515625 0.235 0.027604166666666666
13 0.17875 0.04869791666666667 0.20416666666666666 0.0296875
5 0.037083333333333336 0.05182291666666667 0.0575 0.03177083333333333
13 0.6179166666666667 0.13307291666666668 0.13416666666666666 0.021354166666666667
6 0.38416666666666666 0.1078125 0.07166666666666667 0.041666666666666664
6 0.14125 0.10755208333333334 0.0575 0.034895833333333334