13 0.12333333333333334 0.059375 0.19333333333333333 0.028125
6 0.88 0.059375 0.08 0.05
13 0.96 0.059375 0.08 0.05
13 0.43583333333333335 0.11927083333333334 0.8016666666666666 0.019791666666666666
13 0.43583333333333335 0.1390625 0.8016666666666666 0.019791666666666666
6 0.875 0.12916666666666668 0.06 0.0375
0 0.9433333333333334 0.12916666666666668 0.06 0.0375
6 0.5 0.45677083333333335 0.9466666666666667 0.5822916666666667
13 0.5 0.7145833333333333 0.9466666666666667 0.06666666666666667
13 0.05583333333333333 0.7895833333333333 0.058333333333333334 0.019791666666666666
13 0.9441666666666667 0.7895833333333333 0.058333333333333334 0.019791666666666666
1 0.056666666666666664 0.8645833333333334 0.06 0.0375
0 0.4033333333333333 0.8645833333333334 0.06 0.0375
0 0.5 0.8645833333333334 0.08 0.05
0 0.5966666666666667 0.8645833333333334 0.06 0.0375
1 0.9433333333333334 0.8645833333333334 0.06 0.0375
6 0.5 0.4953125 1 0.8052083333333333
13 0.06875 0.11770833333333333 0.1375 0.05
13 0.2225 0.11770833333333333 0.17 0.05
6 0.06833333333333333 0.184375 0.08333333333333333 0.052083333333333336
13 0.5116666666666667 0.17447916666666666 0.75 0.019791666666666666
13 0.16583333333333333 0.19427083333333334 0.058333333333333334 0.019791666666666666
6 0.9433333333333334 0.184375 0.06 0.0375
6 0.06833333333333333 0.26875 0.08333333333333333 0.052083333333333336
13 0.5116666666666667 0.25885416666666666 0.75 0.019791666666666666
13 0.16583333333333333 0.2786458333333333 0.058333333333333334 0.019791666666666666
6 0.9433333333333334 0.26875 0.06 0.0375
6 0.06833333333333333 0.353125 0.08333333333333333 0.052083333333333336
13 0.5116666666666667 0.34322916666666664 0.75 0.019791666666666666
13 0.16583333333333333 0.36302083333333335 0.058333333333333334 0.019791666666666666
6 0.9433333333333334 0.353125 0.06 0.0375
6 0.06833333333333333 0.4375 0.08333333333333333 0.052083333333333336
13 0.5116666666666667 0.4276041666666667 0.75 0.019791666666666666
13 0.16583333333333333 0.4473958333333333 0.058333333333333334 0.019791666666666666
6 0.9433333333333334 0.4375 0.06 0.0375
6 0.06833333333333333 0.521875 0.08333333333333333 0.052083333333333336
13 0.5116666666666667 0.5119791666666667 0.75 0.019791666666666666
13 0.16583333333333333 0.5317708333333333 0.058333333333333334 0.019791666666666666
6 0.9433333333333334 0.521875 0.06 0.0375
6 0.06833333333333333 0.60625 0.08333333333333333 0.052083333333333336
13 0.5116666666666667 0.5963541666666666 0.75 0.019791666666666666
13 0.16583333333333333 0.6161458333333333 0.058333333333333334 0.019791666666666666
6 0.9433333333333334 0.60625 0.06 0.0375
6 0.06833333333333333 0.690625 0.08333333333333333 0.052083333333333336
13 0.5116666666666667 0.6807291666666667 0.75 0.019791666666666666
13 0.16583333333333333 0.7005208333333334 0.058333333333333334 0.019791666666666666
6 0.9433333333333334 0.690625 0.06 0.0375
6 0.06833333333333333 0.775 0.08333333333333333 0.052083333333333336
13 0.5116666666666667 0.7651041666666667 0.75 0.019791666666666666
13 0.16583333333333333 0.7848958333333333 0.058333333333333334 0.019791666666666666
6 0.9433333333333334 0.775 0.06 0.0375
0 0.03833333333333333 0.8614583333333333 0.06 0.0375
6 0.12833333333333333 0.8614583333333333 0.08333333333333333 0.052083333333333336
13 0.49083333333333334 0.8614583333333333 0.625 0.019791666666666666
0 0.8333333333333334 0.8614583333333333 0.06 0.0375
0 0.9016666666666666 0.8614583333333333 0.06 0.0375
0 0.97 0.8614583333333333 0.06 0.0375