13 0.1234375 0.059375 0.19296875 0.028125
6 0.8796875 0.059375 0.0796875 0.05
13 0.96015625 0.059375 0.0796875 0.05
13 0.4359375 0.11953125 0.8015625 0.01953125
13 0.4359375 0.1390625 0.8015625 0.01953125
6 0.875 0.12890625 0.06015625 0.0375
0 0.94296875 0.12890625 0.06015625 0.0375
6 0.5 0.45703125 0.946875 0.58203125
13 0.5 0.71484375 0.946875 0.06640625
13 0.05546875 0.78984375 0.05859375 0.01953125
13 0.94453125 0.78984375 0.05859375 0.01953125
1 0.05703125 0.86484375 0.06015625 0.0375
0 0.403125 0.86484375 0.06015625 0.0375
0 0.5 0.86484375 0.0796875 0.05
0 0.596875 0.86484375 0.06015625 0.0375
1 0.94296875 0.86484375 0.06015625 0.0375
6 0.5 0.4953125 1 0.80546875
13 0.06875 0.11796875 0.1375 0.05
13 0.22265625 0.11796875 0.1703125 0.05
6 0.06796875 0.184375 0.08359375 0.05234375
13 0.51171875 0.17421875 0.75 0.01953125
13 0.165625 0.19453125 0.05859375 0.01953125
6 0.94296875 0.184375 0.06015625 0.0375
6 0.06796875 0.26875 0.08359375 0.05234375
13 0.51171875 0.25859375 0.75 0.01953125
13 0.165625 0.27890625 0.05859375 0.01953125
6 0.94296875 0.26875 0.06015625 0.0375
6 0.06796875 0.353125 0.08359375 0.05234375
13 0.51171875 0.34296875 0.75 0.01953125
13 0.165625 0.36328125 0.05859375 0.01953125
6 0.94296875 0.353125 0.06015625 0.0375
6 0.06796875 0.4375 0.08359375 0.05234375
13 0.51171875 0.42734375 0.75 0.01953125
13 0.165625 0.44765625 0.05859375 0.01953125
6 0.94296875 0.4375 0.06015625 0.0375
6 0.06796875 0.521875 0.08359375 0.05234375
13 0.51171875 0.51171875 0.75 0.01953125
13 0.165625 0.53203125 0.05859375 0.01953125
6 0.94296875 0.521875 0.06015625 0.0375
6 0.06796875 0.60625 0.08359375 0.05234375
13 0.51171875 0.59609375 0.75 0.01953125
13 0.165625 0.61640625 0.05859375 0.01953125
6 0.94296875 0.60625 0.06015625 0.0375
6 0.06796875 0.690625 0.08359375 0.05234375
13 0.51171875 0.68046875 0.75 0.01953125
13 0.165625 0.70078125 0.05859375 0.01953125
6 0.94296875 0.690625 0.06015625 0.0375
6 0.06796875 0.775 0.08359375 0.05234375
13 0.51171875 0.76484375 0.75 0.01953125
13 0.165625 0.78515625 0.05859375 0.01953125
6 0.94296875 0.775 0.06015625 0.0375
0 0.03828125 0.86171875 0.06015625 0.0375
6 0.128125 0.86171875 0.08359375 0.05234375
13 0.490625 0.86171875 0.625 0.01953125
0 0.83359375 0.86171875 0.06015625 0.0375
0 0.9015625 0.86171875 0.06015625 0.0375
0 0.96953125 0.8609375 0.0609375 0.0375