13 0.12875 0.650390625 0.105 0.01484375
13 0.37875 0.64921875 0.1275 0.01875
13 0.376875 0.146484375 0.20375 0.01796875
13 0.624375 0.332421875 0.17375 0.01796875
13 0.875 0.33046875 0.1075 0.0171875
1 0.228125 0.356640625 0.04125 0.02890625
1 0.478125 0.35859375 0.04125 0.0265625
1 0.479375 0.537890625 0.04125 0.03046875
1 0.23 0.541015625 0.0375 0.03046875
6 0.626875 0.39765625 0.15875 0.0953125
6 0.87375 0.398828125 0.18 0.10234375
6 0.115 0.4015625 0.1525 0.0953125
6 0.37375 0.581640625 0.155 0.09140625
6 0.124375 0.581640625 0.13375 0.09453125
6 0.625625 0.2140625 0.14625 0.103125
6 0.370625 0.216796875 0.17375 0.09140625
6 0.12875 0.21796875 0.17 0.0890625
6 0.03875 0.098828125 0.0675 0.03828125
13 0.4625 0.05390625 0.18 0.0328125
5 0.0375 0.051953125 0.065 0.04453125
5 0.87625 0.05 0.0575 0.0390625
5 0.953125 0.04921875 0.04625 0.040625
5 0.911875 0.09765625 0.06125 0.0359375
0 0.498125 0.875390625 0.98625 0.05859375