13 0.12890625 0.65 0.1046875 0.01484375
13 0.37890625 0.64921875 0.12734375 0.01875
13 0.3765625 0.146875 0.20390625 0.01796875
13 0.62421875 0.3328125 0.1734375 0.01796875
13 0.875 0.33046875 0.1078125 0.0171875
1 0.228125 0.35625 0.04140625 0.02890625
1 0.478125 0.35859375 0.04140625 0.0265625
1 0.4796875 0.5375 0.04140625 0.03046875
1 0.2296875 0.540625 0.0375 0.03046875
6 0.6265625 0.39765625 0.15859375 0.0953125
6 0.8734375 0.3984375 0.1796875 0.10234375
6 0.11484375 0.4015625 0.15234375 0.0953125
6 0.3734375 0.58125 0.1546875 0.09140625
6 0.12421875 0.58125 0.13359375 0.09453125
6 0.62578125 0.2140625 0.14609375 0.103125
6 0.3703125 0.2171875 0.1734375 0.09140625
6 0.12890625 0.21796875 0.1703125 0.0890625
6 0.0390625 0.0984375 0.0671875 0.03828125
13 0.4625 0.05390625 0.1796875 0.0328125
5 0.0375 0.0515625 0.06484375 0.04453125
5 0.8765625 0.05 0.0578125 0.0390625
5 0.953125 0.04921875 0.04609375 0.040625
5 0.91171875 0.09765625 0.0609375 0.0359375
0 0.4984375 0.875 0.9859375 0.05859375