6 0.0609375 0.05546875 0.0796875 0.05
13 0.3546875 0.0546875 0.4953125 0.02578125
13 0.103125 0.09453125 0.20625 0.0234375
8 0.0546875 0.1234375 0.109375 0.03359375
8 0.1640625 0.1234375 0.109375 0.03359375
8 0.27265625 0.1234375 0.109375 0.03359375
8 0.0546875 0.15703125 0.109375 0.03359375
8 0.1640625 0.15703125 0.109375 0.03359375
8 0.27265625 0.15703125 0.109375 0.03359375
8 0.4015625 0.15703125 0.14765625 0.03359375
13 0.5 0.184375 1 0.02265625
3 0.16484375 0.21640625 0.32890625 0.04140625
3 0.49375 0.21640625 0.32890625 0.04140625
3 0.740625 0.21640625 0.1640625 0.04140625
13 0.82890625 0.21484375 0.0125 0.028125
3 0.9171875 0.21640625 0.16484375 0.04140625
13 0.5 0.2484375 1 0.02265625
3 0.16484375 0.2796875 0.32890625 0.04140625
3 0.49375 0.2796875 0.32890625 0.04140625
3 0.740625 0.2796875 0.1640625 0.04140625
13 0.82890625 0.27890625 0.0125 0.028125
3 0.9171875 0.2796875 0.16484375 0.04140625
13 0.5 0.31171875 1 0.02265625
3 0.16484375 0.3375 0.32890625 0.02578125
3 0.49375 0.3375 0.32890625 0.02578125
3 0.740625 0.3375 0.1640625 0.02578125
13 0.82890625 0.33671875 0.0125 0.028125
3 0.9171875 0.3375 0.16484375 0.02578125
0 0.19140625 0.375 0.3828125 0.04765625
0 0.53515625 0.375 0.3046875 0.04765625
0 0.84375 0.375 0.3125 0.04765625
0 0.246875 0.42265625 0.49296875 0.04765625
0 0.74609375 0.421875 0.5078125 0.046875