6 0.060833333333333336 0.05520833333333333 0.08 0.05
13 0.355 0.054947916666666666 0.495 0.025520833333333333
13 0.10333333333333333 0.09557291666666666 0.20666666666666667 0.022395833333333334
8 0.05458333333333333 0.1234375 0.10916666666666666 0.03333333333333333
8 0.16375 0.1234375 0.10916666666666666 0.03333333333333333
8 0.27291666666666664 0.1234375 0.10916666666666666 0.03333333333333333
8 0.05458333333333333 0.15677083333333333 0.10916666666666666 0.03333333333333333
8 0.16375 0.15677083333333333 0.10916666666666666 0.03333333333333333
8 0.27291666666666664 0.15677083333333333 0.10916666666666666 0.03333333333333333
8 0.40125 0.15677083333333333 0.1475 0.03333333333333333
13 0.5 0.18463541666666666 1 0.022395833333333334
3 0.16458333333333333 0.21640625 0.32916666666666666 0.04114583333333333
3 0.49375 0.21640625 0.32916666666666666 0.04114583333333333
3 0.7404166666666666 0.21640625 0.16416666666666666 0.04114583333333333
13 0.82875 0.21510416666666668 0.0125 0.028125
3 0.9175 0.21640625 0.165 0.04114583333333333
13 0.5 0.24817708333333333 1 0.022395833333333334
3 0.16458333333333333 0.2799479166666667 0.32916666666666666 0.04114583333333333
3 0.49375 0.2799479166666667 0.32916666666666666 0.04114583333333333
3 0.7404166666666666 0.2799479166666667 0.16416666666666666 0.04114583333333333
13 0.82875 0.2786458333333333 0.0125 0.028125
3 0.9175 0.2799479166666667 0.165 0.04114583333333333
13 0.5 0.31171875 1 0.022395833333333334
3 0.16458333333333333 0.3377604166666667 0.32916666666666666 0.025520833333333333
3 0.49375 0.3377604166666667 0.32916666666666666 0.025520833333333333
3 0.7404166666666666 0.3377604166666667 0.16416666666666666 0.025520833333333333
13 0.82875 0.33697916666666666 0.0125 0.028125
3 0.9175 0.3377604166666667 0.165 0.025520833333333333
0 0.19125 0.375 0.3825 0.04791666666666667
0 0.535 0.375 0.305 0.04791666666666667
0 0.84375 0.375 0.3125 0.04791666666666667
0 0.24666666666666667 0.42291666666666666 0.49333333333333335 0.04791666666666667
0 0.7466666666666667 0.42291666666666666 0.5066666666666667 0.04791666666666667