13 0.14833333333333334 0.061197916666666664 0.235 0.028645833333333332
13 0.26 0.6481770833333333 0.17 0.027604166666666666
13 0.75 0.64453125 0.17666666666666667 0.0328125
13 0.2608333333333333 0.8815104166666666 0.185 0.0328125
13 0.7425 0.87890625 0.27 0.0296875
5 0.9408333333333333 0.06041666666666667 0.085 0.04895833333333333
6 0.25583333333333336 0.5723958333333333 0.17833333333333334 0.096875
6 0.7416666666666667 0.5739583333333333 0.17333333333333334 0.09583333333333334
6 0.2608333333333333 0.8083333333333333 0.17833333333333334 0.09270833333333334
6 0.7466666666666667 0.8098958333333334 0.17666666666666667 0.09791666666666667
6 0.5266666666666666 0.28854166666666664 0.5866666666666667 0.3729166666666667