6 0.5 0.24505208333333334 1 0.3046875
6 0.17333333333333334 0.5057291666666667 0.26666666666666666 0.16666666666666666
13 0.6333333333333333 0.4583333333333333 0.5733333333333334 0.07395833333333333
6 0.94 0.4348958333333333 0.04 0.025
13 0.495 0.5065104166666666 0.2966666666666667 0.022395833333333334
6 0.36 0.5307291666666667 0.02666666666666667 0.016666666666666666
13 0.43833333333333335 0.5309895833333333 0.11 0.022395833333333334
0 0.835 0.6330729166666667 0.25 0.03802083333333333
13 0.68875 0.6671875 0.1375 0.019791666666666666
13 0.86875 0.6671875 0.1825 0.019791666666666666
13 0.26 0.7361979166666667 0.045 0.0296875
13 0.26 0.76328125 0.105 0.013020833333333334
13 0.26 0.7880208333333333 0.14666666666666667 0.026041666666666668
0 0.42 0.7494791666666667 0.14666666666666667 0.103125
13 0.42 0.7299479166666667 0.058333333333333334 0.033854166666666664
13 0.41041666666666665 0.7880208333333333 0.0325 0.026041666666666668
6 0.43833333333333335 0.7927083333333333 0.013333333333333334 0.008333333333333333
0 0.58 0.7494791666666667 0.14666666666666667 0.103125
6 0.58 0.7364583333333333 0.12333333333333334 0.07708333333333334
13 0.58 0.7880208333333333 0.14666666666666667 0.026041666666666668
0 0.74 0.7494791666666667 0.14666666666666667 0.103125
6 0.74 0.7364583333333333 0.12333333333333334 0.07708333333333334
13 0.74 0.7880208333333333 0.14666666666666667 0.026041666666666668
13 0.5 0.85234375 1 0.044270833333333336
13 0.5 0.8888020833333333 1 0.028645833333333332
6 0.1125 0.9619791666666667 0.225 0.07604166666666666
6 0.3441666666666667 0.9619791666666667 0.225 0.07604166666666666
6 0.5758333333333333 0.9619791666666667 0.225 0.07604166666666666
6 0.8075 0.9619791666666667 0.225 0.07604166666666666
6 0.9633333333333334 0.9619791666666667 0.07333333333333333 0.07604166666666666
5 0.06 0.059375 0.09333333333333334 0.06666666666666667
6 0.235 0.059375 0.25666666666666665 0.025
13 0.9466666666666667 0.059375 0.08 0.05