5 0.06015625 0.059375 0.09296875 0.06640625
13 0.24921875 0.059375 0.23203125 0.028125
6 0.946875 0.059375 0.0796875 0.05
6 0.13828125 0.17890625 0.16640625 0.10390625
13 0.41484375 0.1421875 0.27578125 0.0296875
13 0.40234375 0.17578125 0.2515625 0.0171875
13 0.621875 0.24921875 0.68984375 0.08828125
13 0.22578125 0.3390625 0.18515625 0.01953125
13 0.4484375 0.3390625 0.1 0.01953125
13 0.66875 0.3390625 0.18046875 0.01953125
13 0.915625 0.3390625 0.153125 0.01953125
6 0.18671875 0.52109375 0.28359375 0.25546875
6 0.5 0.503125 0.2703125 0.21953125
6 0.81328125 0.50859375 0.28359375 0.23046875
6 0.18671875 0.7984375 0.28359375 0.25
6 0.5 0.75703125 0.2703125 0.23828125
6 0.49921875 0.95 0.2703125 0.1
6 0.81328125 0.77421875 0.28359375 0.25
6 0.18671875 0.97421875 0.28359375 0.0515625
6 0.81328125 0.96171875 0.28359375 0.07578125