5 0.06015625 0.059375 0.09296875 0.06640625
6 0.20703125 0.059375 0.146875 0.021875
6 0.946875 0.059375 0.0796875 0.05
13 0.49921875 0.22890625 0.39609375 0.03359375
0 0.5 0.30625 0.16015625 0.0375
13 0.5 0.12890625 0.9203125 0.02265625
6 0.18671875 0.29296875 0.28359375 0.22890625
6 0.5 0.28828125 0.2703125 0.23828125
6 0.81328125 0.29296875 0.28359375 0.22890625
13 0.5 0.47265625 0.9203125 0.02265625
6 0.18671875 0.6453125 0.28359375 0.2359375
6 0.5 0.65390625 0.2703125 0.21875
6 0.81328125 0.63828125 0.28359375 0.25
13 0.5 0.8046875 0.9203125 0.05859375
13 0.5 0.88671875 0.9203125 0.02265625
6 0.1859375 0.97265625 0.284375 0.0546875
6 0.5 0.965625 0.2703125 0.06875
6 0.81328125 0.96328125 0.28359375 0.07265625