5 0.06 0.059375 0.09333333333333334 0.06666666666666667
6 0.20666666666666667 0.059375 0.14666666666666667 0.021875
6 0.9466666666666667 0.059375 0.08 0.05
13 0.4995833333333333 0.22890625 0.3958333333333333 0.033854166666666664
0 0.5 0.30625 0.16 0.0375
13 0.5 0.12890625 0.92 0.022395833333333334
6 0.18666666666666668 0.29296875 0.2833333333333333 0.22864583333333333
6 0.5 0.28828125 0.27 0.23802083333333332
6 0.8133333333333334 0.29296875 0.2833333333333333 0.22864583333333333
13 0.5 0.47265625 0.92 0.022395833333333334
6 0.18666666666666668 0.6450520833333333 0.2833333333333333 0.2359375
6 0.5 0.6536458333333334 0.27 0.21875
6 0.8133333333333334 0.6380208333333334 0.2833333333333333 0.25
13 0.5 0.8046875 0.92 0.058333333333333334
13 0.5 0.88671875 0.92 0.022395833333333334
6 0.18666666666666668 0.9731770833333333 0.2833333333333333 0.05364583333333333
6 0.5 0.965625 0.27 0.06875
6 0.8133333333333334 0.9635416666666666 0.2833333333333333 0.07291666666666667