6 0.035 0.057291666666666664 0.05333333333333334 0.03333333333333333
13 0.5 0.057291666666666664 0.105 0.025
0 0.9733333333333334 0.057291666666666664 0.05333333333333334 0.03333333333333333
13 0.16625 0.11354166666666667 0.04083333333333333 0.019791666666666666
13 0.4995833333333333 0.11354166666666667 0.13916666666666666 0.019791666666666666
13 0.8329166666666666 0.11354166666666667 0.0675 0.019791666666666666
6 0.2525 0.29322916666666665 0.47833333333333333 0.2989583333333333
6 0.7475 0.29322916666666665 0.47833333333333333 0.2989583333333333
6 0.2525 0.6026041666666667 0.47833333333333333 0.2989583333333333
6 0.7475 0.6026041666666667 0.47833333333333333 0.2989583333333333
6 0.2525 0.88125 0.47833333333333333 0.2375
6 0.7475 0.88125 0.47833333333333333 0.2375