3 0.49765625 0.140625 0.98515625 0.05
13 0.753125 0.54765625 0.1640625 0.0265625
13 0.3078125 0.4421875 0.1171875 0.03046875
13 0.621875 0.4421875 0.2640625 0.03515625
13 0.1796875 0.046875 0.12265625 0.03046875
13 0.2890625 0.0953125 0.3109375 0.03046875
13 0.61171875 0.61875 0.0765625 0.03046875
13 0.03671875 0.29375 0.0359375 0.03515625
13 0.875 0.29375 0.13984375 0.0265625
5 0.103125 0.925 0.04375 0.0265625
5 0.2953125 0.9265625 0.0515625 0.03203125
5 0.50390625 0.92578125 0.0578125 0.034375
5 0.70078125 0.925 0.0609375 0.034375
5 0.9015625 0.925 0.0671875 0.0359375
5 0.9046875 0.05078125 0.04375 0.0296875
5 0.959375 0.04921875 0.04375 0.0328125
5 0.9640625 0.09453125 0.04765625 0.034375
5 0.059375 0.046875 0.07890625 0.02421875
5 0.06171875 0.0890625 0.0734375 0.0296875
6 0.25390625 0.5546875 0.13984375 0.040625
6 0.25 0.7171875 0.12265625 0.04375
6 0.74609375 0.7234375 0.1078125 0.03828125
6 0.2171875 0.39140625 0.06640625 0.0296875
6 0.2953125 0.38984375 0.06640625 0.0296875