3 0.4975 0.140625 0.985 0.05
13 0.753125 0.54765625 0.16375 0.0265625
13 0.3075 0.442578125 0.1175 0.03046875
13 0.621875 0.441796875 0.26375 0.03515625
13 0.18 0.047265625 0.1225 0.03046875
13 0.289375 0.095703125 0.31125 0.03046875
13 0.611875 0.619140625 0.07625 0.03046875
13 0.036875 0.294140625 0.03625 0.03515625
13 0.875 0.29375 0.14 0.0265625
5 0.103125 0.925 0.04375 0.0265625
5 0.295625 0.926171875 0.05125 0.03203125
5 0.50375 0.92578125 0.0575 0.034375
5 0.700625 0.925 0.06125 0.034375
5 0.90125 0.925 0.0675 0.0359375
5 0.904375 0.05078125 0.04375 0.0296875
5 0.959375 0.04921875 0.04375 0.0328125
5 0.96375 0.09453125 0.0475 0.034375
5 0.059375 0.046484375 0.07875 0.02421875
5 0.061875 0.0890625 0.07375 0.0296875
6 0.25375 0.5546875 0.14 0.040625
6 0.25 0.7171875 0.1225 0.04375
6 0.74625 0.723046875 0.1075 0.03828125
6 0.216875 0.39140625 0.06625 0.0296875
6 0.295625 0.38984375 0.06625 0.0296875