6 0.03515625 0.05703125 0.053125 0.03359375
13 0.5 0.05703125 0.1046875 0.025
0 0.9734375 0.05703125 0.053125 0.03359375
13 0.16640625 0.11328125 0.040625 0.01953125
13 0.49921875 0.11328125 0.1390625 0.01953125
13 0.8328125 0.11328125 0.0671875 0.01953125
6 0.25234375 0.29296875 0.478125 0.29921875
6 0.74765625 0.29296875 0.478125 0.29921875
6 0.25234375 0.60234375 0.478125 0.29921875
6 0.74765625 0.60234375 0.478125 0.29921875
6 0.25234375 0.88125 0.478125 0.2375
6 0.74765625 0.88125 0.478125 0.2375