5 0.959375 0.025 0.04921875 0.02421875
5 0.0421875 0.028125 0.05390625 0.02890625
6 0.06796875 0.14765625 0.1 0.06171875
6 0.0703125 0.225 0.0953125 0.05625
6 0.06953125 0.3046875 0.0984375 0.06640625
6 0.065625 0.3796875 0.0984375 0.0625
6 0.06953125 0.540625 0.1015625 0.05625
6 0.0703125 0.69765625 0.1078125 0.05703125
13 0.26796875 0.2171875 0.23984375 0.02734375
13 0.178125 0.37421875 0.06328125 0.02109375
13 0.19921875 0.540625 0.1015625 0.03671875
13 0.24375 0.696875 0.190625 0.0359375
13 0.2578125 0.08671875 0.09296875 0.0203125
13 0.496875 0.0296875 0.23828125 0.0265625
13 0.74375 0.0828125 0.109375 0.0234375