6 0.03515625 0.1625 0.053125 0.0453125
13 0.184375 0.15234375 0.2453125 0.02578125
13 0.10234375 0.175 0.08046875 0.01953125
6 0.03515625 0.21875 0.053125 0.0453125
13 0.15 0.209375 0.1765625 0.02578125
13 0.1046875 0.23203125 0.0859375 0.01953125
6 0.03515625 0.27578125 0.053125 0.0453125
13 0.2703125 0.265625 0.41640625 0.02578125
13 0.1046875 0.28828125 0.0859375 0.01953125
6 0.03515625 0.3328125 0.053125 0.0453125
13 0.2109375 0.32265625 0.29921875 0.02578125
13 0.109375 0.3453125 0.0953125 0.01953125
6 0.03515625 0.3890625 0.053125 0.0453125
13 0.20234375 0.3796875 0.28046875 0.02578125
13 0.1078125 0.40234375 0.09140625 0.01953125
6 0.03515625 0.44609375 0.053125 0.0453125
13 0.1640625 0.4359375 0.20390625 0.02578125
5 0.0546875 0.47265625 0.09296875 0.05
13 0.41484375 0.47265625 0.62578125 0.05
6 0.08359375 0.05546875 0.125 0.03984375
13 0.30703125 0.05546875 0.10703125 0.05859375
13 0.41328125 0.05546875 0.10703125 0.05859375
13 0.5203125 0.05546875 0.10703125 0.05859375
13 0.6265625 0.05546875 0.10703125 0.05859375
13 0.73359375 0.05546875 0.10703125 0.05859375
13 0.83984375 0.05546875 0.10703125 0.05859375
5 0.94609375 0.0546875 0.1078125 0.059375
13 0.19921875 0.109375 0.034375 0.0171875
13 0.5015625 0.109375 0.0921875 0.0171875
13 0.803125 0.109375 0.11953125 0.0171875