5 0.9595833333333333 0.024739583333333332 0.049166666666666664 0.024479166666666666
5 0.042083333333333334 0.028385416666666666 0.05416666666666667 0.028645833333333332
6 0.06833333333333333 0.14739583333333334 0.1 0.06145833333333333
6 0.07 0.225 0.095 0.05625
6 0.06916666666666667 0.30494791666666665 0.09833333333333333 0.06614583333333333
6 0.06583333333333333 0.3796875 0.09833333333333333 0.0625
6 0.06916666666666667 0.540625 0.10166666666666667 0.05625
6 0.07041666666666667 0.6973958333333333 0.1075 0.057291666666666664
13 0.2683333333333333 0.21692708333333333 0.24 0.027604166666666666
13 0.17833333333333334 0.37421875 0.06333333333333334 0.021354166666666667
13 0.19916666666666666 0.5403645833333334 0.10166666666666667 0.03697916666666667
13 0.24375 0.6971354166666667 0.19083333333333333 0.0359375
13 0.2575 0.08671875 0.09333333333333334 0.0203125
13 0.49666666666666665 0.029427083333333333 0.23833333333333334 0.0265625
13 0.74375 0.08307291666666666 0.10916666666666666 0.0234375