6 0.035 0.16223958333333333 0.05333333333333334 0.0453125
13 0.18416666666666667 0.15234375 0.245 0.025520833333333333
13 0.10208333333333333 0.175 0.08083333333333333 0.019791666666666666
6 0.035 0.21901041666666668 0.05333333333333334 0.0453125
13 0.15 0.20911458333333333 0.17666666666666667 0.025520833333333333
13 0.10458333333333333 0.23177083333333334 0.08583333333333333 0.019791666666666666
6 0.035 0.27578125 0.05333333333333334 0.0453125
13 0.27 0.26588541666666665 0.4166666666666667 0.025520833333333333
13 0.10458333333333333 0.28854166666666664 0.08583333333333333 0.019791666666666666
6 0.035 0.33255208333333336 0.05333333333333334 0.0453125
13 0.21125 0.32265625 0.2991666666666667 0.025520833333333333
13 0.10916666666666666 0.3453125 0.095 0.019791666666666666
6 0.035 0.3893229166666667 0.05333333333333334 0.0453125
13 0.20208333333333334 0.37942708333333336 0.2808333333333333 0.025520833333333333
13 0.1075 0.40208333333333335 0.09166666666666666 0.019791666666666666
6 0.035 0.44609375 0.05333333333333334 0.0453125
13 0.16375 0.4361979166666667 0.20416666666666666 0.025520833333333333
5 0.055 0.47239583333333335 0.09333333333333334 0.05
13 0.41458333333333336 0.47239583333333335 0.6258333333333334 0.05
6 0.08333333333333333 0.05520833333333333 0.125 0.03958333333333333
13 0.30666666666666664 0.05520833333333333 0.10666666666666667 0.058333333333333334
13 0.41333333333333333 0.05520833333333333 0.10666666666666667 0.058333333333333334
13 0.52 0.05520833333333333 0.10666666666666667 0.058333333333333334
13 0.6266666666666667 0.05520833333333333 0.10666666666666667 0.058333333333333334
13 0.7333333333333333 0.05520833333333333 0.10666666666666667 0.058333333333333334
13 0.84 0.05520833333333333 0.10666666666666667 0.058333333333333334
5 0.9466666666666667 0.05520833333333333 0.10666666666666667 0.058333333333333334
13 0.12625 0.10911458333333333 0.034166666666666665 0.0171875
13 0.37625 0.10911458333333333 0.0925 0.0171875
13 0.6270833333333333 0.10911458333333333 0.11916666666666667 0.0171875
13 0.8775 0.10911458333333333 0.105 0.0171875