6 0.13515625 0.059375 0.21640625 0.03359375
5 0.88828125 0.05546875 0.03984375 0.025
5 0.928125 0.05546875 0.03984375 0.025
13 0.1328125 0.11796875 0.12265625 0.01953125
13 0.4 0.11796875 0.08671875 0.01953125
13 0.66640625 0.11796875 0.08046875 0.01953125
13 0.9328125 0.11796875 0.115625 0.01953125
0 0.08203125 0.16328125 0.146875 0.03125
0 0.27578125 0.16328125 0.20859375 0.03125
0 0.4703125 0.16328125 0.146875 0.03125
0 0.63359375 0.16328125 0.146875 0.03125
0 0.81328125 0.16328125 0.17890625 0.03125
6 0.06640625 0.22578125 0.1 0.0625
13 0.56640625 0.20859375 0.86640625 0.0171875
13 0.56640625 0.23203125 0.86640625 0.0171875
6 0.06640625 0.309375 0.1 0.0625
13 0.56640625 0.2921875 0.86640625 0.0171875
13 0.56640625 0.315625 0.86640625 0.0171875
6 0.06640625 0.39296875 0.1 0.0625
13 0.56640625 0.375 0.86640625 0.0171875
13 0.56640625 0.3984375 0.86640625 0.0171875
6 0.06640625 0.47578125 0.1 0.0625
13 0.56640625 0.45859375 0.86640625 0.0171875
13 0.56640625 0.48203125 0.86640625 0.0171875
6 0.06640625 0.559375 0.1 0.0625
13 0.56640625 0.5421875 0.86640625 0.0171875
13 0.56640625 0.565625 0.86640625 0.0171875
6 0.06640625 0.64296875 0.1 0.0625
13 0.56640625 0.625 0.86640625 0.0171875
13 0.56640625 0.6484375 0.86640625 0.0171875
6 0.06640625 0.72578125 0.1 0.0625
13 0.56640625 0.70859375 0.86640625 0.0171875
13 0.56640625 0.73203125 0.86640625 0.0171875
6 0.06640625 0.809375 0.1 0.0625
13 0.56640625 0.7921875 0.86640625 0.0171875
13 0.56640625 0.815625 0.86640625 0.0171875
6 0.06640625 0.89296875 0.1 0.0625
13 0.56640625 0.875 0.86640625 0.0171875
13 0.56640625 0.8984375 0.86640625 0.0171875
6 0.065625 0.971875 0.1 0.05625