6 0.12265625 0.171875 0.18984375 0.0890625
6 0.509375 0.3296875 0.95390625 0.0890625
6 0.2140625 0.45 0.37265625 0.08828125
5 0.06328125 0.05625 0.0609375 0.03828125
6 0.71484375 0.2046875 0.06015625 0.00390625
5 0.9453125 0.06015625 0.0578125 0.0328125
13 0.23203125 0.05625 0.2265625 0.04921875
6 0.71953125 0.1921875 0.10859375 0.04375
6 0.71328125 0.91875 0.10859375 0.05078125
6 0.05546875 0.3859375 0.05625 0.02265625
6 0.63359375 0.3890625 0.04765625 0.02109375
6 0.24453125 0.5078125 0.0484375 0.01796875