5 0.046875 0.059375 0.09296875 0.025
6 0.13046875 0.059375 0.07421875 0.02421875
6 0.5 0.52109375 1 0.85703125
6 0.23359375 0.17734375 0.45 0.15859375
13 0.5 0.2765625 0.98359375 0.01953125
13 0.5 0.3015625 0.98359375 0.01953125
13 0.5 0.340625 0.98359375 0.03671875
13 0.05546875 0.40390625 0.0953125 0.01953125
6 0.878125 0.40390625 0.053125 0.0375
6 0.93515625 0.40390625 0.06015625 0.0375
6 0.10859375 0.525 0.2 0.16328125
13 0.60859375 0.453125 0.76640625 0.01953125
13 0.60859375 0.4765625 0.76640625 0.0171875
13 0.60859375 0.51640625 0.76640625 0.01953125
0 0.8015625 0.58203125 0.3796875 0.03671875
6 0.10859375 0.70390625 0.2 0.16328125
13 0.60859375 0.63203125 0.76640625 0.01953125
13 0.60859375 0.65625 0.76640625 0.0171875
13 0.60859375 0.6953125 0.76640625 0.01953125
0 0.8015625 0.7609375 0.3796875 0.03671875
6 0.10859375 0.88359375 0.2 0.16328125
13 0.60859375 0.81171875 0.76640625 0.01953125
13 0.60859375 0.83515625 0.76640625 0.0171875
13 0.60859375 0.87421875 0.76640625 0.01953125
0 0.8015625 0.93984375 0.3796875 0.03671875