5 0.04666666666666667 0.059375 0.09333333333333334 0.025
6 0.13041666666666665 0.059375 0.07416666666666667 0.023958333333333335
6 0.5 0.5213541666666667 1 0.8572916666666667
6 0.23333333333333334 0.17708333333333334 0.45 0.15833333333333333
13 0.5 0.2765625 0.9833333333333333 0.019791666666666666
13 0.5 0.3015625 0.9833333333333333 0.019791666666666666
13 0.5 0.34036458333333336 0.9833333333333333 0.03697916666666667
13 0.05583333333333333 0.4036458333333333 0.095 0.019791666666666666
6 0.8783333333333333 0.4036458333333333 0.05333333333333334 0.0375
6 0.935 0.4036458333333333 0.06 0.0375
6 0.10833333333333334 0.525 0.2 0.16354166666666667
13 0.6083333333333333 0.453125 0.7666666666666667 0.019791666666666666
13 0.6083333333333333 0.47682291666666665 0.7666666666666667 0.0171875
13 0.6083333333333333 0.5161458333333333 0.7666666666666667 0.019791666666666666
0 0.8016666666666666 0.5817708333333333 0.38 0.036458333333333336
6 0.10833333333333334 0.7041666666666667 0.2 0.16354166666666667
13 0.6083333333333333 0.6322916666666667 0.7666666666666667 0.019791666666666666
13 0.6083333333333333 0.6559895833333333 0.7666666666666667 0.0171875
13 0.6083333333333333 0.6953125 0.7666666666666667 0.019791666666666666
0 0.8016666666666666 0.7609375 0.38 0.036458333333333336
6 0.10833333333333334 0.8833333333333333 0.2 0.16354166666666667
13 0.6083333333333333 0.8114583333333333 0.7666666666666667 0.019791666666666666
13 0.6083333333333333 0.83515625 0.7666666666666667 0.0171875
13 0.6083333333333333 0.8744791666666667 0.7666666666666667 0.019791666666666666
0 0.8016666666666666 0.9401041666666666 0.38 0.036458333333333336