5 0.06 0.059375 0.09333333333333334 0.06666666666666667
13 0.19041666666666668 0.059375 0.11416666666666667 0.05
3 0.5 0.16614583333333333 1 0.0625
3 0.45 0.22239583333333332 0.8166666666666667 0.025
5 0.95 0.22604166666666667 0.1 0.057291666666666664
13 0.18 0.29583333333333334 0.36 0.028125
8 0.5091666666666667 0.346875 0.9816666666666667 0.05
8 0.5091666666666667 0.396875 0.9816666666666667 0.05
13 0.4875 0.50234375 0.975 0.05364583333333333
13 0.425 0.5458333333333333 0.81 0.019791666666666666
0 0.5 0.6229166666666667 1 0.05