5 0.06015625 0.059375 0.09296875 0.06640625
13 0.18828125 0.0484375 0.11015625 0.02265625
13 0.19296875 0.07109375 0.11953125 0.01875
13 0.946875 0.059375 0.0796875 0.05
13 0.14609375 0.1328125 0.29140625 0.028125
13 0.146875 0.17265625 0.24296875 0.05078125
13 0.0453125 0.23828125 0.090625 0.028125
6 0.16015625 0.31640625 0.26640625 0.09375
13 0.6296875 0.28203125 0.6203125 0.02265625
13 0.35625 0.30390625 0.07265625 0.01953125
13 0.38359375 0.3265625 0.1265625 0.01953125
13 0.06171875 0.4203125 0.1234375 0.028125
6 0.16015625 0.4984375 0.26640625 0.09375
13 0.6296875 0.4640625 0.6203125 0.02265625
13 0.35625 0.48671875 0.07265625 0.01953125
13 0.38359375 0.50859375 0.1265625 0.01953125
13 0.146875 0.60234375 0.29296875 0.028125
13 0.653125 0.5984375 0.69296875 0.01953125
6 0.16015625 0.68046875 0.26640625 0.09375
13 0.6296875 0.646875 0.6203125 0.02265625
13 0.396875 0.66640625 0.153125 0.01953125
13 0.09609375 0.78515625 0.1921875 0.028125
13 0.60234375 0.7796875 0.7953125 0.01875
6 0.16015625 0.86328125 0.26640625 0.09375
13 0.6296875 0.82890625 0.6203125 0.02265625
13 0.396875 0.8484375 0.153125 0.01953125