5 0.06 0.059375 0.09333333333333334 0.06666666666666667
13 0.18833333333333332 0.0484375 0.11 0.022916666666666665
13 0.19291666666666665 0.07083333333333333 0.11916666666666667 0.01875
13 0.9466666666666667 0.059375 0.08 0.05
13 0.14583333333333334 0.1328125 0.2916666666666667 0.028125
13 0.14666666666666667 0.17265625 0.24333333333333335 0.050520833333333334
13 0.04541666666666667 0.23802083333333332 0.09083333333333334 0.028125
6 0.16 0.31614583333333335 0.26666666666666666 0.09375
13 0.63 0.28203125 0.62 0.022395833333333334
13 0.35625 0.30416666666666664 0.0725 0.019791666666666666
13 0.38333333333333336 0.3265625 0.12666666666666668 0.019791666666666666
13 0.06166666666666667 0.4203125 0.12333333333333334 0.028125
6 0.16 0.4984375 0.26666666666666666 0.09375
13 0.63 0.46432291666666664 0.62 0.022395833333333334
13 0.35625 0.4864583333333333 0.0725 0.019791666666666666
13 0.38333333333333336 0.5088541666666667 0.12666666666666668 0.019791666666666666
13 0.14666666666666667 0.6026041666666667 0.29333333333333333 0.028125
13 0.6533333333333333 0.5984375 0.6933333333333334 0.019791666666666666
6 0.16 0.6807291666666667 0.26666666666666666 0.09375
13 0.63 0.6466145833333333 0.62 0.022395833333333334
13 0.39666666666666667 0.6661458333333333 0.15333333333333332 0.019791666666666666
13 0.09625 0.7848958333333333 0.1925 0.028125
13 0.6029166666666667 0.7807291666666667 0.7941666666666667 0.019791666666666666
6 0.16 0.8630208333333333 0.26666666666666666 0.09375
13 0.63 0.82890625 0.62 0.022395833333333334
13 0.39666666666666667 0.8484375 0.15333333333333332 0.019791666666666666