6 0.01328125 0.05546875 0.0265625 0.01640625
6 0.0609375 0.05546875 0.0796875 0.05
13 0.159375 0.0546875 0.103125 0.02578125
5 0.94609375 0.0546875 0.1078125 0.059375
13 0.090625 0.1234375 0.1140625 0.03671875
13 0.22890625 0.1234375 0.1625 0.03671875
13 0.5 0.1609375 0.93359375 0.03203125
13 0.5 0.19296875 0.93359375 0.03203125
13 0.5 0.22578125 0.93359375 0.03203125
13 0.5 0.2578125 0.93359375 0.03203125
13 0.5 0.28984375 0.93359375 0.03203125
13 0.5 0.32265625 0.93359375 0.03203125
13 0.2765625 0.35234375 0.48671875 0.0171875
13 0.5 0.396875 0.93359375 0.0609375
13 0.11796875 0.43984375 0.16953125 0.025
13 0.16015625 0.475 0.253125 0.025
11 0.41953125 0.47890625 0.26484375 0.03359375
13 0.40546875 0.47890625 0.23203125 0.01953125
11 0.5 0.53046875 0.9 0.03359375
13 0.5 0.5296875 0.9 0.02265625
3 0.27109375 0.56796875 0.44140625 0.04140625
11 0.72890625 0.56796875 0.44140625 0.04140625
13 0.72890625 0.56796875 0.44140625 0.02265625
11 0.5 0.61875 0.9 0.04453125
13 0.5 0.61875 0.9 0.03359375
13 0.5 0.678125 0.93359375 0.01953125
3 0.5 0.7234375 0.9 0.04140625
0 0.5 0.90859375 0.93359375 0.04140625