6 0.333125 0.27109375 0.19375 0.121875
6 0.595625 0.46328125 0.70125 0.1671875
6 0.48375 0.894921875 0.1175 0.07421875
6 0.608125 0.86328125 0.04875 0.034375
6 0.60875 0.933203125 0.06 0.03046875
0 0.938125 0.150390625 0.08125 0.03046875
5 0.945625 0.054296875 0.04375 0.03046875
5 0.876875 0.109375 0.05625 0.0359375
5 0.95625 0.109375 0.0525 0.034375
5 0.793125 0.1109375 0.06125 0.0390625
0 0.4925 0.275390625 0.09 0.02890625
13 0.576875 0.22109375 0.24625 0.0234375
13 0.55875 0.110546875 0.4 0.02578125
13 0.123125 0.059765625 0.17875 0.02578125
13 0.065 0.383984375 0.1025 0.10390625
13 0.311875 0.600390625 0.15125 0.02109375
13 0.5925 0.63828125 0.71 0.034375
13 0.5975 0.73046875 0.725 0.1234375
9 0.323125 0.912890625 0.12375 0.01796875
9 0.7725 0.857421875 0.0825 0.01015625
9 0.70125 0.921484375 0.0825 0.01796875
3 0.529375 0.152734375 0.60375 0.03046875