6 0.3328125 0.27109375 0.19375 0.121875
6 0.5953125 0.46328125 0.7015625 0.1671875
6 0.48359375 0.8953125 0.1171875 0.07421875
6 0.6078125 0.86328125 0.0484375 0.034375
6 0.60859375 0.9328125 0.06015625 0.03046875
0 0.93828125 0.15 0.08125 0.03046875
5 0.9453125 0.0546875 0.04375 0.03046875
5 0.8765625 0.109375 0.05625 0.0359375
5 0.95625 0.109375 0.05234375 0.034375
5 0.79296875 0.1109375 0.0609375 0.0390625
0 0.4921875 0.275 0.08984375 0.02890625
13 0.5765625 0.22109375 0.24609375 0.0234375
13 0.55859375 0.1109375 0.4 0.02578125
13 0.1234375 0.059375 0.17890625 0.02578125
13 0.06484375 0.384375 0.10234375 0.10390625
13 0.31171875 0.6 0.1515625 0.02109375
13 0.5921875 0.63828125 0.71015625 0.034375
13 0.59765625 0.73046875 0.725 0.1234375
9 0.3234375 0.9125 0.1234375 0.01796875
9 0.77265625 0.8578125 0.0828125 0.01015625
9 0.7015625 0.921875 0.0828125 0.01796875
3 0.5296875 0.153125 0.60390625 0.03046875