6 0.47375 0.276953125 0.22 0.28828125
6 0.255625 0.78671875 0.22125 0.053125
6 0.745625 0.455859375 0.14125 0.05078125
6 0.154375 0.0453125 0.15625 0.0375
5 0.666875 0.04921875 0.03875 0.0234375
5 0.729375 0.0484375 0.05125 0.0265625
5 0.79375 0.046484375 0.0575 0.02890625
5 0.865625 0.048046875 0.05125 0.02734375
5 0.954375 0.05703125 0.05625 0.0328125
5 0.055 0.048046875 0.0325 0.02578125
5 0.978125 0.0984375 0.04375 0.0359375
5 0.97625 0.375 0.0375 0.0296875
0 0.7025 0.92421875 0.585 0.0625
0 0.20125 0.9234375 0.39 0.0640625
13 0.22625 0.471875 0.435 0.0234375
13 0.3425 0.09140625 0.08 0.0234375
13 0.7975 0.091015625 0.1125 0.02109375
13 0.57 0.090625 0.095 0.0203125
13 0.140625 0.62734375 0.18375 0.0265625
13 0.050625 0.53125 0.07125 0.0296875