6 0.4734375 0.2765625 0.2203125 0.28828125
6 0.25546875 0.78671875 0.22109375 0.053125
6 0.7453125 0.45625 0.14140625 0.05078125
6 0.1546875 0.0453125 0.15625 0.0375
5 0.6671875 0.04921875 0.0390625 0.0234375
5 0.7296875 0.0484375 0.0515625 0.0265625
5 0.79375 0.046875 0.0578125 0.02890625
5 0.865625 0.0484375 0.0515625 0.02734375
5 0.9546875 0.05703125 0.05625 0.0328125
5 0.0546875 0.0484375 0.0328125 0.02578125
5 0.978125 0.0984375 0.04375 0.0359375
5 0.9765625 0.375 0.0375 0.0296875
0 0.70234375 0.92421875 0.58515625 0.0625
0 0.2015625 0.9234375 0.38984375 0.0640625
13 0.2265625 0.471875 0.43515625 0.0234375
13 0.3421875 0.09140625 0.0796875 0.0234375
13 0.79765625 0.090625 0.1125 0.02109375
13 0.5703125 0.090625 0.0953125 0.0203125
13 0.140625 0.62734375 0.18359375 0.0265625
13 0.05078125 0.53125 0.07109375 0.0296875