6 0.01328125 0.05546875 0.0265625 0.01640625
6 0.0609375 0.05546875 0.0796875 0.05
13 0.159375 0.0546875 0.103125 0.02578125
5 0.94609375 0.0546875 0.1078125 0.059375
13 0.49921875 0.121875 0.32265625 0.03359375
13 0.07421875 0.16796875 0.08203125 0.03671875
13 0.19609375 0.16796875 0.1625 0.03671875
13 0.32890625 0.16796875 0.103125 0.03671875
11 0.91328125 0.16640625 0.10703125 0.03359375
13 0.903125 0.16640625 0.0734375 0.01953125
13 0.5 0.20546875 0.93359375 0.03203125
13 0.5 0.2375 0.93359375 0.03203125
13 0.5 0.26953125 0.93359375 0.03203125
13 0.5 0.30234375 0.93359375 0.03203125
13 0.15390625 0.33046875 0.15859375 0.025
13 0.14375 0.36640625 0.22109375 0.025
13 0.61015625 0.36640625 0.7125 0.025
13 0.2 0.41640625 0.3 0.0546875
13 0.5 0.47890625 0.93359375 0.01953125
3 0.5 0.5234375 0.9 0.04140625
0 0.5 0.90859375 0.93359375 0.04140625