6 0.013333333333333334 0.05520833333333333 0.02666666666666667 0.016666666666666666
6 0.060833333333333336 0.05520833333333333 0.08 0.05
13 0.15916666666666668 0.054947916666666666 0.10333333333333333 0.025520833333333333
5 0.9466666666666667 0.05520833333333333 0.10666666666666667 0.058333333333333334
13 0.4995833333333333 0.12213541666666666 0.3225 0.033854166666666664
13 0.07416666666666667 0.16770833333333332 0.08166666666666667 0.036458333333333336
13 0.19625 0.16770833333333332 0.1625 0.036458333333333336
13 0.32916666666666666 0.16770833333333332 0.10333333333333333 0.036458333333333336
11 0.9133333333333333 0.16614583333333333 0.10666666666666667 0.03333333333333333
13 0.9033333333333333 0.16614583333333333 0.07333333333333333 0.019791666666666666
13 0.5 0.20520833333333333 0.9333333333333333 0.03229166666666667
13 0.5 0.2375 0.9333333333333333 0.03229166666666667
13 0.5 0.26979166666666665 0.9333333333333333 0.03229166666666667
13 0.5 0.3020833333333333 0.9333333333333333 0.03229166666666667
13 0.15416666666666667 0.3307291666666667 0.15833333333333333 0.025
13 0.14375 0.36614583333333334 0.22083333333333333 0.025
13 0.6104166666666667 0.36614583333333334 0.7125 0.025
13 0.2 0.41640625 0.3 0.0546875
13 0.5 0.4786458333333333 0.9333333333333333 0.019791666666666666
3 0.5 0.5236979166666667 0.9 0.04114583333333333
0 0.5 0.9083333333333333 0.9333333333333333 0.041666666666666664