13 0.23359375 0.059375 0.1234375 0.05625
3 0.68671875 0.059375 0.43984375 0.0375
6 0.93984375 0.059375 0.06640625 0.05
6 0.125 0.10859375 0.053125 0.02421875
13 0.125 0.13046875 0.0265625 0.01953125
6 0.375 0.10859375 0.1796875 0.02421875
13 0.375 0.13046875 0.046875 0.01953125
6 0.625 0.10859375 0.1796875 0.02421875
13 0.62421875 0.13046875 0.07421875 0.01953125
6 0.875 0.10859375 0.21015625 0.02421875
13 0.875 0.13046875 0.096875 0.01953125
6 0.25 0.2328125 0.46796875 0.15625
13 0.25 0.325 0.46796875 0.028125
6 0.04609375 0.35859375 0.06015625 0.0375
6 0.37265625 0.35859375 0.0296875 0.01875
6 0.40234375 0.35859375 0.0296875 0.01875
6 0.4328125 0.35859375 0.0296875 0.01875
6 0.4625 0.35859375 0.0296875 0.01875
6 0.75 0.2328125 0.46796875 0.15625
13 0.75 0.325 0.46796875 0.028125
6 0.54609375 0.35859375 0.06015625 0.0375
6 0.8421875 0.35859375 0.0296875 0.01875
6 0.87265625 0.35859375 0.0296875 0.01875
6 0.90234375 0.35859375 0.0296875 0.01875
6 0.9328125 0.35859375 0.0296875 0.01875
6 0.9625 0.35859375 0.0296875 0.01875
6 0.25 0.4796875 0.46796875 0.15625
13 0.25 0.571875 0.46796875 0.028125
6 0.04609375 0.60546875 0.06015625 0.0375
6 0.37265625 0.60546875 0.0296875 0.01875
6 0.40234375 0.60546875 0.0296875 0.01875
6 0.4328125 0.60546875 0.0296875 0.01875
6 0.4625 0.60546875 0.0296875 0.01875
6 0.25 0.7265625 0.46796875 0.15625
13 0.25 0.81875 0.46796875 0.028125
6 0.04609375 0.85234375 0.06015625 0.0375
6 0.40234375 0.85234375 0.0296875 0.01875
6 0.4328125 0.85234375 0.0296875 0.01875
6 0.4625 0.85234375 0.0296875 0.01875
6 0.75 0.4796875 0.46796875 0.15625
13 0.75 0.58046875 0.46796875 0.0453125
6 0.54609375 0.62265625 0.06015625 0.0375
6 0.8421875 0.62265625 0.0296875 0.01875
6 0.87265625 0.62265625 0.0296875 0.01875
6 0.90234375 0.62265625 0.0296875 0.01875
6 0.9328125 0.62265625 0.0296875 0.01875
6 0.9625 0.62265625 0.0296875 0.01875
6 0.25 0.94765625 0.46796875 0.1046875
6 0.75 0.74375 0.46796875 0.15625
13 0.75 0.8359375 0.46796875 0.028125
6 0.54609375 0.86953125 0.06015625 0.0375
6 0.90234375 0.86953125 0.0296875 0.01875
6 0.9328125 0.86953125 0.0296875 0.01875
6 0.9625 0.86953125 0.0296875 0.01875
6 0.75 0.95625 0.46796875 0.0875
5 0.925 0.9125 0.15 0.11484375