13 0.46 0.059375 0.12333333333333334 0.05625
6 0.9466666666666667 0.059375 0.08 0.05
6 0.125 0.10885416666666667 0.05333333333333334 0.023958333333333335
13 0.125 0.13072916666666667 0.02666666666666667 0.019791666666666666
6 0.375 0.10885416666666667 0.18 0.023958333333333335
13 0.375 0.13072916666666667 0.04666666666666667 0.019791666666666666
6 0.625 0.10885416666666667 0.18 0.023958333333333335
13 0.6245833333333334 0.13072916666666667 0.07416666666666667 0.019791666666666666
6 0.875 0.10885416666666667 0.21 0.023958333333333335
13 0.875 0.13072916666666667 0.09666666666666666 0.019791666666666666
6 0.25 0.2328125 0.4683333333333333 0.15625
13 0.25 0.325 0.4683333333333333 0.028125
6 0.04583333333333333 0.35885416666666664 0.06 0.0375
6 0.3725 0.35885416666666664 0.03 0.01875
6 0.4025 0.35885416666666664 0.03 0.01875
6 0.4325 0.35885416666666664 0.03 0.01875
6 0.4625 0.35885416666666664 0.03 0.01875
6 0.75 0.2328125 0.4683333333333333 0.15625
13 0.75 0.325 0.4683333333333333 0.028125
6 0.5458333333333333 0.35885416666666664 0.06 0.0375
6 0.8425 0.35885416666666664 0.03 0.01875
6 0.8725 0.35885416666666664 0.03 0.01875
6 0.9025 0.35885416666666664 0.03 0.01875
6 0.9325 0.35885416666666664 0.03 0.01875
6 0.9625 0.35885416666666664 0.03 0.01875
6 0.25 0.4796875 0.4683333333333333 0.15625
13 0.25 0.571875 0.4683333333333333 0.028125
6 0.04583333333333333 0.6057291666666667 0.06 0.0375
6 0.3725 0.6057291666666667 0.03 0.01875
6 0.4025 0.6057291666666667 0.03 0.01875
6 0.4325 0.6057291666666667 0.03 0.01875
6 0.4625 0.6057291666666667 0.03 0.01875
6 0.25 0.7265625 0.4683333333333333 0.15625
13 0.25 0.81875 0.4683333333333333 0.028125
6 0.04583333333333333 0.8526041666666667 0.06 0.0375
6 0.4025 0.8526041666666667 0.03 0.01875
6 0.4325 0.8526041666666667 0.03 0.01875
6 0.4625 0.8526041666666667 0.03 0.01875
6 0.75 0.4796875 0.4683333333333333 0.15625
13 0.75 0.58046875 0.4683333333333333 0.0453125
6 0.5458333333333333 0.6229166666666667 0.06 0.0375
6 0.8425 0.6229166666666667 0.03 0.01875
6 0.8725 0.6229166666666667 0.03 0.01875
6 0.9025 0.6229166666666667 0.03 0.01875
6 0.9325 0.6229166666666667 0.03 0.01875
6 0.9625 0.6229166666666667 0.03 0.01875
6 0.25 0.94765625 0.4683333333333333 0.1046875
6 0.75 0.74375 0.4683333333333333 0.15625
13 0.75 0.8359375 0.4683333333333333 0.028125
6 0.5458333333333333 0.8697916666666666 0.06 0.0375
6 0.9025 0.8697916666666666 0.03 0.01875
6 0.9325 0.8697916666666666 0.03 0.01875
6 0.9625 0.8697916666666666 0.03 0.01875
6 0.75 0.95625 0.4683333333333333 0.0875
5 0.925 0.9125 0.15 0.11458333333333333