0 0.5015625 0.40390625 0.81640625 0.0625
0 0.50078125 0.56484375 0.3921875 0.05234375
1 0.12421875 0.33046875 0.05234375 0.03203125
3 0.4953125 0.19140625 0.79765625 0.053125
3 0.4984375 0.27421875 0.79453125 0.053125
13 0.59296875 0.07734375 0.26171875 0.04609375
6 0.359375 0.075 0.18203125 0.05390625
13 0.49765625 0.89765625 0.9234375 0.0859375
13 0.5421875 0.75625 0.33359375 0.0296875
13 0.49921875 0.6484375 0.09296875 0.0234375
13 0.5015625 0.45625 0.36953125 0.02109375
6 0.3234375 0.75703125 0.078125 0.03984375