0 0.5016666666666667 0.4041666666666667 0.8166666666666667 0.0625
0 0.5004166666666666 0.5651041666666666 0.3925 0.052083333333333336
1 0.12458333333333334 0.33046875 0.0525 0.03177083333333333
3 0.49541666666666667 0.19114583333333332 0.7975 0.053125
3 0.49875 0.27447916666666666 0.7941666666666667 0.053125
13 0.5933333333333334 0.07708333333333334 0.26166666666666666 0.04583333333333333
6 0.3591666666666667 0.075 0.18166666666666667 0.05416666666666667
13 0.4975 0.89765625 0.9233333333333333 0.0859375
13 0.5425 0.7565104166666666 0.3333333333333333 0.0296875
13 0.49916666666666665 0.6481770833333333 0.09333333333333334 0.0234375
13 0.50125 0.45598958333333334 0.36916666666666664 0.021354166666666667
6 0.3233333333333333 0.7572916666666667 0.07833333333333334 0.03958333333333333