13 0.46640625 0.059375 0.853125 0.0234375
13 0.946875 0.059375 0.0796875 0.05
6 0.5 0.21875 0.153125 0.15625
13 0.5 0.34140625 0.946875 0.02578125
13 0.5 0.384375 0.946875 0.01875
0 0.5 0.43125 0.41640625 0.04375
6 0.1 0.9171875 0.03359375 0.02109375
13 0.1 0.93671875 0.16015625 0.01328125
6 0.3 0.9171875 0.03359375 0.02109375
13 0.3 0.93671875 0.16015625 0.01328125
6 0.5 0.9171875 0.03359375 0.02109375
13 0.5 0.93671875 0.16015625 0.01328125
6 0.7 0.9171875 0.03359375 0.02109375
13 0.7 0.93671875 0.16015625 0.01328125
6 0.9 0.9171875 0.03359375 0.02109375
13 0.9 0.93671875 0.16015625 0.01328125