13 0.4666666666666667 0.05911458333333333 0.8533333333333334 0.0234375
13 0.9466666666666667 0.059375 0.08 0.05
6 0.5 0.21875 0.15333333333333332 0.15625
13 0.5 0.3411458333333333 0.9466666666666667 0.026041666666666668
13 0.5 0.384375 0.9466666666666667 0.01875
0 0.5 0.43125 0.4166666666666667 0.04375
6 0.1 0.9171875 0.03333333333333333 0.020833333333333332
13 0.1 0.9364583333333333 0.16 0.013541666666666667
6 0.3 0.9171875 0.03333333333333333 0.020833333333333332
13 0.3 0.9364583333333333 0.16 0.013541666666666667
6 0.5 0.9171875 0.03333333333333333 0.020833333333333332
13 0.5 0.9364583333333333 0.16 0.013541666666666667
6 0.7 0.9171875 0.03333333333333333 0.020833333333333332
13 0.7 0.9364583333333333 0.16 0.013541666666666667
6 0.9 0.9171875 0.03333333333333333 0.020833333333333332
13 0.9 0.9364583333333333 0.16 0.013541666666666667