13 0.4979166666666667 0.30755208333333334 0.19583333333333333 0.0265625
13 0.31 0.47213541666666664 0.23166666666666666 0.027604166666666666
13 0.3304166666666667 0.5377604166666666 0.2725 0.0359375
13 0.2975 0.6127604166666667 0.18333333333333332 0.03697916666666667
13 0.19208333333333333 0.05963541666666667 0.11583333333333333 0.03802083333333333
5 0.06666666666666667 0.06015625 0.065 0.030729166666666665
6 0.49333333333333335 0.23854166666666668 0.16666666666666666 0.09270833333333334
0 0.49625 0.9057291666666667 0.12916666666666668 0.046875
6 0.11 0.4703125 0.09333333333333334 0.04583333333333333
6 0.10416666666666667 0.5375 0.08666666666666667 0.05
6 0.11166666666666666 0.603125 0.08333333333333333 0.052083333333333336