13 0.5 0.3125 0.8234375 0.02265625
0 0.12890625 0.43515625 0.10703125 0.06875
3 0.12890625 0.49453125 0.10703125 0.05
0 0.12890625 0.55390625 0.10703125 0.06875
0 0.2625 0.43515625 0.10703125 0.06875
3 0.2625 0.49453125 0.10703125 0.05
0 0.2625 0.55390625 0.10703125 0.06875
0 0.39609375 0.43515625 0.10703125 0.06875
3 0.39609375 0.49453125 0.10703125 0.05
0 0.39609375 0.55390625 0.10703125 0.06875
13 0.70625 0.3703125 0.1375 0.04296875
13 0.53046875 0.4015625 0.05 0.01796875
13 0.58046875 0.4015625 0.05 0.01953125
13 0.63046875 0.4015625 0.05 0.01953125
13 0.68046875 0.4015625 0.05 0.01953125
13 0.73046875 0.4015625 0.05 0.01953125
13 0.78046875 0.4015625 0.05 0.01953125
13 0.83125 0.4015625 0.05078125 0.01953125
13 0.88203125 0.4015625 0.05078125 0.01953125
6 0.70703125 0.41796875 0.40859375 0.00078125
0 0.5 0.66796875 0.8765625 0.05625