13 0.710625 0.214453125 0.55625 0.08828125
13 0.479375 0.309375 0.95125 0.0359375
13 0.4825 0.420703125 0.945 0.10859375
13 0.533125 0.598828125 0.88375 0.10546875
13 0.473125 0.805078125 0.92875 0.07734375
13 0.503125 0.9109375 0.12125 0.0390625
5 0.09875 0.912890625 0.105 0.05546875
5 0.303125 0.913671875 0.10875 0.04609375
5 0.699375 0.912890625 0.08625 0.05703125
5 0.9 0.912109375 0.09 0.05703125
5 0.07125 0.0640625 0.085 0.040625
5 0.796875 0.06015625 0.08375 0.059375
5 0.931875 0.061328125 0.08875 0.05703125
13 0.363125 0.06328125 0.45875 0.0390625