13 0.5 0.31276041666666665 0.8233333333333334 0.022395833333333334
0 0.12916666666666668 0.4348958333333333 0.10666666666666667 0.06875
3 0.12916666666666668 0.4942708333333333 0.10666666666666667 0.05
0 0.12916666666666668 0.5536458333333333 0.10666666666666667 0.06875
0 0.2625 0.4348958333333333 0.10666666666666667 0.06875
3 0.2625 0.4942708333333333 0.10666666666666667 0.05
0 0.2625 0.5536458333333333 0.10666666666666667 0.06875
0 0.3958333333333333 0.4348958333333333 0.10666666666666667 0.06875
3 0.3958333333333333 0.4942708333333333 0.10666666666666667 0.05
0 0.3958333333333333 0.5536458333333333 0.10666666666666667 0.06875
13 0.70625 0.37005208333333334 0.1375 0.043229166666666666
13 0.5308333333333334 0.4015625 0.05 0.017708333333333333
13 0.5808333333333333 0.4015625 0.05 0.019791666666666666
13 0.6308333333333334 0.4015625 0.05 0.019791666666666666
13 0.6808333333333333 0.4015625 0.05 0.019791666666666666
13 0.7308333333333333 0.4015625 0.05 0.019791666666666666
13 0.7808333333333334 0.4015625 0.05 0.019791666666666666
13 0.83125 0.4015625 0.050833333333333335 0.019791666666666666
13 0.8820833333333333 0.4015625 0.050833333333333335 0.019791666666666666
6 0.7066666666666667 0.41822916666666665 0.4083333333333333 0.0010416666666666667
0 0.5 0.6682291666666667 0.8766666666666667 0.05625