13 0.7109375 0.2140625 0.55625 0.08828125
13 0.4796875 0.309375 0.9515625 0.0359375
13 0.4828125 0.4203125 0.9453125 0.10859375
13 0.5328125 0.5984375 0.88359375 0.10546875
13 0.4734375 0.8046875 0.92890625 0.07734375
13 0.503125 0.9109375 0.12109375 0.0390625
5 0.0984375 0.9125 0.1046875 0.05546875
5 0.303125 0.9140625 0.10859375 0.04609375
5 0.69921875 0.9125 0.0859375 0.05703125
5 0.9 0.9125 0.08984375 0.05703125
5 0.07109375 0.0640625 0.08515625 0.040625
5 0.796875 0.06015625 0.08359375 0.059375
5 0.93203125 0.0609375 0.0890625 0.05703125
13 0.36328125 0.06328125 0.45859375 0.0390625