5 0.06015625 0.059375 0.09296875 0.06640625
6 0.2234375 0.059375 0.23359375 0.03046875
13 0.86640625 0.059375 0.0796875 0.05
13 0.946875 0.059375 0.0796875 0.05
13 0.115625 0.11796875 0.23046875 0.05
13 0.33984375 0.11796875 0.21796875 0.05
13 0.56875 0.11796875 0.2390625 0.05
13 0.84375 0.1171875 0.3125 0.05
6 0.8 0.103125 0.0484375 0.01015625
13 0.16796875 0.17734375 0.2703125 0.01953125
13 0.15859375 0.22265625 0.31640625 0.0453125
13 0.15859375 0.26796875 0.31640625 0.0453125
13 0.15859375 0.31328125 0.31640625 0.0453125
13 0.16796875 0.37109375 0.2703125 0.01953125
13 0.15859375 0.415625 0.31640625 0.0453125
13 0.15859375 0.4609375 0.31640625 0.0453125
13 0.15859375 0.50625 0.31640625 0.0453125
13 0.15859375 0.5515625 0.31640625 0.0453125
13 0.15859375 0.596875 0.31640625 0.0453125
13 0.15859375 0.6421875 0.31640625 0.0453125
13 0.15859375 0.6875 0.31640625 0.0453125
13 0.15859375 0.7328125 0.31640625 0.0453125
13 0.15859375 0.778125 0.31640625 0.0453125
13 0.15859375 0.8234375 0.31640625 0.0453125
13 0.15859375 0.86875 0.31640625 0.0453125
13 0.15859375 0.9140625 0.31640625 0.0453125
13 0.15859375 0.959375 0.31640625 0.0453125
13 0.41484375 0.16953125 0.1390625 0.05390625
6 0.44921875 0.28125 0.17265625 0.16171875
13 0.4078125 0.3734375 0.08828125 0.01484375
13 0.415625 0.38671875 0.1046875 0.01484375
6 0.65859375 0.28125 0.171875 0.1609375
13 0.65859375 0.37890625 0.171875 0.02734375
13 0.615625 0.3984375 0.08671875 0.01484375
6 0.8671875 0.28125 0.17265625 0.16171875
13 0.8640625 0.3734375 0.165625 0.01484375
13 0.82421875 0.38671875 0.08671875 0.01484375
6 0.44921875 0.51953125 0.17265625 0.16171875
13 0.4484375 0.61171875 0.17109375 0.01484375
13 0.4109375 0.625 0.09609375 0.01484375
6 0.65859375 0.51953125 0.171875 0.1609375
13 0.65859375 0.61796875 0.171875 0.02734375
13 0.615625 0.63671875 0.08671875 0.01484375
6 0.8671875 0.51953125 0.17265625 0.16171875
13 0.85546875 0.61171875 0.15 0.01484375
13 0.82421875 0.625 0.08671875 0.01484375
6 0.44921875 0.75859375 0.17265625 0.16171875
13 0.421875 0.85078125 0.1171875 0.01484375
13 0.40703125 0.86328125 0.08671875 0.01484375
6 0.65859375 0.7578125 0.171875 0.1609375
13 0.65859375 0.85625 0.171875 0.0265625
13 0.615625 0.875 0.08671875 0.01484375
6 0.8671875 0.75859375 0.17265625 0.16171875
13 0.8203125 0.85078125 0.07890625 0.01484375
13 0.82421875 0.86328125 0.08671875 0.01484375
6 0.44921875 0.9578125 0.17265625 0.08359375
6 0.65859375 0.9578125 0.171875 0.08359375
6 0.8671875 0.9578125 0.17265625 0.08359375