5 0.06 0.059375 0.09333333333333334 0.06666666666666667
6 0.22333333333333333 0.059375 0.23333333333333334 0.030208333333333334
13 0.8666666666666667 0.059375 0.08 0.05
13 0.9466666666666667 0.059375 0.08 0.05
13 0.11541666666666667 0.11770833333333333 0.23083333333333333 0.05
13 0.34 0.11770833333333333 0.21833333333333332 0.05
13 0.56875 0.11770833333333333 0.23916666666666667 0.05
13 0.8441666666666666 0.11770833333333333 0.31166666666666665 0.05
6 0.8 0.103125 0.04833333333333333 0.010416666666666666
13 0.16833333333333333 0.17760416666666667 0.27 0.019791666666666666
13 0.15833333333333333 0.22265625 0.31666666666666665 0.0453125
13 0.15833333333333333 0.26796875 0.31666666666666665 0.0453125
13 0.15833333333333333 0.31328125 0.31666666666666665 0.0453125
13 0.16833333333333333 0.37083333333333335 0.27 0.019791666666666666
13 0.15833333333333333 0.4158854166666667 0.31666666666666665 0.0453125
13 0.15833333333333333 0.46119791666666665 0.31666666666666665 0.0453125
13 0.15833333333333333 0.5065104166666666 0.31666666666666665 0.0453125
13 0.15833333333333333 0.5518229166666667 0.31666666666666665 0.0453125
13 0.15833333333333333 0.5971354166666667 0.31666666666666665 0.0453125
13 0.15833333333333333 0.6424479166666667 0.31666666666666665 0.0453125
13 0.15833333333333333 0.6877604166666667 0.31666666666666665 0.0453125
13 0.15833333333333333 0.7330729166666666 0.31666666666666665 0.0453125
13 0.15833333333333333 0.7783854166666667 0.31666666666666665 0.0453125
13 0.15833333333333333 0.8236979166666667 0.31666666666666665 0.0453125
13 0.15833333333333333 0.8690104166666667 0.31666666666666665 0.0453125
13 0.15833333333333333 0.9143229166666667 0.31666666666666665 0.0453125
13 0.15833333333333333 0.9596354166666666 0.31666666666666665 0.0453125
13 0.41458333333333336 0.16953125 0.13916666666666666 0.05364583333333333
6 0.44958333333333333 0.28125 0.1725 0.16145833333333334
13 0.4075 0.3734375 0.08833333333333333 0.014583333333333334
13 0.41583333333333333 0.38645833333333335 0.105 0.014583333333333334
6 0.6583333333333333 0.28098958333333335 0.17166666666666666 0.1609375
13 0.6583333333333333 0.37916666666666665 0.17166666666666666 0.027083333333333334
13 0.6158333333333333 0.3984375 0.08666666666666667 0.014583333333333334
6 0.8670833333333333 0.28125 0.1725 0.16145833333333334
13 0.86375 0.3734375 0.16583333333333333 0.014583333333333334
13 0.8241666666666667 0.38645833333333335 0.08666666666666667 0.014583333333333334
6 0.44958333333333333 0.5197916666666667 0.1725 0.16145833333333334
13 0.44875 0.6119791666666666 0.17083333333333334 0.014583333333333334
13 0.41125 0.625 0.09583333333333334 0.014583333333333334
6 0.6583333333333333 0.51953125 0.17166666666666666 0.1609375
13 0.6583333333333333 0.6177083333333333 0.17166666666666666 0.027083333333333334
13 0.6158333333333333 0.6369791666666667 0.08666666666666667 0.014583333333333334
6 0.8670833333333333 0.5197916666666667 0.1725 0.16145833333333334
13 0.8558333333333333 0.6119791666666666 0.15 0.014583333333333334
13 0.8241666666666667 0.625 0.08666666666666667 0.014583333333333334
6 0.44958333333333333 0.7583333333333333 0.1725 0.16145833333333334
13 0.4220833333333333 0.8505208333333333 0.1175 0.014583333333333334
13 0.4066666666666667 0.8635416666666667 0.08666666666666667 0.014583333333333334
6 0.6583333333333333 0.7580729166666667 0.17166666666666666 0.1609375
13 0.6583333333333333 0.8559895833333333 0.17166666666666666 0.0265625
13 0.6158333333333333 0.875 0.08666666666666667 0.014583333333333334
6 0.8670833333333333 0.7583333333333333 0.1725 0.16145833333333334
13 0.8204166666666667 0.8505208333333333 0.07916666666666666 0.014583333333333334
13 0.8241666666666667 0.8635416666666667 0.08666666666666667 0.014583333333333334
6 0.44958333333333333 0.9580729166666667 0.1725 0.08385416666666666
6 0.6583333333333333 0.9580729166666667 0.17166666666666666 0.08385416666666666
6 0.8670833333333333 0.9580729166666667 0.1725 0.08385416666666666