13 0.26328125 0.059375 0.1609375 0.025
13 0.73671875 0.059375 0.1359375 0.025
3 0.5 0.12734375 0.946875 0.05234375
3 0.5 0.17734375 0.946875 0.04765625
13 0.128125 0.24921875 0.18984375 0.01953125
6 0.0484375 0.28515625 0.0296875 0.01875
0 0.48828125 0.284375 0.85 0.05
6 0.94296875 0.28671875 0.06015625 0.0375
13 0.0875 0.32734375 0.10859375 0.01953125
6 0.0484375 0.35546875 0.0296875 0.01875
0 0.48828125 0.3546875 0.85 0.05
6 0.94296875 0.35703125 0.06015625 0.0375
6 0.0484375 0.42578125 0.0296875 0.01875
0 0.1453125 0.425 0.1640625 0.05
6 0.94296875 0.42734375 0.06015625 0.0375
13 0.0859375 0.39765625 0.10546875 0.01953125
6 0.0484375 0.49609375 0.0296875 0.01875
0 0.48515625 0.4953125 0.84296875 0.05
6 0.94296875 0.49765625 0.06015625 0.0375
13 0.09921875 0.46796875 0.1328125 0.01953125
13 0.09921875 0.53828125 0.13203125 0.01953125
6 0.0484375 0.5640625 0.0296875 0.01875
11 0.290625 0.5625 0.4546875 0.0359375
13 0.27734375 0.5625 0.428125 0.0359375
13 0.10546875 0.62421875 0.0578125 0.01953125
3 0.1671875 0.6234375 0.06640625 0.04765625
5 0.240625 0.60078125 0.0796875 0.04609375
5 0.240625 0.646875 0.0796875 0.04609375
13 0.31640625 0.62421875 0.0578125 0.01953125
13 0.09140625 0.68828125 0.115625 0.01953125
6 0.0484375 0.71640625 0.0296875 0.01875
0 0.48828125 0.71484375 0.85 0.05
6 0.94296875 0.7171875 0.06015625 0.0375
13 0.08203125 0.75859375 0.09765625 0.01953125
6 0.0484375 0.78671875 0.0296875 0.01875
0 0.48828125 0.78515625 0.85 0.05
6 0.94296875 0.7875 0.06015625 0.0375
13 0.06015625 0.82890625 0.05390625 0.01953125
6 0.0703125 0.86171875 0.06015625 0.0375
6 0.94296875 0.86171875 0.06015625 0.0375
13 0.4578125 0.909375 0.86171875 0.02578125
12 0.93046875 0.91171875 0.08515625 0.028125