13 0.2629166666666667 0.059375 0.16083333333333333 0.025
13 0.7370833333333333 0.059375 0.13583333333333333 0.025
3 0.5 0.12734375 0.9466666666666667 0.05260416666666667
3 0.5 0.17734375 0.9466666666666667 0.04739583333333333
13 0.12833333333333333 0.24895833333333334 0.19 0.019791666666666666
6 0.04833333333333333 0.28541666666666665 0.03 0.01875
0 0.48833333333333334 0.284375 0.85 0.05
6 0.9433333333333334 0.2864583333333333 0.06 0.0375
13 0.0875 0.32760416666666664 0.10833333333333334 0.019791666666666666
6 0.04833333333333333 0.35572916666666665 0.03 0.01875
0 0.48833333333333334 0.3546875 0.85 0.05
6 0.9433333333333334 0.3567708333333333 0.06 0.0375
6 0.04833333333333333 0.42604166666666665 0.03 0.01875
0 0.14541666666666667 0.425 0.16416666666666666 0.05
6 0.9433333333333334 0.4270833333333333 0.06 0.0375
13 0.08625 0.39791666666666664 0.10583333333333333 0.019791666666666666
6 0.04833333333333333 0.49635416666666665 0.03 0.01875
0 0.485 0.4953125 0.8433333333333334 0.05
6 0.9433333333333334 0.4973958333333333 0.06 0.0375
13 0.09958333333333333 0.46822916666666664 0.1325 0.019791666666666666
13 0.09916666666666667 0.5385416666666667 0.13166666666666665 0.019791666666666666
6 0.04833333333333333 0.5640625 0.03 0.01875
11 0.29083333333333333 0.5627604166666667 0.455 0.0359375
13 0.2775 0.5627604166666667 0.42833333333333334 0.0359375
13 0.10541666666666667 0.6239583333333333 0.0575 0.019791666666666666
3 0.1675 0.6236979166666666 0.06666666666666667 0.04739583333333333
5 0.24083333333333334 0.6010416666666667 0.08 0.04583333333333333
5 0.24083333333333334 0.646875 0.08 0.04583333333333333
13 0.31625 0.6239583333333333 0.0575 0.019791666666666666
13 0.09125 0.6880208333333333 0.11583333333333333 0.019791666666666666
6 0.04833333333333333 0.7161458333333334 0.03 0.01875
0 0.48833333333333334 0.7151041666666667 0.85 0.05
6 0.9433333333333334 0.7171875 0.06 0.0375
13 0.08208333333333333 0.7583333333333333 0.0975 0.019791666666666666
6 0.04833333333333333 0.7864583333333334 0.03 0.01875
0 0.48833333333333334 0.7854166666666667 0.85 0.05
6 0.9433333333333334 0.7875 0.06 0.0375
13 0.06041666666666667 0.8286458333333333 0.05416666666666667 0.019791666666666666
6 0.07 0.8614583333333333 0.06 0.0375
6 0.9433333333333334 0.8614583333333333 0.06 0.0375
13 0.4575 0.9096354166666667 0.8616666666666667 0.025520833333333333
12 0.9308333333333333 0.9114583333333334 0.085 0.028125