6 0.046875 0.05546875 0.09296875 0.05859375
3 0.50703125 0.05546875 0.7734375 0.05
5 0.96015625 0.05546875 0.0796875 0.05859375
5 0.03984375 0.57421875 0.0796875 0.05
3 0.4703125 0.57421875 0.7796875 0.02890625
5 0.88984375 0.57421875 0.046875 0.02890625
5 0.96015625 0.57421875 0.0796875 0.05
6 0.0625 0.64921875 0.05 0.03125
6 0.1875 0.64921875 0.05 0.03125
6 0.3125 0.64921875 0.05 0.03125
6 0.4375 0.64921875 0.05 0.03125
6 0.5625 0.64921875 0.05 0.03125
6 0.6875 0.64921875 0.05 0.03125
6 0.8125 0.64921875 0.05 0.03125
6 0.9375 0.64921875 0.05 0.03125
6 0.0625 0.71640625 0.05 0.03125
6 0.1875 0.71640625 0.05 0.03125
6 0.3125 0.71640625 0.05 0.03125
6 0.4375 0.71640625 0.05 0.03125
6 0.5625 0.71640625 0.05 0.03125
6 0.6875 0.71640625 0.05 0.03125
6 0.8125 0.71640625 0.05 0.03125
6 0.9375 0.71640625 0.05 0.03125
6 0.0625 0.784375 0.05 0.03125
6 0.1875 0.784375 0.05 0.03125
6 0.3125 0.784375 0.05 0.03125
6 0.4375 0.784375 0.05 0.03125
6 0.5625 0.784375 0.05 0.03125
6 0.6875 0.784375 0.05 0.03125
6 0.8125 0.784375 0.05 0.03125
6 0.9375 0.784375 0.05 0.03125
6 0.0625 0.85234375 0.05 0.03125
6 0.1875 0.85234375 0.05 0.03125
6 0.3125 0.85234375 0.05 0.03125
6 0.4375 0.85234375 0.05 0.03125
6 0.5625 0.85234375 0.05 0.03125
6 0.6875 0.85234375 0.05 0.03125
6 0.8125 0.85234375 0.05 0.03125
6 0.9375 0.85234375 0.05 0.03125
6 0.48828125 0.9078125 0.00703125 0.00390625
6 0.503125 0.9078125 0.00703125 0.00390625
6 0.05 0.93203125 0.05 0.03125
6 0.15078125 0.93203125 0.05 0.03125
6 0.2515625 0.93203125 0.05 0.03125
6 0.35234375 0.93203125 0.05 0.03125
6 0.88515625 0.93203125 0.01640625 0.01015625
6 0.94921875 0.93203125 0.05 0.03125
6 0.9796875 0.9265625 0.0390625 0.02421875