6 0.5 0.24505208333333334 1 0.3046875
6 0.5 0.24479166666666666 0.17666666666666667 0.11041666666666666
6 0.17333333333333334 0.5057291666666667 0.26666666666666666 0.16666666666666666
13 0.6533333333333333 0.44114583333333335 0.6133333333333333 0.03958333333333333
13 0.3858333333333333 0.47213541666666664 0.07833333333333334 0.022395833333333334
6 0.36 0.49635416666666665 0.02666666666666667 0.016666666666666666
13 0.43833333333333335 0.49661458333333336 0.11 0.022395833333333334
0 0.835 0.5690104166666666 0.25 0.03802083333333333
13 0.14958333333333335 0.603125 0.21916666666666668 0.019791666666666666
13 0.89125 0.603125 0.1375 0.019791666666666666
13 0.26 0.6721354166666667 0.045 0.0296875
13 0.26 0.69921875 0.07833333333333334 0.013020833333333334
13 0.26 0.7239583333333334 0.14666666666666667 0.026041666666666668
0 0.42 0.6854166666666667 0.14666666666666667 0.103125
13 0.42 0.6658854166666667 0.058333333333333334 0.033854166666666664
13 0.41041666666666665 0.7239583333333334 0.06916666666666667 0.026041666666666668
6 0.45666666666666667 0.7286458333333333 0.013333333333333334 0.008333333333333333
0 0.58 0.6854166666666667 0.14666666666666667 0.103125
6 0.58 0.6723958333333333 0.12333333333333334 0.07708333333333334
13 0.58 0.7239583333333334 0.14666666666666667 0.026041666666666668
0 0.74 0.6854166666666667 0.14666666666666667 0.103125
6 0.74 0.6723958333333333 0.12333333333333334 0.07708333333333334
13 0.74 0.7239583333333334 0.14666666666666667 0.026041666666666668
13 0.5 0.80234375 1 0.07239583333333334
13 0.5 0.8528645833333334 1 0.028645833333333332
6 0.1125 0.9440104166666666 0.225 0.11197916666666667
6 0.3441666666666667 0.9440104166666666 0.225 0.11197916666666667
6 0.5758333333333333 0.9432291666666667 0.225 0.11354166666666667
6 0.8075 0.9432291666666667 0.225 0.11354166666666667
6 0.9633333333333334 0.9440104166666666 0.07333333333333333 0.11197916666666667
5 0.04666666666666667 0.059375 0.09333333333333334 0.06666666666666667
6 0.22166666666666668 0.059375 0.25666666666666665 0.025
13 0.96 0.059375 0.08 0.05