5 0.046875 0.05546875 0.09296875 0.05859375
13 0.18359375 0.05546875 0.1671875 0.028125
13 0.25 0.109375 0.5 0.05
13 0.75 0.109375 0.5 0.05
6 0.5 0.290625 1 0.3125
6 0.5 0.290625 1 0.3125
13 0.5 0.47265625 1 0.05234375
6 0.24921875 0.57890625 0.4984375 0.15546875
6 0.24921875 0.57890625 0.4984375 0.15546875
6 0.75078125 0.57890625 0.4984375 0.15546875
6 0.75078125 0.57890625 0.4984375 0.15546875
6 0.24921875 0.73671875 0.4984375 0.15546875
6 0.24921875 0.73671875 0.4984375 0.15546875
6 0.75078125 0.73671875 0.4984375 0.15546875
6 0.75078125 0.73671875 0.4984375 0.15546875
6 0.24921875 0.89453125 0.4984375 0.15546875
6 0.24921875 0.89453125 0.4984375 0.15546875
6 0.75078125 0.89453125 0.4984375 0.15546875
6 0.75078125 0.89453125 0.4984375 0.15546875
6 0.9265625 0.85234375 0.09296875 0.05859375