5 0.04666666666666667 0.05520833333333333 0.09333333333333334 0.058333333333333334
13 0.18375 0.05520833333333333 0.1675 0.028125
13 0.25 0.109375 0.5 0.05
13 0.75 0.109375 0.5 0.05
6 0.5 0.290625 1 0.3125
6 0.5 0.290625 1 0.3125
13 0.5 0.47291666666666665 1 0.052083333333333336
6 0.24916666666666668 0.57890625 0.49833333333333335 0.15572916666666667
6 0.24916666666666668 0.57890625 0.49833333333333335 0.15572916666666667
6 0.7508333333333334 0.57890625 0.49833333333333335 0.15572916666666667
6 0.7508333333333334 0.57890625 0.49833333333333335 0.15572916666666667
6 0.24916666666666668 0.73671875 0.49833333333333335 0.15572916666666667
6 0.24916666666666668 0.73671875 0.49833333333333335 0.15572916666666667
6 0.7508333333333334 0.73671875 0.49833333333333335 0.15572916666666667
6 0.7508333333333334 0.73671875 0.49833333333333335 0.15572916666666667
6 0.24916666666666668 0.89453125 0.49833333333333335 0.15572916666666667
6 0.24916666666666668 0.89453125 0.49833333333333335 0.15572916666666667
6 0.7508333333333334 0.89453125 0.49833333333333335 0.15572916666666667
6 0.7508333333333334 0.89453125 0.49833333333333335 0.15572916666666667
6 0.9266666666666666 0.8520833333333333 0.09333333333333334 0.058333333333333334