1 0.4975 0.92734375 0.97 0.05625
6 0.5075 0.297265625 0.7825 0.49296875
6 0.34875 0.796484375 0.0575 0.03515625
6 0.638125 0.794921875 0.07125 0.03203125
6 0.07125 0.7984375 0.07 0.0359375
13 0.21375 0.573046875 0.41 0.03828125
13 0.9325 0.58046875 0.085 0.053125
13 0.111875 0.641015625 0.18875 0.02109375
13 0.380625 0.705859375 0.62125 0.03046875
13 0.643125 0.855859375 0.12875 0.02734375
13 0.356875 0.85546875 0.13625 0.0296875
5 0.041875 0.058203125 0.07125 0.04609375
5 0.94125 0.05390625 0.075 0.04375