6 0.5 0.2453125 1 0.3046875
6 0.1734375 0.50546875 0.26640625 0.16640625
13 0.63359375 0.45859375 0.5734375 0.07421875
6 0.93984375 0.43515625 0.03984375 0.025
13 0.3828125 0.50625 0.071875 0.02265625
6 0.36015625 0.53046875 0.0265625 0.01640625
13 0.43828125 0.53125 0.11015625 0.02265625
0 0.83515625 0.6328125 0.25 0.03828125
13 0.14921875 0.6671875 0.21953125 0.01953125
13 0.89140625 0.6671875 0.1375 0.01953125
13 0.259375 0.7359375 0.0671875 0.0296875
13 0.26015625 0.76328125 0.1046875 0.01328125
13 0.26015625 0.78828125 0.146875 0.02578125
0 0.4203125 0.74921875 0.146875 0.103125
13 0.4203125 0.7296875 0.05859375 0.03359375
13 0.41015625 0.78828125 0.04765625 0.02578125
6 0.44609375 0.79296875 0.01328125 0.00859375
0 0.5796875 0.74921875 0.146875 0.103125
6 0.5796875 0.73671875 0.1234375 0.07734375
13 0.5796875 0.78828125 0.146875 0.02578125
0 0.73984375 0.74921875 0.146875 0.103125
6 0.73984375 0.73671875 0.1234375 0.07734375
13 0.73984375 0.78828125 0.146875 0.02578125
13 0.5 0.85234375 1 0.04453125
13 0.5 0.8890625 1 0.02890625
6 0.1125 0.96171875 0.225 0.07578125
6 0.34453125 0.96171875 0.225 0.07578125
6 0.57578125 0.96171875 0.225 0.07578125
6 0.8078125 0.96171875 0.225 0.07578125
5 0.046875 0.059375 0.09296875 0.06640625
6 0.221875 0.059375 0.25703125 0.025
13 0.96015625 0.059375 0.0796875 0.05