13 0.49765625 0.4015625 0.465625 0.0328125
13 0.49921875 0.3609375 0.1359375 0.0265625
13 0.3046875 0.44765625 0.20078125 0.0234375
13 0.3234375 0.50859375 0.2453125 0.0265625
13 0.2859375 0.56875 0.16015625 0.0203125
13 0.30078125 0.478125 0.18359375 0.0171875
0 0.68359375 0.684375 0.3671875 0.0671875
0 0.3140625 0.68359375 0.346875 0.06484375
0 0.828125 0.865625 0.1890625 0.03046875
0 0.9234375 0.92421875 0.12890625 0.04921875
13 0.2609375 0.059375 0.2703125 0.01640625
13 0.4984375 0.125 0.27890625 0.01796875
13 0.22421875 0.92421875 0.2546875 0.03515625
5 0.05234375 0.925 0.059375 0.03359375
5 0.0609375 0.059375 0.0578125 0.02890625
5 0.88203125 0.0609375 0.0421875 0.0296875
5 0.94453125 0.0609375 0.05234375 0.02578125
8 0.17265625 0.56953125 0.04921875 0.02734375
8 0.17421875 0.5359375 0.04609375 0.02890625
8 0.17578125 0.4765625 0.04765625 0.02890625
8 0.16953125 0.4421875 0.04609375 0.02890625
6 0.33828125 0.84921875 0.6359375 0.08671875