13 0.4979166666666667 0.40130208333333334 0.4658333333333333 0.0328125
13 0.4995833333333333 0.3606770833333333 0.13583333333333333 0.0265625
13 0.3045833333333333 0.44765625 0.20083333333333334 0.0234375
13 0.3233333333333333 0.50859375 0.245 0.0265625
13 0.28583333333333333 0.5690104166666666 0.16 0.0203125
13 0.30083333333333334 0.4783854166666667 0.18333333333333332 0.0171875
0 0.68375 0.6841145833333333 0.3675 0.0671875
0 0.31416666666666665 0.6838541666666667 0.3466666666666667 0.06458333333333334
0 0.8279166666666666 0.8658854166666666 0.18916666666666668 0.030729166666666665
0 0.92375 0.9239583333333333 0.12916666666666668 0.04895833333333333
13 0.2608333333333333 0.05911458333333333 0.27 0.016145833333333335
13 0.49875 0.12473958333333333 0.2791666666666667 0.018229166666666668
13 0.22416666666666665 0.92421875 0.255 0.034895833333333334
5 0.052083333333333336 0.9247395833333333 0.059166666666666666 0.033854166666666664
5 0.06125 0.05911458333333333 0.0575 0.028645833333333332
5 0.8820833333333333 0.06067708333333333 0.0425 0.0296875
5 0.9445833333333333 0.06067708333333333 0.0525 0.025520833333333333
8 0.17291666666666666 0.56953125 0.049166666666666664 0.027604166666666666
8 0.17458333333333334 0.5361979166666667 0.04583333333333333 0.028645833333333332
8 0.17541666666666667 0.47682291666666665 0.0475 0.028645833333333332
8 0.16958333333333334 0.44244791666666666 0.04583333333333333 0.028645833333333332
6 0.33791666666666664 0.84921875 0.6358333333333334 0.08697916666666666