5 0.04666666666666667 0.05520833333333333 0.09333333333333334 0.058333333333333334
13 0.18375 0.05520833333333333 0.1675 0.028125
13 0.25 0.109375 0.5 0.05
13 0.75 0.109375 0.5 0.05
6 0.5 0.30104166666666665 1 0.3125
13 0.16083333333333333 0.47213541666666664 0.2683333333333333 0.021354166666666667
6 0.9 0.4708333333333333 0.02666666666666667 0.016666666666666666
13 0.9466666666666667 0.4703125 0.05333333333333334 0.015625
13 0.052083333333333336 0.4947916666666667 0.050833333333333335 0.015625
6 0.5 0.6703125 1 0.3125
13 0.13125 0.84140625 0.20916666666666667 0.021354166666666667
6 0.9 0.8401041666666667 0.02666666666666667 0.016666666666666666
13 0.9466666666666667 0.8395833333333333 0.05333333333333334 0.015625
13 0.052083333333333336 0.8640625 0.050833333333333335 0.015625
6 0.5 0.9416666666666667 1 0.11666666666666667