13 0.30125 0.21744791666666666 0.1125 0.030729166666666665
13 0.6691666666666667 0.21796875 0.08 0.027604166666666666
13 0.6854166666666667 0.3419270833333333 0.10916666666666666 0.0265625
13 0.29625 0.34401041666666665 0.10916666666666666 0.0265625
13 0.24833333333333332 0.06328125 0.235 0.034895833333333334
13 0.49916666666666665 0.14713541666666666 0.27 0.024479166666666666
13 0.14208333333333334 0.11223958333333334 0.14416666666666667 0.024479166666666666
5 0.2579166666666667 0.9096354166666667 0.060833333333333336 0.03177083333333333
5 0.4816666666666667 0.9190104166666667 0.06833333333333333 0.028645833333333332
5 0.6391666666666667 0.9190104166666667 0.06333333333333334 0.0328125
5 0.8029166666666666 0.9184895833333333 0.060833333333333336 0.0296875
5 0.7945833333333333 0.05755208333333333 0.059166666666666666 0.033854166666666664
5 0.87 0.05911458333333333 0.06333333333333334 0.028645833333333332
5 0.9429166666666666 0.06015625 0.0525 0.028645833333333332
5 0.06375 0.05807291666666667 0.035833333333333335 0.024479166666666666
6 0.39125 0.21458333333333332 0.050833333333333335 0.042708333333333334
6 0.5875 0.21796875 0.06333333333333334 0.03802083333333333
6 0.3929166666666667 0.34140625 0.060833333333333336 0.034895833333333334
6 0.5879166666666666 0.3421875 0.05416666666666667 0.040625
13 0.4925 0.21640625 0.09666666666666666 0.024479166666666666
13 0.4925 0.33828125 0.10333333333333333 0.028645833333333332