5 0.046875 0.059375 0.09296875 0.05859375
13 0.20703125 0.059375 0.21328125 0.028125
13 0.96015625 0.059375 0.0796875 0.05
6 0.05078125 0.12421875 0.02890625 0.01875
13 0.55234375 0.1234375 0.88203125 0.02265625
6 0.05234375 0.196875 0.0515625 0.03671875
13 0.22578125 0.1859375 0.225 0.01953125
13 0.23828125 0.209375 0.24921875 0.0265625
0 0.8734375 0.19609375 0.19921875 0.05
13 0.5 0.29453125 0.946875 0.1
13 0.9453125 0.35390625 0.05703125 0.01953125
6 0.06796875 0.41640625 0.08359375 0.0421875
13 0.26328125 0.40625 0.2703125 0.02265625
13 0.4765625 0.42734375 0.696875 0.01953125
6 0.06796875 0.49921875 0.08359375 0.0375
13 0.2765625 0.4796875 0.29609375 0.02265625
13 0.55078125 0.5109375 0.8453125 0.0390625
6 0.06796875 0.58203125 0.08359375 0.03984375
13 0.1859375 0.57265625 0.115625 0.02265625
13 0.40390625 0.59375 0.55078125 0.01953125
6 0.06796875 0.665625 0.08359375 0.03671875
13 0.209375 0.64609375 0.16171875 0.02265625
13 0.55078125 0.6765625 0.8453125 0.0390625
13 0.5 0.73671875 1 0.05