5 0.04666666666666667 0.059375 0.09333333333333334 0.058333333333333334
13 0.20666666666666667 0.059375 0.21333333333333335 0.028125
13 0.96 0.059375 0.08 0.05
6 0.050416666666666665 0.12395833333333334 0.029166666666666667 0.01875
13 0.5525 0.12369791666666667 0.8816666666666667 0.022395833333333334
6 0.0525 0.19661458333333334 0.051666666666666666 0.03697916666666667
13 0.22583333333333333 0.1859375 0.225 0.019791666666666666
13 0.23791666666666667 0.20911458333333333 0.24916666666666668 0.0265625
0 0.87375 0.19635416666666666 0.19916666666666666 0.05
13 0.5 0.2942708333333333 0.9466666666666667 0.1
13 0.945 0.3541666666666667 0.056666666666666664 0.019791666666666666
6 0.06833333333333333 0.41640625 0.08333333333333333 0.0421875
13 0.2633333333333333 0.40651041666666665 0.27 0.022395833333333334
13 0.4766666666666667 0.4276041666666667 0.6966666666666667 0.019791666666666666
6 0.06833333333333333 0.49947916666666664 0.08333333333333333 0.0375
13 0.27625 0.47994791666666664 0.29583333333333334 0.022395833333333334
13 0.5508333333333333 0.5106770833333333 0.845 0.0390625
6 0.06833333333333333 0.5822916666666667 0.08333333333333333 0.03958333333333333
13 0.18625 0.57265625 0.11583333333333333 0.022395833333333334
13 0.40375 0.59375 0.5508333333333333 0.019791666666666666
6 0.06833333333333333 0.665625 0.08333333333333333 0.036458333333333336
13 0.20916666666666667 0.64609375 0.16166666666666665 0.022395833333333334
13 0.5508333333333333 0.6768229166666667 0.845 0.0390625
13 0.5 0.7369791666666666 1 0.05