5 0.06 0.05520833333333333 0.09333333333333334 0.058333333333333334
13 0.28458333333333335 0.05520833333333333 0.3025 0.028125
13 0.9270833333333334 0.05520833333333333 0.11916666666666667 0.05
13 0.1225 0.11041666666666666 0.18833333333333332 0.019791666666666666
6 0.815 0.11041666666666666 0.04 0.025
6 0.8833333333333333 0.11041666666666666 0.04 0.025
6 0.9516666666666667 0.11041666666666666 0.04 0.025
6 0.5 0.175 1 0.07708333333333334
6 0.125 0.296875 0.25 0.15625
13 0.59375 0.23828125 0.6608333333333334 0.022395833333333334
1 0.9554166666666667 0.24661458333333333 0.0625 0.0390625
13 0.28208333333333335 0.31640625 0.0375 0.0171875
6 0.125 0.4583333333333333 0.25 0.15625
13 0.59375 0.3997395833333333 0.6608333333333334 0.022395833333333334
1 0.9554166666666667 0.4080729166666667 0.0625 0.0390625
13 0.28208333333333335 0.4778645833333333 0.0375 0.0171875
6 0.125 0.6197916666666666 0.25 0.15625
13 0.59375 0.5611979166666666 0.6608333333333334 0.022395833333333334
1 0.9554166666666667 0.56953125 0.0625 0.0390625
13 0.28208333333333335 0.6393229166666666 0.0375 0.0171875
6 0.125 0.78125 0.25 0.15625
13 0.59375 0.7325520833333333 0.6608333333333334 0.0421875
1 0.9554166666666667 0.7309895833333333 0.0625 0.0390625
13 0.28208333333333335 0.80390625 0.0375 0.0171875
6 0.125 0.9322916666666666 0.25 0.13541666666666666
13 0.59375 0.8841145833333334 0.6608333333333334 0.022395833333333334
1 0.9554166666666667 0.8924479166666667 0.0625 0.0390625
6 0.1 0.9125 0.04 0.03333333333333333
13 0.1 0.9388020833333334 0.08333333333333333 0.019270833333333334
6 0.3 0.9125 0.04 0.03333333333333333
13 0.3 0.9388020833333334 0.08333333333333333 0.019270833333333334
6 0.5 0.9125 0.04 0.03333333333333333
13 0.5 0.9388020833333334 0.08333333333333333 0.019270833333333334
6 0.7 0.9125 0.04 0.03333333333333333
13 0.7 0.9388020833333334 0.08333333333333333 0.019270833333333334
6 0.9 0.9125 0.04 0.03333333333333333
13 0.9 0.9388020833333334 0.08333333333333333 0.019270833333333334