6 0.060833333333333336 0.05520833333333333 0.08 0.05
13 0.23708333333333334 0.054947916666666666 0.25916666666666666 0.025520833333333333
13 0.19958333333333333 0.10911458333333333 0.06583333333333333 0.0171875
13 0.50125 0.10911458333333333 0.0625 0.0171875
13 0.8033333333333333 0.10911458333333333 0.056666666666666664 0.0171875
13 0.2775 0.17786458333333333 0.06833333333333333 0.022395833333333334
13 0.36125 0.17786458333333333 0.09916666666666667 0.022395833333333334
13 0.2775 0.21067708333333332 0.06833333333333333 0.022395833333333334
13 0.36125 0.21067708333333332 0.09916666666666667 0.022395833333333334
13 0.2775 0.23828125 0.06833333333333333 0.022395833333333334
13 0.36125 0.23828125 0.09916666666666667 0.022395833333333334
13 0.5041666666666667 0.5122395833333333 0.9383333333333334 0.022395833333333334
13 0.5041666666666667 0.54296875 0.9383333333333334 0.022395833333333334
13 0.5041666666666667 0.5736979166666667 0.9383333333333334 0.022395833333333334
0 0.5 0.825 0.8666666666666667 0.05