6 0.0609375 0.05546875 0.0796875 0.05
13 0.23671875 0.0546875 0.259375 0.02578125
13 0.19921875 0.109375 0.065625 0.0171875
13 0.5015625 0.109375 0.0625 0.0171875
13 0.803125 0.109375 0.05703125 0.0171875
13 0.27734375 0.178125 0.06796875 0.02265625
13 0.3609375 0.178125 0.09921875 0.02265625
13 0.27734375 0.2109375 0.06796875 0.02265625
13 0.3609375 0.2109375 0.09921875 0.02265625
13 0.27734375 0.23828125 0.06796875 0.02265625
13 0.3609375 0.23828125 0.09921875 0.02265625
13 0.50390625 0.5125 0.93828125 0.02265625
13 0.50390625 0.54296875 0.93828125 0.02265625
13 0.50390625 0.5734375 0.93828125 0.02265625
0 0.5 0.825 0.86640625 0.05