6 0.04666666666666667 0.05520833333333333 0.09333333333333334 0.058333333333333334
13 0.17208333333333334 0.059375 0.10416666666666667 0.028125
6 0.84 0.059375 0.10666666666666667 0.06666666666666667
6 0.9466666666666667 0.059375 0.10666666666666667 0.06666666666666667
13 0.095 0.11354166666666667 0.13666666666666666 0.041666666666666664
6 0.095 0.19322916666666667 0.135 0.084375
6 0.905 0.19322916666666667 0.135 0.084375
13 0.095 0.27760416666666665 0.135 0.084375
13 0.23 0.27760416666666665 0.135 0.084375
13 0.365 0.27760416666666665 0.135 0.084375
13 0.5 0.27760416666666665 0.135 0.084375
13 0.635 0.27760416666666665 0.135 0.084375
13 0.77 0.27760416666666665 0.135 0.084375
13 0.905 0.27760416666666665 0.135 0.084375
2 0.095 0.3619791666666667 0.135 0.084375
2 0.23 0.3619791666666667 0.135 0.084375
2 0.365 0.3619791666666667 0.135 0.084375
2 0.5 0.3619791666666667 0.135 0.084375
2 0.635 0.3619791666666667 0.135 0.084375
2 0.77 0.3619791666666667 0.135 0.084375
2 0.905 0.3619791666666667 0.135 0.084375
2 0.095 0.44635416666666666 0.135 0.084375
2 0.23 0.44635416666666666 0.135 0.084375
2 0.365 0.44635416666666666 0.135 0.084375
2 0.5 0.44635416666666666 0.135 0.084375
2 0.635 0.44635416666666666 0.135 0.084375
2 0.77 0.44635416666666666 0.135 0.084375
2 0.905 0.44635416666666666 0.135 0.084375
2 0.095 0.5307291666666667 0.135 0.084375
2 0.23 0.5307291666666667 0.135 0.084375
2 0.365 0.5307291666666667 0.135 0.084375
2 0.5 0.5307291666666667 0.135 0.084375
2 0.635 0.5307291666666667 0.135 0.084375
2 0.77 0.5307291666666667 0.135 0.084375
2 0.905 0.5307291666666667 0.135 0.084375
2 0.095 0.6151041666666667 0.135 0.084375
2 0.23 0.6151041666666667 0.135 0.084375
2 0.365 0.6151041666666667 0.135 0.084375
2 0.5 0.6151041666666667 0.135 0.084375
2 0.635 0.6151041666666667 0.135 0.084375
2 0.77 0.6151041666666667 0.135 0.084375
2 0.905 0.6151041666666667 0.135 0.084375
2 0.095 0.6994791666666667 0.135 0.084375
2 0.23 0.6994791666666667 0.135 0.084375
2 0.365 0.6994791666666667 0.135 0.084375
2 0.5 0.6994791666666667 0.135 0.084375
2 0.635 0.6994791666666667 0.135 0.084375
2 0.77 0.6994791666666667 0.135 0.084375
2 0.905 0.6994791666666667 0.135 0.084375
2 0.095 0.7838541666666666 0.135 0.084375
2 0.23 0.7838541666666666 0.135 0.084375
2 0.365 0.7838541666666666 0.135 0.084375
2 0.5 0.7838541666666666 0.135 0.084375
2 0.635 0.7838541666666666 0.135 0.084375
2 0.77 0.7838541666666666 0.135 0.084375
2 0.905 0.7838541666666666 0.135 0.084375
13 0.10375 0.846875 0.15416666666666667 0.041666666666666664
11 0.19791666666666666 0.8885416666666667 0.3425 0.041666666666666664
2 0.17083333333333334 0.8885416666666667 0.28833333333333333 0.058333333333333334
13 0.18333333333333332 0.946875 0.31333333333333335 0.041666666666666664