6 0.49921875 0.1421875 0.559375 0.153125
6 0.49921875 0.109375 0.52109375 0.15390625
13 0.146875 0.0546875 0.23984375 0.02578125
6 0.86015625 0.04765625 0.03203125 0.009375
6 0.86015625 0.05859375 0.028125 0.01328125
6 0.953125 0.05546875 0.09296875 0.05859375
13 0.09609375 0.2515625 0.19140625 0.059375
13 0.28359375 0.2515625 0.25 0.059375
13 0.5 0.2515625 0.5 0.11875
13 0.71640625 0.2515625 0.25 0.059375
13 0.90390625 0.2515625 0.19140625 0.059375
6 0.5 0.22421875 0.0296875 0.01640625
6 0.46015625 0.925 0.03984375 0.025
6 0.53984375 0.925 0.03984375 0.025