5 0.0640625 0.05625 0.04765625 0.02578125
3 0.49296875 0.13125 0.9734375 0.06640625
3 0.4921875 0.20390625 0.9765625 0.065625
0 0.39453125 0.7671875 0.20625 0.04765625
0 0.61171875 0.76875 0.20625 0.05078125
13 0.3640625 0.3125 0.0671875 0.02578125
13 0.63203125 0.3734375 0.08125 0.01953125
13 0.36640625 0.4390625 0.07265625 0.0328125
13 0.6390625 0.6234375 0.06015625 0.0234375
13 0.5015625 0.559375 0.04609375 0.02578125
13 0.0390625 0.50234375 0.0625 0.0203125
13 0.37265625 0.68125 0.05 0.028125
13 0.23984375 0.0578125 0.22265625 0.03203125