5 0.04666666666666667 0.059375 0.09333333333333334 0.058333333333333334
0 0.25833333333333336 0.18541666666666667 0.4666666666666667 0.07291666666666667
0 0.725 0.18541666666666667 0.4666666666666667 0.07291666666666667
3 0.4241666666666667 0.28229166666666666 0.75 0.08333333333333333
6 0.8666666666666667 0.28229166666666666 0.16666666666666666 0.08333333333333333
13 0.5166666666666667 0.36354166666666665 0.9666666666666667 0.07916666666666666
13 0.09833333333333333 0.49713541666666666 0.14666666666666667 0.0421875
13 0.4504166666666667 0.5393229166666667 0.8508333333333333 0.0421875
13 0.46125 0.5919270833333333 0.9058333333333334 0.0421875
13 0.25958333333333333 0.6497395833333334 0.5025 0.0421875
13 0.030833333333333334 0.6971354166666667 0.045 0.0421875
13 0.5 0.7216145833333333 0.8333333333333334 0.09114583333333333
13 0.030833333333333334 0.7934895833333333 0.045 0.0421875
13 0.5 0.81796875 0.8333333333333334 0.09114583333333333
13 0.5 0.9052083333333333 1 0.07291666666666667
13 0.495 0.96796875 0.7566666666666667 0.05260416666666667
6 0.09166666666666666 0.45 0.08333333333333333 0.041666666666666664
13 0.5541666666666667 0.44973958333333336 0.8416666666666667 0.0421875
0 0.25 0.9135416666666667 0.5 0.07291666666666667
0 0.75 0.9135416666666667 0.5 0.07291666666666667