5 0.046875 0.059375 0.09296875 0.05859375
0 0.25859375 0.18515625 0.46640625 0.07265625
0 0.725 0.18515625 0.46640625 0.07265625
3 0.42421875 0.28203125 0.75 0.08359375
6 0.86640625 0.28203125 0.16640625 0.08359375
13 0.51640625 0.36328125 0.96640625 0.07890625
13 0.0984375 0.496875 0.146875 0.0421875
13 0.45078125 0.5390625 0.85078125 0.0421875
13 0.4609375 0.5921875 0.90546875 0.0421875
13 0.259375 0.65 0.50234375 0.0421875
13 0.03046875 0.696875 0.0453125 0.0421875
13 0.5 0.721875 0.83359375 0.09140625
13 0.03046875 0.79375 0.0453125 0.0421875
13 0.5 0.81796875 0.83359375 0.09140625
13 0.5 0.90546875 1 0.07265625
13 0.4953125 0.96796875 0.75703125 0.05234375
6 0.09140625 0.45 0.08359375 0.04140625
13 0.55390625 0.45 0.84140625 0.0421875
0 0.25 0.91328125 0.5 0.07265625
0 0.75 0.91328125 0.5 0.07265625