5 0.046875 0.059375 0.09296875 0.05859375
0 0.26640625 0.18515625 0.46640625 0.07265625
0 0.73359375 0.18515625 0.46640625 0.07265625
3 0.42421875 0.28203125 0.75 0.08359375
6 0.86640625 0.28203125 0.16640625 0.08359375
13 0.51640625 0.36875 0.96640625 0.07890625
13 0.35625 0.4453125 0.64609375 0.0421875
13 0.10546875 0.4921875 0.1453125 0.0421875
13 0.2390625 0.4921875 0.08828125 0.0421875
13 0.3359375 0.4921875 0.07265625 0.0421875
13 0.43203125 0.4921875 0.08515625 0.0421875
13 0.17265625 0.53984375 0.27890625 0.0421875
13 0.58515625 0.53984375 0.51171875 0.0421875
13 0.1546875 0.5875 0.24296875 0.0421875
13 0.378125 0.5875 0.1703125 0.0421875
13 0.13671875 0.634375 0.2078125 0.0421875
13 0.328125 0.634375 0.14140625 0.0421875
13 0.334375 0.68203125 0.6015625 0.0421875
13 0.14375 0.7296875 0.22109375 0.0421875
13 0.57421875 0.7296875 0.6078125 0.0421875