5 0.04666666666666667 0.059375 0.09333333333333334 0.058333333333333334
0 0.26666666666666666 0.18541666666666667 0.4666666666666667 0.07291666666666667
0 0.7333333333333333 0.18541666666666667 0.4666666666666667 0.07291666666666667
3 0.4241666666666667 0.28229166666666666 0.75 0.08333333333333333
6 0.8666666666666667 0.28229166666666666 0.16666666666666666 0.08333333333333333
13 0.5166666666666667 0.36875 0.9666666666666667 0.07916666666666666
13 0.35625 0.44505208333333335 0.6458333333333334 0.0421875
13 0.10583333333333333 0.49244791666666665 0.145 0.0421875
13 0.23916666666666667 0.49244791666666665 0.08833333333333333 0.0421875
13 0.33625 0.49244791666666665 0.0725 0.0421875
13 0.43166666666666664 0.49244791666666665 0.085 0.0421875
13 0.17291666666666666 0.53984375 0.2791666666666667 0.0421875
13 0.585 0.53984375 0.5116666666666667 0.0421875
13 0.155 0.5872395833333334 0.24333333333333335 0.0421875
13 0.37833333333333335 0.5872395833333334 0.17 0.0421875
13 0.13708333333333333 0.6346354166666667 0.2075 0.0421875
13 0.3283333333333333 0.6346354166666667 0.14166666666666666 0.0421875
13 0.33416666666666667 0.68203125 0.6016666666666667 0.0421875
13 0.14375 0.7294270833333333 0.22083333333333333 0.0421875
13 0.5745833333333333 0.7294270833333333 0.6075 0.0421875