6 0.51171875 0.0828125 0.4390625 0.1125
6 0.4953125 0.48984375 0.27578125 0.16015625
6 0.16953125 0.72109375 0.209375 0.12421875
6 0.496875 0.7234375 0.215625 0.12109375
6 0.821875 0.725 0.19921875 0.12421875
6 0.17109375 0.90078125 0.20234375 0.08203125
6 0.49609375 0.89921875 0.1921875 0.0765625
6 0.82421875 0.90234375 0.2171875 0.08515625
13 0.5015625 0.62265625 0.48984375 0.02734375
13 0.4984375 0.58671875 0.08515625 0.02109375
13 0.46484375 0.16015625 0.33828125 0.03046875
13 0.603125 0.1921875 0.20546875 0.0234375
13 0.175 0.803125 0.15703125 0.02734375
13 0.5 0.8046875 0.18359375 0.02734375
13 0.8234375 0.8046875 0.22265625 0.02265625