6 0.5120833333333333 0.0828125 0.43916666666666665 0.1125
6 0.49541666666666667 0.4895833333333333 0.2758333333333333 0.16041666666666668
6 0.16958333333333334 0.72109375 0.20916666666666667 0.12447916666666667
6 0.4970833333333333 0.7236979166666667 0.21583333333333332 0.12135416666666667
6 0.8220833333333334 0.7252604166666666 0.19916666666666666 0.12447916666666667
6 0.17125 0.90078125 0.2025 0.08177083333333333
6 0.49625 0.89921875 0.1925 0.0765625
6 0.8245833333333333 0.90234375 0.2175 0.08489583333333334
13 0.5016666666666667 0.62265625 0.49 0.027604166666666666
13 0.49833333333333335 0.58671875 0.085 0.021354166666666667
13 0.465 0.16015625 0.3383333333333333 0.030729166666666665
13 0.6029166666666667 0.19244791666666666 0.20583333333333334 0.0234375
13 0.175 0.8033854166666666 0.15666666666666668 0.027604166666666666
13 0.5 0.8044270833333333 0.18333333333333332 0.027604166666666666
13 0.82375 0.8049479166666667 0.2225 0.022395833333333334