6 0.5 0.15885416666666666 1 0.265625
13 0.5 0.146875 0.9466666666666667 0.10104166666666667
13 0.5 0.0953125 0.8933333333333333 0.030208333333333334
13 0.5 0.19453125 0.8933333333333333 0.08802083333333334
0 0.4995833333333333 0.25416666666666665 0.20583333333333334 0.03333333333333333
5 0.07 0.3140625 0.08666666666666667 0.052083333333333336
13 0.5433333333333333 0.3140625 0.86 0.019791666666666666
6 0.16666666666666666 0.47760416666666666 0.08333333333333333 0.052083333333333336
13 0.16625 0.5177083333333333 0.10083333333333333 0.019791666666666666
6 0.5 0.47760416666666666 0.08333333333333333 0.052083333333333336
13 0.5 0.5177083333333333 0.065 0.019791666666666666
6 0.8333333333333334 0.47760416666666666 0.08333333333333333 0.052083333333333336
13 0.8329166666666666 0.5177083333333333 0.06916666666666667 0.019791666666666666
6 0.16666666666666666 0.7432291666666667 0.08333333333333333 0.052083333333333336
13 0.16625 0.7833333333333333 0.1325 0.019791666666666666
6 0.5 0.7432291666666667 0.08333333333333333 0.052083333333333336
13 0.5 0.7833333333333333 0.08833333333333333 0.019791666666666666
6 0.8333333333333334 0.7432291666666667 0.08333333333333333 0.052083333333333336
13 0.8333333333333334 0.7833333333333333 0.13 0.019791666666666666
6 0.125 0.9125 0.04 0.025
13 0.125 0.9346354166666667 0.19166666666666668 0.015104166666666667
6 0.37416666666666665 0.9125 0.04 0.025
13 0.3745833333333333 0.9346354166666667 0.1925 0.015104166666666667
6 0.6241666666666666 0.9125 0.04 0.025
13 0.6245833333333334 0.9346354166666667 0.1925 0.015104166666666667
6 0.8741666666666666 0.9125 0.04 0.025
13 0.8745833333333334 0.9346354166666667 0.1925 0.015104166666666667