6 0.028125 0.05390625 0.03359375 0.02109375
13 0.4515625 0.05390625 0.8140625 0.05234375
6 0.8875 0.05390625 0.05859375 0.03671875
6 0.9625 0.05390625 0.05859375 0.03671875
1 0.5 0.1171875 0.93984375 0.02578125
6 0.94921875 0.1171875 0.04140625 0.02578125
1 0.5 0.16484375 0.93984375 0.02578125
6 0.94921875 0.16484375 0.04140625 0.02578125
1 0.5 0.21328125 0.93984375 0.02578125
6 0.94921875 0.21328125 0.04140625 0.02578125
1 0.5 0.24921875 0.93984375 0.02578125
1 0.5 0.29765625 0.93984375 0.02578125
6 0.94921875 0.29765625 0.04140625 0.02578125
1 0.5 0.3453125 0.93984375 0.02578125
6 0.94921875 0.3453125 0.04140625 0.02578125
13 0.2625 0.39140625 0.46484375 0.02265625
6 0.94921875 0.39296875 0.04140625 0.02578125
10 0.5 0.44375 0.90703125 0.03046875
13 0.5 0.503125 0.93984375 0.0234375
6 0.94921875 0.5046875 0.04140625 0.02578125
8 0.14765625 0.53359375 0.23515625 0.02578125
8 0.3828125 0.53359375 0.23515625 0.02578125
8 0.6171875 0.53359375 0.23515625 0.02578125
8 0.85234375 0.53359375 0.23515625 0.02578125
1 0.5 0.56953125 0.93984375 0.02578125
1 0.5 0.60625 0.93984375 0.02578125
1 0.5 0.65390625 0.93984375 0.02578125
6 0.94921875 0.65390625 0.04140625 0.02578125
13 0.10234375 0.6921875 0.171875 0.0328125
0 0.5 0.7421875 0.96640625 0.0359375
0 0.5 0.79375 0.96640625 0.0359375
6 0.04453125 0.1109375 0.08828125 0.0578125
13 0.2828125 0.1109375 0.39765625 0.04140625
13 0.28515625 0.22734375 0.096875 0.0515625
13 0.49921875 0.22734375 0.29921875 0.1625
13 0.6265625 0.190625 0.03515625 0.08828125
6 0.603125 0.265625 0.0921875 0.0578125
13 0.60234375 0.265625 0.05859375 0.0296875
13 0.725 0.22734375 0.11796875 0.0515625
13 0.5 0.325 0.98671875 0.03203125
13 0.2125 0.37109375 0.1484375 0.02734375
13 0.35625 0.37109375 0.06953125 0.02734375
13 0.55078125 0.37109375 0.16484375 0.02734375
13 0.75390625 0.37109375 0.0578125 0.02734375
13 0.2234375 0.40390625 0.1703125 0.02734375
13 0.38828125 0.40390625 0.13359375 0.02734375
13 0.54375 0.40390625 0.15078125 0.02734375
13 0.75703125 0.40390625 0.0640625 0.02734375
13 0.20859375 0.43671875 0.140625 0.02734375
13 0.37109375 0.43671875 0.0984375 0.02734375
13 0.58984375 0.43671875 0.24296875 0.02734375
13 0.78828125 0.43671875 0.1265625 0.02734375
13 0.22109375 0.47265625 0.165625 0.02734375
13 0.37578125 0.47265625 0.10859375 0.02734375
13 0.58359375 0.47265625 0.2296875 0.02734375
6 0.75625 0.4734375 0.05234375 0.0328125
13 0.20546875 0.50625 0.134375 0.02734375
13 0.38515625 0.50625 0.1265625 0.02734375
13 0.54921875 0.50625 0.16171875 0.02734375
13 0.79296875 0.50625 0.1359375 0.02734375
6 0.32109375 0.553125 0.0578125 0.0359375
13 0.321875 0.584375 0.2296875 0.02734375
6 0.62265625 0.553125 0.0578125 0.03515625
13 0.62265625 0.584375 0.3390625 0.02734375
13 0.5 0.64765625 0.96640625 0.0515625
13 0.30625 0.6921875 0.17421875 0.02734375
13 0.58671875 0.6921875 0.38671875 0.02734375
13 0.30625 0.725 0.18046875 0.02734375
13 0.58984375 0.725 0.38671875 0.02734375
6 0.04453125 0.7796875 0.08828125 0.0578125
13 0.27421875 0.7796875 0.3796875 0.04140625
6 0.95234375 0.7796875 0.06953125 0.04296875
6 0.04453125 0.83984375 0.08828125 0.0578125
13 0.240625 0.83984375 0.31328125 0.04140625
6 0.04453125 0.9 0.08828125 0.0578125
13 0.37578125 0.89921875 0.5828125 0.04140625
6 0.04453125 0.959375 0.08828125 0.0578125
13 0.27109375 0.959375 0.37421875 0.04140625
13 0.5 0.3140625 0.88359375 0.03203125
13 0.5 0.46328125 0.88359375 0.22265625
0 0.921875 0.6078125 0.03984375 0.02578125