10 0.9641666666666666 0.3828125 0.06 0.3125
6 0.5 0.005208333333333333 1 0.010416666666666666
7 0.5 0.1390625 0.05 0.03125
13 0.10375 0.8932291666666666 0.0425 0.036458333333333336
13 0.26958333333333334 0.8932291666666666 0.11083333333333334 0.036458333333333336
6 0.36583333333333334 0.8518229166666667 0.035 0.0296875
6 0.41875 0.8932291666666666 0.0975 0.052083333333333336
6 0.51 0.8518229166666667 0.035 0.0296875
6 0.5629166666666666 0.8932291666666666 0.08416666666666667 0.06041666666666667
6 0.7070833333333333 0.8932291666666666 0.09583333333333334 0.06041666666666667
6 0.85125 0.8934895833333333 0.0975 0.05260416666666667
6 0.9733333333333334 0.8934895833333333 0.05333333333333334 0.0546875
6 0.5 0.475 1 0.95
6 0.5 0.4166666666666667 1 0.8333333333333334
6 0.5 0.4166666666666667 1 0.8333333333333334
13 0.5 0.052083333333333336 0.13333333333333333 0.08333333333333333
13 0.016666666666666666 0.753125 0.03333333333333333 0.025
6 0.09208333333333334 0.8072916666666666 0.13916666666666666 0.08333333333333333
6 0.23125 0.8072916666666666 0.13916666666666666 0.08333333333333333
6 0.37041666666666667 0.8072916666666666 0.13916666666666666 0.08333333333333333
6 0.5095833333333334 0.8072916666666666 0.13916666666666666 0.08333333333333333
6 0.64875 0.8072916666666666 0.13916666666666666 0.08333333333333333
6 0.7879166666666667 0.8072916666666666 0.13916666666666666 0.08333333333333333
6 0.82375 0.8072916666666666 0.015833333333333335 0.08333333333333333
6 0.9216666666666666 0.8072916666666666 0.13 0.08333333333333333
13 0.12916666666666668 0.89921875 0.175 0.04739583333333333
13 0.17041666666666666 0.8744791666666667 0.04083333333333333 0.01875
13 0.30416666666666664 0.89921875 0.175 0.04739583333333333
6 0.5 0.8994791666666667 0.13333333333333333 0.10104166666666667
13 0.6958333333333333 0.89921875 0.175 0.04739583333333333
13 0.8708333333333333 0.89921875 0.175 0.04739583333333333