6 0.01328125 0.05546875 0.0265625 0.01640625
6 0.0609375 0.05546875 0.0796875 0.05
13 0.140625 0.0546875 0.06640625 0.02578125
13 0.5 0.1140625 0.96015625 0.03359375
13 0.43046875 0.17421875 0.82109375 0.02578125
13 0.8703125 0.17421875 0.059375 0.0171875
6 0.93984375 0.17421875 0.0796875 0.0375
13 0.43046875 0.23671875 0.82109375 0.02578125
13 0.8703125 0.23671875 0.059375 0.0171875
6 0.93984375 0.23671875 0.0796875 0.0375
13 0.43046875 0.29921875 0.82109375 0.02578125
13 0.8703125 0.29921875 0.059375 0.0171875
6 0.93984375 0.29921875 0.0796875 0.0375
13 0.425 0.36171875 0.81015625 0.02578125
13 0.86484375 0.36171875 0.0703125 0.0171875
6 0.93984375 0.36171875 0.0796875 0.0375
13 0.43046875 0.42421875 0.82109375 0.02578125
13 0.8703125 0.42421875 0.059375 0.0171875
6 0.93984375 0.42421875 0.0796875 0.0375
13 0.5 0.48515625 0.96015625 0.03359375
13 0.425 0.5453125 0.81015625 0.02578125
13 0.86484375 0.5453125 0.0703125 0.0171875
6 0.93984375 0.54609375 0.0796875 0.0375
13 0.43046875 0.6078125 0.82109375 0.02578125
13 0.8703125 0.6078125 0.059375 0.0171875
6 0.93984375 0.60859375 0.0796875 0.0375
13 0.43046875 0.6703125 0.82109375 0.02578125
13 0.8703125 0.6703125 0.059375 0.0171875
6 0.93984375 0.67109375 0.0796875 0.0375
13 0.425 0.7328125 0.81015625 0.02578125
13 0.86484375 0.7328125 0.0703125 0.0171875
6 0.93984375 0.73359375 0.0796875 0.0375
13 0.43046875 0.7953125 0.82109375 0.02578125
13 0.8703125 0.7953125 0.059375 0.0171875
6 0.93984375 0.79609375 0.0796875 0.0375
13 0.425 0.8578125 0.81015625 0.02578125
6 0.93984375 0.85859375 0.0796875 0.0375
6 0.5 0.465625 1 0.76171875
0 0.5 0.8734375 0.96015625 0.0375
1 0.0890625 0.925 0.1375 0.03359375
13 0.69375 0.9265625 0.0578125 0.01953125
3 0.7671875 0.925 0.0703125 0.04140625
13 0.8328125 0.9265625 0.03984375 0.01953125
3 0.89765625 0.925 0.0703125 0.04140625
13 0.9609375 0.9265625 0.0375 0.01953125