13 0.1984375 0.42421875 0.309375 0.02734375
13 0.19921875 0.465625 0.24140625 0.0234375
13 0.18046875 0.509375 0.2140625 0.03046875
13 0.2265625 0.6859375 0.3203125 0.03359375
13 0.1859375 0.19609375 0.18515625 0.02265625
13 0.13828125 0.2625 0.103125 0.02109375
13 0.20703125 0.3296875 0.246875 0.03203125
8 0.9203125 0.4640625 0.05546875 0.03984375
8 0.9203125 0.5109375 0.059375 0.03671875
12 0.88046875 0.3296875 0.1890625 0.046875
12 0.88046875 0.6828125 0.1921875 0.04765625
6 0.05234375 0.13359375 0.059375 0.05
6 0.05703125 0.19765625 0.05234375 0.03203125
6 0.04921875 0.2625 0.04453125 0.0296875
6 0.85078125 0.05234375 0.0609375 0.03671875
13 0.14296875 0.05234375 0.16484375 0.03515625
13 0.78984375 0.5609375 0.1 0.02578125