6 0.17166666666666666 0.6658854166666667 0.075 0.022395833333333334
6 0.5029166666666667 0.6684895833333333 0.0425 0.021354166666666667
6 0.8345833333333333 0.66953125 0.05416666666666667 0.021354166666666667
6 0.8325 0.7403645833333333 0.06666666666666667 0.024479166666666666
6 0.5004166666666666 0.7403645833333333 0.04583333333333333 0.022395833333333334
6 0.16541666666666666 0.7408854166666666 0.0525 0.027604166666666666
6 0.25083333333333335 0.9127604166666666 0.06333333333333334 0.022395833333333334
6 0.7475 0.9158854166666667 0.06666666666666667 0.0265625
6 0.03208333333333333 0.04973958333333333 0.0475 0.0296875
13 0.5179166666666667 0.26171875 0.2125 0.08177083333333333
13 0.49916666666666665 0.33359375 0.09 0.027604166666666666
13 0.4920833333333333 0.05286458333333333 0.2025 0.033854166666666664
5 0.9720833333333333 0.05078125 0.04583333333333333 0.0296875
13 0.12458333333333334 0.8393229166666667 0.20083333333333334 0.028645833333333332
13 0.57 0.37421875 0.15 0.021354166666666667