6 0.171875 0.665625 0.075 0.02265625
6 0.503125 0.66875 0.0421875 0.02109375
6 0.834375 0.66953125 0.05390625 0.02109375
6 0.8328125 0.740625 0.06640625 0.02421875
6 0.50078125 0.740625 0.04609375 0.02265625
6 0.165625 0.740625 0.05234375 0.02734375
6 0.25078125 0.9125 0.06328125 0.02265625
6 0.74765625 0.915625 0.06640625 0.0265625
6 0.03203125 0.05 0.04765625 0.0296875
13 0.51796875 0.26171875 0.2125 0.08203125
13 0.49921875 0.33359375 0.08984375 0.02734375
13 0.4921875 0.053125 0.20234375 0.03359375
5 0.971875 0.05078125 0.04609375 0.0296875
13 0.12421875 0.8390625 0.20078125 0.02890625
13 0.5703125 0.37421875 0.15 0.02109375