13 0.14333333333333334 0.059375 0.20666666666666667 0.028125
6 0.96 0.059375 0.08 0.05
13 0.19958333333333333 0.11744791666666667 0.0575 0.0171875
13 0.5004166666666666 0.11744791666666667 0.03916666666666667 0.0171875
13 0.80125 0.11744791666666667 0.060833333333333336 0.0171875
3 0.5 0.18880208333333334 0.9183333333333333 0.04739583333333333
13 0.13208333333333333 0.23411458333333332 0.17583333333333334 0.0265625
13 0.90125 0.23411458333333332 0.0175 0.0265625
13 0.91875 0.23411458333333332 0.0175 0.0265625
6 0.9441666666666667 0.23385416666666667 0.023333333333333334 0.014583333333333334
13 0.12958333333333333 0.2747395833333333 0.17083333333333334 0.0171875
13 0.19333333333333333 0.3033854166666667 0.04833333333333333 0.027604166666666666
13 0.19375 0.3463541666666667 0.2925 0.058333333333333334
13 0.49916666666666665 0.3033854166666667 0.07 0.027604166666666666
13 0.4995833333333333 0.3463541666666667 0.2925 0.058333333333333334
13 0.8058333333333333 0.3033854166666667 0.105 0.027604166666666666
13 0.8058333333333333 0.3463541666666667 0.29333333333333333 0.058333333333333334
0 0.5 0.4109375 0.965 0.04375
0 0.5 0.4557291666666667 0.965 0.04375
0 0.5 0.5005208333333333 0.965 0.04375
0 0.4995833333333333 0.553125 0.1825 0.05