6 0.06015625 0.28046875 0.08359375 0.04921875
6 0.06015625 0.4140625 0.0796875 0.04140625
6 0.059375 0.61171875 0.078125 0.04296875
6 0.065625 0.81484375 0.08359375 0.04140625
6 0.06171875 0.121875 0.078125 0.04140625
13 0.22421875 0.12421875 0.22109375 0.02578125
13 0.1828125 0.06015625 0.13046875 0.03046875
0 0.503125 0.91015625 0.6015625 0.05703125
13 0.4984375 0.85703125 0.30078125 0.02421875
13 0.221875 0.34609375 0.2125 0.0265625
13 0.1953125 0.48203125 0.16171875 0.02890625
13 0.18046875 0.68359375 0.11953125 0.0234375
13 0.93046875 0.415625 0.1 0.0265625
13 0.928125 0.615625 0.0984375 0.0234375
5 0.0421875 0.0546875 0.0390625 0.02109375