5 0.06015625 0.059375 0.09296875 0.06640625
13 0.22265625 0.059375 0.21796875 0.02421875
6 0.953125 0.059375 0.06640625 0.05
13 0.1234375 0.11484375 0.0859375 0.01953125
13 0.37421875 0.11484375 0.05078125 0.01953125
13 0.625 0.11484375 0.06484375 0.01953125
13 0.87578125 0.11484375 0.0734375 0.01953125
13 0.04921875 0.159375 0.05859375 0.03359375
13 0.884375 0.159375 0.184375 0.01953125
13 0.5 0.1875 0.96015625 0.01953125
13 0.5 0.209375 0.96015625 0.01953125
13 0.04921875 0.24609375 0.05859375 0.03359375
13 0.884375 0.24609375 0.184375 0.01953125
13 0.5 0.27421875 0.96015625 0.01953125
13 0.5 0.29609375 0.96015625 0.01953125
13 0.04921875 0.3328125 0.05859375 0.03359375
13 0.884375 0.33203125 0.184375 0.01953125
13 0.5 0.36015625 0.96015625 0.01953125
13 0.5 0.38203125 0.96015625 0.01953125
13 0.04921875 0.41875 0.05859375 0.03359375
13 0.88515625 0.41875 0.1828125 0.01953125
13 0.5 0.446875 0.96015625 0.01953125
13 0.5 0.46875 0.96015625 0.01953125
13 0.04921875 0.50546875 0.05859375 0.03359375
13 0.8921875 0.50546875 0.16953125 0.01953125
13 0.5 0.53359375 0.96015625 0.01953125
13 0.5 0.55546875 0.96015625 0.01953125
13 0.04921875 0.5921875 0.05859375 0.03359375
13 0.8921875 0.59140625 0.16953125 0.01953125
13 0.5 0.61953125 0.96015625 0.01953125
13 0.5 0.64140625 0.96015625 0.01953125
13 0.04921875 0.678125 0.05859375 0.03359375
13 0.8921875 0.678125 0.16953125 0.01953125
13 0.5 0.70625 0.96015625 0.01953125
13 0.5 0.728125 0.96015625 0.01953125
13 0.04921875 0.76484375 0.05859375 0.03359375
13 0.8921875 0.76484375 0.16953125 0.01953125
13 0.5 0.79296875 0.96015625 0.01953125
13 0.5 0.81484375 0.96015625 0.01953125
13 0.04921875 0.8515625 0.05859375 0.03359375
13 0.8921875 0.85078125 0.16953125 0.01953125
13 0.5 0.87890625 0.96015625 0.01953125
13 0.5 0.90078125 0.96015625 0.01953125
13 0.10234375 0.93515625 0.20390625 0.03046875
13 0.8109375 0.93515625 0.37734375 0.03046875
6 0.046875 0.12421875 0.09296875 0.03359375
13 0.1484375 0.1234375 0.1109375 0.02265625
6 0.046875 0.18671875 0.09296875 0.03359375
13 0.14921875 0.1859375 0.11171875 0.02265625
6 0.046875 0.24921875 0.09296875 0.03359375
13 0.20546875 0.2484375 0.22421875 0.02265625
6 0.046875 0.31171875 0.09296875 0.03359375
13 0.18984375 0.3109375 0.1921875 0.02265625
6 0.046875 0.37421875 0.09296875 0.03359375
13 0.25 0.3734375 0.31328125 0.02265625
6 0.046875 0.43671875 0.09296875 0.03359375
13 0.2296875 0.4359375 0.2734375 0.02265625
6 0.046875 0.49921875 0.09296875 0.03359375
13 0.221875 0.4984375 0.25703125 0.02265625
6 0.046875 0.56171875 0.09296875 0.03359375
13 0.1625 0.5609375 0.13828125 0.02265625