13 0.1578125 0.0484375 0.19375 0.03046875
13 0.43828125 0.621875 0.86640625 0.02421875
13 0.4890625 0.840625 0.975 0.02421875
13 0.4984375 0.740625 0.98515625 0.040625
13 0.4984375 0.52890625 0.96640625 0.05625
13 0.4671875 0.16328125 0.9140625 0.0265625
3 0.3734375 0.1046875 0.2484375 0.04453125
3 0.6328125 0.10546875 0.2546875 0.04375
5 0.0328125 0.04609375 0.04140625 0.034375
13 0.49921875 0.3015625 0.98125 0.04140625
5 0.3609375 0.8 0.05234375 0.03203125
5 0.1171875 0.8 0.0515625 0.02890625
5 0.1140625 0.5796875 0.0515625 0.0328125
5 0.36484375 0.5796875 0.0625 0.0375
0 0.6890625 0.9328125 0.1046875 0.02578125
6 0.3890625 0.9203125 0.30625 0.05390625