13 0.158125 0.048046875 0.19375 0.03046875
13 0.438125 0.622265625 0.86625 0.02421875
13 0.48875 0.840234375 0.975 0.02421875
13 0.49875 0.740625 0.985 0.040625
13 0.498125 0.52890625 0.96625 0.05625
13 0.466875 0.16328125 0.91375 0.0265625
3 0.373125 0.105078125 0.24875 0.04453125
3 0.6325 0.10546875 0.255 0.04375
5 0.033125 0.04609375 0.04125 0.034375
13 0.499375 0.301171875 0.98125 0.04140625
5 0.36125 0.800390625 0.0525 0.03203125
5 0.116875 0.799609375 0.05125 0.02890625
5 0.114375 0.5796875 0.05125 0.0328125
5 0.365 0.5796875 0.0625 0.0375
0 0.68875 0.932421875 0.105 0.02578125
6 0.389375 0.919921875 0.30625 0.05390625