13 0.37333333333333335 0.18203125 0.6433333333333333 0.03697916666666667
13 0.37333333333333335 0.21953125 0.6433333333333333 0.021354166666666667
6 0.8216666666666667 0.21302083333333333 0.25333333333333335 0.09895833333333333
0 0.15625 0.29583333333333334 0.24916666666666668 0.05
0 0.33416666666666667 0.29583333333333334 0.10666666666666667 0.05
6 0.5 0.44166666666666665 1 0.2
13 0.5 0.5690104166666666 0.9466666666666667 0.021354166666666667
6 0.06 0.6296875 0.06666666666666667 0.041666666666666664
13 0.25625 0.6294270833333333 0.2725 0.024479166666666666
6 0.06 0.7098958333333333 0.06666666666666667 0.041666666666666664
13 0.20708333333333334 0.7096354166666666 0.17416666666666666 0.024479166666666666
6 0.06 0.7901041666666667 0.06666666666666667 0.041666666666666664
13 0.17166666666666666 0.78984375 0.10333333333333333 0.024479166666666666
6 0.06 0.8703125 0.06666666666666667 0.041666666666666664
13 0.19458333333333333 0.8700520833333333 0.14916666666666667 0.024479166666666666
6 0.06 0.9505208333333334 0.06666666666666667 0.041666666666666664
13 0.155 0.9502604166666667 0.07 0.024479166666666666
13 0.08916666666666667 0.054947916666666666 0.125 0.030729166666666665
6 0.9533333333333334 0.059375 0.06666666666666667 0.05
13 0.08333333333333333 0.109375 0.16666666666666666 0.05
13 0.25 0.109375 0.16666666666666666 0.05
13 0.4166666666666667 0.109375 0.16666666666666666 0.05
13 0.5833333333333334 0.109375 0.16666666666666666 0.05
13 0.75 0.109375 0.16666666666666666 0.05
13 0.9166666666666666 0.109375 0.16666666666666666 0.05