13 0.10546875 0.02890625 0.1953125 0.0578125
13 0.9265625 0.02890625 0.128125 0.0578125
13 0.16640625 0.925 0.09296875 0.02109375
6 0.23359375 0.925 0.0234375 0.00859375
6 0.5 0.925 0.03984375 0.025
13 0.83359375 0.925 0.29296875 0.02109375
13 0.06171875 0.78046875 0.1 0.05625
6 0.06171875 0.78046875 0.1 0.05625
13 0.06171875 0.81796875 0.1 0.01875
13 0.1734375 0.78046875 0.1 0.05625
6 0.1734375 0.78046875 0.1 0.05625
13 0.1734375 0.81796875 0.1 0.01875
13 0.28515625 0.78046875 0.1 0.05625
6 0.28515625 0.78046875 0.1 0.05625
13 0.28515625 0.81796875 0.1 0.01875
13 0.396875 0.78046875 0.1 0.05625
6 0.396875 0.78046875 0.1 0.05625
13 0.396875 0.81796875 0.1 0.01875
13 0.50859375 0.78046875 0.1 0.05625
6 0.50859375 0.78046875 0.1 0.05625
13 0.50859375 0.81796875 0.1 0.01875
13 0.6203125 0.78046875 0.1 0.05625
6 0.6203125 0.78046875 0.1 0.05625
13 0.6203125 0.81796875 0.1 0.01875
13 0.73203125 0.78046875 0.1 0.05625
6 0.73203125 0.78046875 0.1 0.05625
13 0.73203125 0.81796875 0.1 0.01875
13 0.84296875 0.78046875 0.1 0.05625
6 0.84296875 0.78046875 0.1 0.05625
13 0.84296875 0.81796875 0.1 0.01875
13 0.95234375 0.78046875 0.0953125 0.05625
6 0.95234375 0.78046875 0.0953125 0.05625
13 0.95234375 0.81796875 0.0953125 0.01875
6 0.1109375 0.86640625 0.21484375 0.04140625
6 0.3328125 0.86640625 0.21484375 0.04140625
6 0.55390625 0.86640625 0.21484375 0.04140625
6 0.77578125 0.86640625 0.21484375 0.04140625
6 0.94453125 0.865625 0.1109375 0.040625
6 0.253125 0.14453125 0.46640625 0.26015625
13 0.10078125 0.2375 0.140625 0.02421875
13 0.05546875 0.259375 0.05078125 0.01796875
6 0.746875 0.14453125 0.46640625 0.26015625
13 0.59453125 0.21640625 0.1421875 0.01796875
13 0.609375 0.2375 0.171875 0.02421875
13 0.5484375 0.259375 0.05078125 0.01796875
6 0.253125 0.42421875 0.46640625 0.26015625
13 0.05234375 0.496875 0.04453125 0.01796875
13 0.1421875 0.51796875 0.22421875 0.02421875
13 0.05546875 0.5390625 0.05078125 0.01796875
6 0.746875 0.42421875 0.46640625 0.26015625
13 0.57265625 0.496875 0.0984375 0.01796875
13 0.653125 0.51796875 0.26015625 0.02421875
13 0.5484375 0.5390625 0.05078125 0.01796875
6 0.253125 0.7046875 0.46640625 0.26015625
13 0.07890625 0.77734375 0.0984375 0.01796875
13 0.1328125 0.7984375 0.2046875 0.02421875
13 0.05546875 0.81953125 0.05078125 0.01796875
6 0.746875 0.7046875 0.46640625 0.26015625
13 0.56796875 0.77734375 0.0890625 0.01796875
13 0.640625 0.7984375 0.23515625 0.02421875
13 0.5484375 0.81953125 0.05078125 0.01796875
6 0.253125 0.92734375 0.46640625 0.1453125
6 0.746875 0.92734375 0.46640625 0.1453125