13 0.10625 0.029166666666666667 0.19583333333333333 0.058333333333333334
13 0.9270833333333334 0.029166666666666667 0.12916666666666668 0.058333333333333334
13 0.16666666666666666 0.925 0.09333333333333334 0.020833333333333332
6 0.23333333333333334 0.9247395833333333 0.023333333333333334 0.008854166666666666
6 0.5 0.925 0.04 0.025
13 0.8333333333333334 0.925 0.29333333333333333 0.020833333333333332
13 0.06166666666666667 0.7802083333333333 0.1 0.05625
6 0.06166666666666667 0.7802083333333333 0.1 0.05625
13 0.06166666666666667 0.8177083333333334 0.1 0.01875
13 0.17333333333333334 0.7802083333333333 0.1 0.05625
6 0.17333333333333334 0.7802083333333333 0.1 0.05625
13 0.17333333333333334 0.8177083333333334 0.1 0.01875
13 0.285 0.7802083333333333 0.1 0.05625
6 0.285 0.7802083333333333 0.1 0.05625
13 0.285 0.8177083333333334 0.1 0.01875
13 0.39666666666666667 0.7802083333333333 0.1 0.05625
6 0.39666666666666667 0.7802083333333333 0.1 0.05625
13 0.39666666666666667 0.8177083333333334 0.1 0.01875
13 0.5083333333333333 0.7802083333333333 0.1 0.05625
6 0.5083333333333333 0.7802083333333333 0.1 0.05625
13 0.5083333333333333 0.8177083333333334 0.1 0.01875
13 0.62 0.7802083333333333 0.1 0.05625
6 0.62 0.7802083333333333 0.1 0.05625
13 0.62 0.8177083333333334 0.1 0.01875
13 0.7316666666666667 0.7802083333333333 0.1 0.05625
6 0.7316666666666667 0.7802083333333333 0.1 0.05625
13 0.7316666666666667 0.8177083333333334 0.1 0.01875
13 0.8433333333333334 0.7802083333333333 0.1 0.05625
6 0.8433333333333334 0.7802083333333333 0.1 0.05625
13 0.8433333333333334 0.8177083333333334 0.1 0.01875
13 0.9525 0.7802083333333333 0.095 0.05625
6 0.9525 0.7802083333333333 0.095 0.05625
13 0.9525 0.8177083333333334 0.095 0.01875
6 0.11083333333333334 0.8666666666666667 0.215 0.041666666666666664
6 0.3325 0.8666666666666667 0.215 0.041666666666666664
6 0.5541666666666667 0.8666666666666667 0.215 0.041666666666666664
6 0.7758333333333334 0.8666666666666667 0.215 0.041666666666666664
6 0.945 0.8666666666666667 0.11 0.041666666666666664
6 0.25333333333333335 0.14427083333333332 0.4666666666666667 0.2604166666666667
13 0.10041666666666667 0.23776041666666667 0.14083333333333334 0.024479166666666666
13 0.05541666666666667 0.2591145833333333 0.050833333333333335 0.018229166666666668
6 0.7466666666666667 0.14427083333333332 0.4666666666666667 0.2604166666666667
13 0.5945833333333334 0.21666666666666667 0.1425 0.017708333333333333
13 0.6091666666666666 0.23776041666666667 0.17166666666666666 0.024479166666666666
13 0.54875 0.2591145833333333 0.050833333333333335 0.018229166666666668
6 0.25333333333333335 0.4244791666666667 0.4666666666666667 0.2604166666666667
13 0.052083333333333336 0.496875 0.04416666666666667 0.017708333333333333
13 0.14208333333333334 0.51796875 0.22416666666666665 0.024479166666666666
13 0.05541666666666667 0.5393229166666667 0.050833333333333335 0.018229166666666668
6 0.7466666666666667 0.4244791666666667 0.4666666666666667 0.2604166666666667
13 0.5725 0.496875 0.09833333333333333 0.017708333333333333
13 0.6533333333333333 0.51796875 0.26 0.024479166666666666
13 0.54875 0.5393229166666667 0.050833333333333335 0.018229166666666668
6 0.25333333333333335 0.7046875 0.4666666666666667 0.2604166666666667
13 0.07916666666666666 0.7770833333333333 0.09833333333333333 0.017708333333333333
13 0.1325 0.7981770833333334 0.205 0.024479166666666666
13 0.05541666666666667 0.81953125 0.050833333333333335 0.018229166666666668
6 0.7466666666666667 0.7046875 0.4666666666666667 0.2604166666666667
13 0.5679166666666666 0.7770833333333333 0.08916666666666667 0.017708333333333333
13 0.6408333333333334 0.7981770833333334 0.235 0.024479166666666666
13 0.54875 0.81953125 0.050833333333333335 0.018229166666666668
6 0.25333333333333335 0.92734375 0.4666666666666667 0.1453125
6 0.7466666666666667 0.92734375 0.4666666666666667 0.1453125