6 0.12734375 0.0796875 0.2453125 0.153125
6 0.37578125 0.0796875 0.2453125 0.153125
6 0.62421875 0.0796875 0.2453125 0.153125
6 0.87265625 0.0796875 0.2453125 0.153125
6 0.12734375 0.23515625 0.2453125 0.153125
6 0.37578125 0.23515625 0.2453125 0.153125
6 0.62421875 0.23515625 0.2453125 0.153125
6 0.87265625 0.23515625 0.2453125 0.153125
6 0.12734375 0.38984375 0.2453125 0.153125
6 0.37578125 0.38984375 0.2453125 0.153125
6 0.62421875 0.38984375 0.2453125 0.153125
6 0.87265625 0.38984375 0.2453125 0.153125
6 0.12734375 0.5453125 0.2453125 0.153125
6 0.37578125 0.5453125 0.2453125 0.153125
6 0.62421875 0.5453125 0.2453125 0.153125
6 0.87265625 0.5453125 0.2453125 0.153125
6 0.12734375 0.70078125 0.2453125 0.153125
6 0.37578125 0.70078125 0.2453125 0.153125
6 0.62421875 0.70078125 0.2453125 0.153125
6 0.87265625 0.70078125 0.2453125 0.153125
6 0.12734375 0.85546875 0.2453125 0.153125
6 0.37578125 0.85546875 0.2453125 0.153125
6 0.62421875 0.85546875 0.2453125 0.153125
6 0.87265625 0.85546875 0.2453125 0.153125
13 0.16640625 0.925 0.09296875 0.02109375
6 0.23359375 0.925 0.0234375 0.00859375
6 0.5 0.925 0.03984375 0.025
13 0.83359375 0.925 0.29296875 0.02109375
13 0.06171875 0.78046875 0.1 0.05625
6 0.06171875 0.78046875 0.1 0.05625
13 0.06171875 0.81796875 0.1 0.01875
13 0.1734375 0.78046875 0.1 0.05625
6 0.1734375 0.78046875 0.1 0.05625
13 0.1734375 0.81796875 0.1 0.01875
13 0.28515625 0.78046875 0.1 0.05625
6 0.28515625 0.78046875 0.1 0.05625
13 0.28515625 0.81796875 0.1 0.01875
13 0.396875 0.78046875 0.1 0.05625
6 0.396875 0.78046875 0.1 0.05625
13 0.396875 0.81796875 0.1 0.01875
13 0.50859375 0.78046875 0.1 0.05625
6 0.50859375 0.78046875 0.1 0.05625
13 0.50859375 0.81796875 0.1 0.01875
13 0.6203125 0.78046875 0.1 0.05625
6 0.6203125 0.78046875 0.1 0.05625
13 0.6203125 0.81796875 0.1 0.01875
13 0.73203125 0.78046875 0.1 0.05625
6 0.73203125 0.78046875 0.1 0.05625
13 0.73203125 0.81796875 0.1 0.01875
13 0.84296875 0.78046875 0.1 0.05625
6 0.84296875 0.78046875 0.1 0.05625
13 0.84296875 0.81796875 0.1 0.01875
13 0.95234375 0.78046875 0.0953125 0.05625
6 0.95234375 0.78046875 0.0953125 0.05625
13 0.95234375 0.81796875 0.0953125 0.01875
6 0.1109375 0.86640625 0.21484375 0.04140625
6 0.3328125 0.86640625 0.21484375 0.04140625
6 0.55390625 0.86640625 0.21484375 0.04140625
6 0.77578125 0.86640625 0.21484375 0.04140625
6 0.94453125 0.865625 0.1109375 0.040625