6 0.1275 0.0796875 0.245 0.153125
6 0.37583333333333335 0.0796875 0.245 0.153125
6 0.6241666666666666 0.0796875 0.245 0.153125
6 0.8725 0.0796875 0.245 0.153125
6 0.1275 0.23489583333333333 0.245 0.153125
6 0.37583333333333335 0.23489583333333333 0.245 0.153125
6 0.6241666666666666 0.23489583333333333 0.245 0.153125
6 0.8725 0.23489583333333333 0.245 0.153125
6 0.1275 0.39010416666666664 0.245 0.153125
6 0.37583333333333335 0.39010416666666664 0.245 0.153125
6 0.6241666666666666 0.39010416666666664 0.245 0.153125
6 0.8725 0.39010416666666664 0.245 0.153125
6 0.1275 0.5453125 0.245 0.153125
6 0.37583333333333335 0.5453125 0.245 0.153125
6 0.6241666666666666 0.5453125 0.245 0.153125
6 0.8725 0.5453125 0.245 0.153125
6 0.1275 0.7005208333333334 0.245 0.153125
6 0.37583333333333335 0.7005208333333334 0.245 0.153125
6 0.6241666666666666 0.7005208333333334 0.245 0.153125
6 0.8725 0.7005208333333334 0.245 0.153125
6 0.1275 0.8557291666666667 0.245 0.153125
6 0.37583333333333335 0.8557291666666667 0.245 0.153125
6 0.6241666666666666 0.8557291666666667 0.245 0.153125
6 0.8725 0.8557291666666667 0.245 0.153125
13 0.16666666666666666 0.925 0.09333333333333334 0.020833333333333332
6 0.23333333333333334 0.9247395833333333 0.023333333333333334 0.008854166666666666
6 0.5 0.925 0.04 0.025
13 0.8333333333333334 0.925 0.29333333333333333 0.020833333333333332
13 0.06166666666666667 0.7802083333333333 0.1 0.05625
6 0.06166666666666667 0.7802083333333333 0.1 0.05625
13 0.06166666666666667 0.8177083333333334 0.1 0.01875
13 0.17333333333333334 0.7802083333333333 0.1 0.05625
6 0.17333333333333334 0.7802083333333333 0.1 0.05625
13 0.17333333333333334 0.8177083333333334 0.1 0.01875
13 0.285 0.7802083333333333 0.1 0.05625
6 0.285 0.7802083333333333 0.1 0.05625
13 0.285 0.8177083333333334 0.1 0.01875
13 0.39666666666666667 0.7802083333333333 0.1 0.05625
6 0.39666666666666667 0.7802083333333333 0.1 0.05625
13 0.39666666666666667 0.8177083333333334 0.1 0.01875
13 0.5083333333333333 0.7802083333333333 0.1 0.05625
6 0.5083333333333333 0.7802083333333333 0.1 0.05625
13 0.5083333333333333 0.8177083333333334 0.1 0.01875
13 0.62 0.7802083333333333 0.1 0.05625
6 0.62 0.7802083333333333 0.1 0.05625
13 0.62 0.8177083333333334 0.1 0.01875
13 0.7316666666666667 0.7802083333333333 0.1 0.05625
6 0.7316666666666667 0.7802083333333333 0.1 0.05625
13 0.7316666666666667 0.8177083333333334 0.1 0.01875
13 0.8433333333333334 0.7802083333333333 0.1 0.05625
6 0.8433333333333334 0.7802083333333333 0.1 0.05625
13 0.8433333333333334 0.8177083333333334 0.1 0.01875
13 0.9525 0.7802083333333333 0.095 0.05625
6 0.9525 0.7802083333333333 0.095 0.05625
13 0.9525 0.8177083333333334 0.095 0.01875
6 0.11083333333333334 0.8666666666666667 0.215 0.041666666666666664
6 0.3325 0.8666666666666667 0.215 0.041666666666666664
6 0.5541666666666667 0.8666666666666667 0.215 0.041666666666666664
6 0.7758333333333334 0.8666666666666667 0.215 0.041666666666666664
6 0.945 0.8666666666666667 0.11 0.041666666666666664