5 0.06015625 0.059375 0.09296875 0.06640625
13 0.15546875 0.059375 0.084375 0.028125
6 0.93359375 0.06015625 0.10703125 0.05859375
13 0.1328125 0.11796875 0.1375 0.01875
13 0.4 0.11796875 0.0796875 0.01875
13 0.66640625 0.11796875 0.10546875 0.01875
13 0.921875 0.11796875 0.15546875 0.01875
7 0.5 0.14453125 1 0.015625
13 0.403125 0.19140625 0.7796875 0.04296875
6 0.903125 0.2 0.16640625 0.078125
13 0.403125 0.2890625 0.7796875 0.04296875
6 0.903125 0.29765625 0.16640625 0.078125
13 0.403125 0.38671875 0.7796875 0.04296875
6 0.903125 0.39453125 0.16640625 0.078125
13 0.403125 0.48359375 0.7796875 0.04296875
6 0.903125 0.4921875 0.16640625 0.078125
13 0.403125 0.58125 0.7796875 0.04296875
6 0.903125 0.58984375 0.16640625 0.078125
13 0.1140625 0.6578125 0.2015625 0.01953125
6 0.428125 0.8453125 0.78671875 0.309375
13 0.0640625 0.7078125 0.0578125 0.03515625
6 0.9453125 0.8453125 0.109375 0.309375
13 0.9203125 0.7078125 0.0578125 0.03515625
6 0.1796875 0.91015625 0.03984375 0.025
13 0.1796875 0.93515625 0.16015625 0.015625
6 0.33984375 0.9125 0.03984375 0.025
13 0.33984375 0.93515625 0.16015625 0.01484375
6 0.5 0.9125 0.03984375 0.025
13 0.5 0.93515625 0.16015625 0.01484375
6 0.66015625 0.9125 0.03984375 0.025
13 0.66015625 0.93515625 0.16015625 0.01484375
6 0.8203125 0.9125 0.03984375 0.025
13 0.8203125 0.93515625 0.16015625 0.01484375