5 0.06 0.059375 0.09333333333333334 0.06666666666666667
13 0.19833333333333333 0.059375 0.17 0.028125
13 0.9466666666666667 0.059375 0.08 0.05
13 0.5 0.11875 1 0.052083333333333336
13 0.4995833333333333 0.5546875 0.2625 0.019791666666666666
6 0.18 0.9104166666666667 0.04 0.025
13 0.18 0.9348958333333334 0.16 0.015625
6 0.34 0.9125 0.04 0.025
13 0.34 0.9354166666666667 0.16 0.014583333333333334
6 0.5 0.9125 0.04 0.025
13 0.5 0.9354166666666667 0.16 0.014583333333333334
6 0.66 0.9125 0.04 0.025
13 0.66 0.9354166666666667 0.16 0.014583333333333334
6 0.82 0.9125 0.04 0.025
13 0.82 0.9354166666666667 0.16 0.014583333333333334