5 0.06015625 0.059375 0.09296875 0.06640625
13 0.1984375 0.059375 0.1703125 0.028125
13 0.946875 0.059375 0.0796875 0.05
13 0.5 0.11875 1 0.05234375
13 0.49921875 0.5546875 0.2625 0.01953125
6 0.1796875 0.91015625 0.03984375 0.025
13 0.1796875 0.93515625 0.16015625 0.015625
6 0.33984375 0.9125 0.03984375 0.025
13 0.33984375 0.93515625 0.16015625 0.01484375
6 0.5 0.9125 0.03984375 0.025
13 0.5 0.93515625 0.16015625 0.01484375
6 0.66015625 0.9125 0.03984375 0.025
13 0.66015625 0.93515625 0.16015625 0.01484375
6 0.8203125 0.9125 0.03984375 0.025
13 0.8203125 0.93515625 0.16015625 0.01484375