3 0.5015625 0.11171875 0.6328125 0.053125
13 0.484375 0.4625 0.24296875 0.0765625
13 0.5046875 0.3515625 0.06484375 0.03515625
13 0.5140625 0.38125 0.178125 0.02109375
13 0.25703125 0.759375 0.1015625 0.0234375
13 0.5015625 0.76171875 0.1078125 0.02890625
13 0.759375 0.7625 0.1140625 0.02421875
0 0.50390625 0.90859375 0.91328125 0.059375
13 0.31484375 0.8609375 0.5375 0.02578125
6 0.253125 0.71875 0.08828125 0.046875
6 0.37734375 0.7234375 0.08203125 0.05234375
6 0.5 0.72109375 0.08515625 0.04453125
6 0.62578125 0.7203125 0.08515625 0.05234375
6 0.64375 0.440625 0.0421875 0.02890625
6 0.509375 0.26484375 0.1921875 0.10703125