3 0.50125 0.11145833333333334 0.6325 0.053125
13 0.4841666666666667 0.4622395833333333 0.24333333333333335 0.0765625
13 0.505 0.35130208333333335 0.065 0.034895833333333334
13 0.5141666666666667 0.3815104166666667 0.17833333333333334 0.021354166666666667
13 0.25666666666666665 0.7591145833333334 0.10166666666666667 0.0234375
13 0.50125 0.76171875 0.1075 0.028645833333333332
13 0.7595833333333334 0.7627604166666667 0.11416666666666667 0.024479166666666666
0 0.5041666666666667 0.9088541666666666 0.9133333333333333 0.059375
13 0.3145833333333333 0.8611979166666667 0.5375 0.025520833333333333
6 0.25333333333333335 0.71875 0.08833333333333333 0.046875
6 0.3775 0.7234375 0.08166666666666667 0.052083333333333336
6 0.5 0.7208333333333333 0.085 0.04479166666666667
6 0.6258333333333334 0.7203125 0.085 0.052083333333333336
6 0.64375 0.44036458333333334 0.0425 0.028645833333333332
6 0.5095833333333334 0.26510416666666664 0.1925 0.10729166666666666