5 0.06 0.059375 0.09333333333333334 0.06666666666666667
3 0.4 0.059375 0.5066666666666667 0.0375
6 0.125 0.11770833333333333 0.04 0.025
6 0.375 0.11770833333333333 0.04 0.025
6 0.625 0.11770833333333333 0.04 0.025
6 0.875 0.11770833333333333 0.04 0.025
6 0.07166666666666667 0.18854166666666666 0.12 0.075
13 0.5683333333333334 0.18828125 0.84 0.022395833333333334
6 0.07166666666666667 0.26979166666666665 0.12 0.075
13 0.5683333333333334 0.26953125 0.84 0.022395833333333334
6 0.07166666666666667 0.35104166666666664 0.12 0.075
13 0.5683333333333334 0.35078125 0.84 0.022395833333333334
6 0.07166666666666667 0.4322916666666667 0.12 0.075
13 0.5683333333333334 0.43203125 0.84 0.022395833333333334
6 0.07166666666666667 0.5135416666666667 0.12 0.075
13 0.5683333333333334 0.51328125 0.84 0.022395833333333334
6 0.07166666666666667 0.5947916666666667 0.12 0.075
13 0.5683333333333334 0.59453125 0.84 0.022395833333333334
6 0.07166666666666667 0.6760416666666667 0.12 0.075
13 0.5683333333333334 0.67578125 0.84 0.022395833333333334
6 0.07166666666666667 0.7572916666666667 0.12 0.075
13 0.5683333333333334 0.75703125 0.84 0.022395833333333334
6 0.07166666666666667 0.8385416666666666 0.12 0.075
13 0.5683333333333334 0.83828125 0.84 0.022395833333333334
6 0.07166666666666667 0.9197916666666667 0.12 0.075
13 0.5683333333333334 0.91953125 0.84 0.022395833333333334