13 0.24666666666666667 0.11666666666666667 0.12833333333333333 0.030208333333333334
13 0.49333333333333335 0.11041666666666666 0.14833333333333334 0.035416666666666666
13 0.7766666666666666 0.11458333333333333 0.16833333333333333 0.030208333333333334
13 0.49291666666666667 0.46458333333333335 0.6441666666666667 0.08541666666666667
13 0.48875 0.5565104166666667 0.8458333333333333 0.08385416666666666
13 0.30041666666666667 0.6276041666666666 0.5841666666666666 0.0375
13 0.5629166666666666 0.7078125 0.6808333333333333 0.030208333333333334
13 0.38208333333333333 0.81171875 0.2791666666666667 0.0390625
13 0.49166666666666664 0.9171875 0.51 0.03229166666666667
6 0.12416666666666666 0.73515625 0.21333333333333335 0.0890625
6 0.12083333333333333 0.8375 0.21333333333333335 0.090625
6 0.115 0.9234375 0.225 0.0625
5 0.0625 0.05807291666666667 0.056666666666666664 0.04114583333333333
6 0.8845833333333334 0.048177083333333336 0.17416666666666666 0.04635416666666667