13 0.246875 0.11640625 0.128125 0.03046875
13 0.49296875 0.11015625 0.1484375 0.03515625
13 0.7765625 0.11484375 0.16796875 0.03046875
13 0.49296875 0.46484375 0.64453125 0.08515625
13 0.4890625 0.55625 0.84609375 0.08359375
13 0.30078125 0.62734375 0.584375 0.0375
13 0.56328125 0.7078125 0.68046875 0.03046875
13 0.38203125 0.81171875 0.27890625 0.0390625
13 0.49140625 0.9171875 0.51015625 0.03203125
6 0.12421875 0.73515625 0.21328125 0.0890625
6 0.12109375 0.8375 0.21328125 0.090625
6 0.11484375 0.9234375 0.225 0.0625
5 0.0625 0.0578125 0.05703125 0.04140625
6 0.884375 0.0484375 0.17421875 0.04609375