6 0.49921875 0.153125 0.1484375 0.09296875
6 0.17421875 0.31953125 0.1484375 0.0515625
6 0.496875 0.3171875 0.1515625 0.05859375
6 0.8328125 0.321875 0.1515625 0.05546875
6 0.1703125 0.42265625 0.1 0.040625
6 0.5078125 0.41953125 0.15625 0.0515625
6 0.8359375 0.4125 0.11640625 0.04453125
6 0.1640625 0.5109375 0.07734375 0.04453125
13 0.19140625 0.05703125 0.16484375 0.0359375
5 0.0578125 0.059375 0.0625 0.01640625
13 0.40390625 0.22265625 0.13984375 0.0359375
13 0.5953125 0.2265625 0.16484375 0.025