5 0.06015625 0.059375 0.09296875 0.06640625
13 0.184375 0.059375 0.10234375 0.02578125
13 0.846875 0.059375 0.09296875 0.05
13 0.93984375 0.059375 0.09296875 0.05
13 0.00390625 0.1234375 0.0078125 0.0625
13 0.07734375 0.12421875 0.13828125 0.06328125
13 0.2078125 0.12421875 0.121875 0.06328125
13 0.33828125 0.12421875 0.13984375 0.06328125
13 0.50078125 0.12421875 0.184375 0.06328125
13 0.6703125 0.12421875 0.1546875 0.06328125
13 0.8296875 0.12421875 0.16484375 0.06328125
13 0.95625 0.12421875 0.0875 0.06328125
13 0.0953125 0.19375 0.09453125 0.0203125
13 0.8796875 0.19375 0.14296875 0.01953125
13 0.09453125 0.22265625 0.0921875 0.02734375
13 0.1109375 0.284375 0.125 0.0203125
13 0.8796875 0.284375 0.14296875 0.01953125
13 0.09453125 0.31328125 0.0921875 0.02734375
13 0.12734375 0.375 0.15859375 0.0203125
13 0.8796875 0.375 0.14296875 0.01953125
13 0.09453125 0.40390625 0.0921875 0.02734375
13 0.09765625 0.465625 0.09921875 0.0203125
13 0.8796875 0.465625 0.14296875 0.01953125
13 0.09453125 0.49453125 0.0921875 0.02734375
13 0.16171875 0.55625 0.2265625 0.0203125
13 0.8796875 0.55625 0.14296875 0.01953125
13 0.09453125 0.58515625 0.0921875 0.02734375
13 0.115625 0.646875 0.134375 0.0203125
13 0.8796875 0.646875 0.14296875 0.01953125
13 0.09453125 0.67578125 0.0921875 0.02734375
13 0.1046875 0.7390625 0.11328125 0.0234375
13 0.88984375 0.7375 0.12421875 0.01953125
13 0.09453125 0.76953125 0.0921875 0.02734375
13 0.12578125 0.83125 0.1546875 0.02109375
13 0.8796875 0.83125 0.14296875 0.01953125
13 0.09453125 0.8609375 0.0921875 0.02734375
13 0.1203125 0.921875 0.14296875 0.0203125
13 0.88984375 0.92265625 0.12421875 0.01953125
13 0.09453125 0.9515625 0.0921875 0.02734375