5 0.06015625 0.059375 0.09296875 0.06640625
13 0.19765625 0.059375 0.128125 0.02578125
13 0.16640625 0.125 0.3328125 0.065625
13 0.5 0.12578125 0.33359375 0.06640625
13 0.8328125 0.125 0.334375 0.065625
13 0.08046875 0.1890625 0.11796875 0.0171875
13 0.10078125 0.2375 0.15859375 0.02265625
13 0.1203125 0.2921875 0.19765625 0.02734375
13 0.13984375 0.3515625 0.23671875 0.03359375
13 0.16015625 0.41640625 0.27734375 0.03828125
6 0.0578125 0.78359375 0.0796875 0.05
13 0.14296875 0.765625 0.075 0.02578125
13 0.47265625 0.796875 0.73359375 0.03671875
0 0.92109375 0.78359375 0.146875 0.05
6 0.5 0.81796875 0.9984375 0.00234375
13 0.0640625 0.83828125 0.12578125 0.02734375
13 0.93828125 0.8375 0.121875 0.02578125
6 0.05 0.9171875 0.05 0.03125
0 0.5 0.9171875 0.8 0.0546875
6 0.95 0.9171875 0.05 0.03125