5 0.06 0.059375 0.09333333333333334 0.06666666666666667
13 0.1975 0.05911458333333333 0.12833333333333333 0.025520833333333333
13 0.16666666666666666 0.12604166666666666 0.3333333333333333 0.06666666666666667
13 0.5 0.12604166666666666 0.3333333333333333 0.06666666666666667
13 0.8333333333333334 0.12604166666666666 0.3333333333333333 0.06666666666666667
13 0.08083333333333333 0.18880208333333334 0.11833333333333333 0.0171875
13 0.10083333333333333 0.23776041666666667 0.15833333333333333 0.022395833333333334
13 0.12041666666666667 0.29192708333333334 0.1975 0.027604166666666666
13 0.14 0.3515625 0.23666666666666666 0.03333333333333333
13 0.16041666666666668 0.4166666666666667 0.2775 0.03854166666666667
6 0.0575 0.7838541666666666 0.08 0.05
13 0.14333333333333334 0.7653645833333333 0.075 0.025520833333333333
13 0.4725 0.7966145833333333 0.7333333333333333 0.03697916666666667
0 0.9208333333333333 0.7838541666666666 0.14666666666666667 0.05
6 0.5 0.8182291666666667 0.9983333333333333 0.0020833333333333333
13 0.06375 0.83828125 0.12583333333333332 0.027604166666666666
13 0.9383333333333334 0.8372395833333334 0.12166666666666667 0.025520833333333333
6 0.05 0.9171875 0.05 0.03125
0 0.5 0.9174479166666667 0.8 0.0546875
6 0.95 0.9171875 0.05 0.03125