13 0.18625 0.061197916666666664 0.17916666666666667 0.044270833333333336
13 0.0975 0.1640625 0.12666666666666668 0.025
13 0.4533333333333333 0.16354166666666667 0.14 0.026041666666666668
13 0.7629166666666667 0.1640625 0.10416666666666667 0.023958333333333335
13 0.12916666666666668 0.22057291666666667 0.21333333333333335 0.022395833333333334
13 0.16791666666666666 0.25703125 0.2791666666666667 0.0390625
13 0.25458333333333333 0.30755208333333334 0.4658333333333333 0.022395833333333334
13 0.165 0.3455729166666667 0.2866666666666667 0.04114583333333333
13 0.25166666666666665 0.39765625 0.46 0.022395833333333334
13 0.14833333333333334 0.4361979166666667 0.265 0.0390625
13 0.16208333333333333 0.4856770833333333 0.2791666666666667 0.022395833333333334
13 0.13666666666666666 0.5234375 0.23333333333333334 0.03854166666666667
13 0.12041666666666667 0.5734375 0.20083333333333334 0.019791666666666666
13 0.13541666666666666 0.61015625 0.23083333333333333 0.04010416666666667
13 0.18458333333333332 0.68359375 0.3258333333333333 0.06927083333333334
13 0.058333333333333334 0.7502604166666667 0.08 0.0203125
13 0.2 0.7901041666666667 0.3516666666666667 0.036458333333333336
13 0.08541666666666667 0.8380208333333333 0.13416666666666666 0.025
13 0.1975 0.8807291666666667 0.355 0.042708333333333334
13 0.19916666666666666 0.9299479166666667 0.355 0.022395833333333334
13 0.08 0.13229166666666667 0.1 0.016666666666666666
13 0.4141666666666667 0.1328125 0.07666666666666666 0.016666666666666666
13 0.7195833333333334 0.13046875 0.0525 0.022395833333333334
9 0.9175 0.30416666666666664 0.12833333333333333 0.022916666666666665
9 0.9125 0.3927083333333333 0.13 0.025
9 0.91 0.48125 0.13666666666666666 0.023958333333333335
9 0.9141666666666667 0.5705729166666667 0.13666666666666666 0.021354166666666667
9 0.9141666666666667 0.6591145833333333 0.13 0.0203125
13 0.9283333333333333 0.3346354166666667 0.05 0.022395833333333334
13 0.92625 0.5119791666666667 0.05416666666666667 0.017708333333333333
13 0.9258333333333333 0.5989583333333334 0.051666666666666666 0.017708333333333333
5 0.06416666666666666 0.0609375 0.06833333333333333 0.041666666666666664
5 0.8779166666666667 0.06041666666666667 0.06583333333333333 0.03229166666666667
5 0.9516666666666667 0.05703125 0.04833333333333333 0.0265625