13 0.0765625 0.059375 0.11015625 0.02578125
13 0.29296875 0.10703125 0.29375 0.01875
13 0.3515625 0.2 0.3875 0.01640625
13 0.38046875 0.29140625 0.45625 0.0234375
13 0.571875 0.15625 0.09140625 0.02109375
13 0.5734375 0.2484375 0.0984375 0.0234375
13 0.5734375 0.3421875 0.09375 0.0203125
13 0.9546875 0.15625 0.06015625 0.021875
13 0.95703125 0.2484375 0.06875 0.02421875
13 0.95625 0.3421875 0.0703125 0.0234375
13 0.18671875 0.15703125 0.0609375 0.0171875
13 0.1875 0.24921875 0.06484375 0.0140625
13 0.1859375 0.34375 0.05859375 0.01640625
6 0.0703125 0.1390625 0.1328125 0.08359375
6 0.071875 0.22890625 0.1359375 0.084375
6 0.0734375 0.32578125 0.1390625 0.078125