6 0.0375 0.04895833333333333 0.035 0.016666666666666666
13 0.4995833333333333 0.04895833333333333 0.21416666666666667 0.022916666666666665
0 0.9466666666666667 0.04895833333333333 0.10666666666666667 0.04583333333333333
13 0.5 0.10546875 0.96 0.0171875
3 0.25666666666666665 0.13385416666666666 0.47333333333333333 0.03958333333333333
3 0.7433333333333333 0.13385416666666666 0.47333333333333333 0.03958333333333333
13 0.5 0.18723958333333332 0.96 0.0171875
3 0.5 0.215625 0.96 0.03958333333333333
13 0.5 0.26901041666666664 0.96 0.0171875
3 0.5 0.29739583333333336 0.96 0.03958333333333333
13 0.5 0.35078125 0.96 0.0171875
3 0.5 0.37916666666666665 0.96 0.03958333333333333
0 0.9266666666666666 0.3703125 0.10666666666666667 0.05
0 0.38 0.44895833333333335 0.19833333333333333 0.05
0 0.6045833333333334 0.44895833333333335 0.1675 0.05