13 0.51 0.10234375 0.5375 0.075
13 0.50125 0.184375 0.5325 0.071875
13 0.496875 0.264453125 0.56875 0.07734375
13 0.503125 0.351171875 0.67625 0.07578125
13 0.503125 0.43359375 0.68625 0.078125
13 0.504375 0.519921875 0.55125 0.06953125
13 0.499375 0.598828125 0.54375 0.07578125
13 0.505 0.681640625 0.685 0.07578125
13 0.5 0.761328125 0.555 0.07734375
13 0.490625 0.8453125 0.80625 0.071875
13 0.45 0.92421875 0.425 0.0453125
6 0.715 0.920703125 0.09 0.04453125
6 0.0375 0.048828125 0.075 0.08671875
6 0.88125 0.026171875 0.0625 0.05234375
6 0.959375 0.047265625 0.07375 0.09140625
3 0.46375 0.02734375 0.765 0.0453125