13 0.3546875 0.0671875 0.4375 0.03828125
13 0.7109375 0.209375 0.5671875 0.08359375
13 0.43828125 0.33046875 0.83359375 0.075
13 0.94453125 0.50703125 0.09375 0.046875
13 0.1125 0.596875 0.20234375 0.0328125
13 0.8078125 0.74375 0.3640625 0.06875
13 0.38125 0.84609375 0.7046875 0.0375
13 0.49921875 0.9140625 0.10859375 0.028125
5 0.06953125 0.0609375 0.07109375 0.03203125
5 0.79609375 0.0625 0.0828125 0.053125
5 0.9328125 0.06171875 0.07890625 0.0546875
5 0.1015625 0.9140625 0.08125 0.05
5 0.3046875 0.9109375 0.07890625 0.05
5 0.6984375 0.9140625 0.0890625 0.05078125
5 0.9 0.91328125 0.08984375 0.053125