5 0.06015625 0.059375 0.09296875 0.06640625
13 0.28828125 0.059375 0.31015625 0.028125
13 0.93984375 0.059375 0.09296875 0.05
6 0.13359375 0.17578125 0.2234375 0.1375
6 0.13359375 0.17578125 0.2234375 0.1375
13 0.13359375 0.17578125 0.2234375 0.1375
6 0.13359375 0.32578125 0.2234375 0.1375
6 0.13359375 0.32578125 0.2234375 0.1375
13 0.13359375 0.32578125 0.2234375 0.1375
6 0.13359375 0.47578125 0.2234375 0.1375
6 0.13359375 0.47578125 0.2234375 0.1375
13 0.13359375 0.47578125 0.2234375 0.1375
6 0.13359375 0.62578125 0.2234375 0.1375
6 0.13359375 0.62578125 0.2234375 0.1375
13 0.13359375 0.62578125 0.2234375 0.1375
6 0.13359375 0.77578125 0.2234375 0.1375
6 0.13359375 0.77578125 0.2234375 0.1375
13 0.13359375 0.77578125 0.2234375 0.1375
6 0.13359375 0.92578125 0.2234375 0.1375
6 0.13359375 0.92578125 0.2234375 0.1375
13 0.13359375 0.92578125 0.2234375 0.1375
13 0.63359375 0.12578125 0.16015625 0.028125
6 0.39765625 0.24140625 0.21953125 0.13515625