6 0.03625 0.057291666666666664 0.05583333333333333 0.027083333333333334
13 0.4875 0.057291666666666664 0.83 0.036458333333333336
6 0.95125 0.05703125 0.08083333333333333 0.050520833333333334
13 0.5 0.29583333333333334 1 0.14895833333333333
6 0.5 0.29609375 1 0.41510416666666666
13 0.06958333333333333 0.475 0.13916666666666666 0.028125
10 0.5695833333333333 0.4747395833333333 0.8275 0.025520833333333333
3 0.5 0.5192708333333333 1 0.03125
0 0.1 0.5682291666666667 0.2 0.05
0 0.3 0.5682291666666667 0.2 0.05
0 0.5 0.5682291666666667 0.2 0.05
0 0.7 0.5682291666666667 0.2 0.05
0 0.9 0.5682291666666667 0.2 0.05
13 0.0675 0.6260416666666667 0.06833333333333333 0.023958333333333335
10 0.5 0.6591145833333333 0.9533333333333334 0.025520833333333333
13 0.07875 0.6921875 0.09083333333333334 0.023958333333333335
6 0.056666666666666664 0.7578125 0.08333333333333333 0.052083333333333336
6 0.14833333333333334 0.7578125 0.08333333333333333 0.052083333333333336
6 0.24 0.7578125 0.08333333333333333 0.052083333333333336
6 0.33166666666666667 0.7578125 0.08333333333333333 0.052083333333333336
6 0.42333333333333334 0.7578125 0.08333333333333333 0.052083333333333336
6 0.515 0.7578125 0.08333333333333333 0.052083333333333336
6 0.6066666666666667 0.7578125 0.08333333333333333 0.052083333333333336
6 0.6983333333333334 0.7578125 0.08333333333333333 0.052083333333333336
6 0.79 0.7578125 0.08333333333333333 0.052083333333333336
6 0.8816666666666667 0.7578125 0.08333333333333333 0.052083333333333336
13 0.12041666666666667 0.8138020833333334 0.1875 0.025520833333333333
10 0.6070833333333333 0.8138020833333334 0.7525 0.025520833333333333
13 0.12041666666666667 0.84765625 0.1875 0.025520833333333333
10 0.6070833333333333 0.84765625 0.7525 0.025520833333333333
13 0.12041666666666667 0.8815104166666666 0.1875 0.025520833333333333
10 0.6070833333333333 0.8815104166666666 0.7525 0.025520833333333333