5 0.04666666666666667 0.059375 0.09333333333333334 0.05625
6 0.35333333333333333 0.05416666666666667 0.08 0.035416666666666666
13 0.47541666666666665 0.05416666666666667 0.16416666666666666 0.035416666666666666
6 0.6566666666666666 0.05416666666666667 0.02666666666666667 0.015625
6 0.9458333333333333 0.05416666666666667 0.041666666666666664 0.017708333333333333
6 0.5 0.4119791666666667 0.9833333333333333 0.6489583333333333
6 0.10333333333333333 0.8458333333333333 0.16666666666666666 0.10416666666666667
6 0.29333333333333333 0.8458333333333333 0.16666666666666666 0.10416666666666667
6 0.48333333333333334 0.8458333333333333 0.16666666666666666 0.10416666666666667
6 0.6733333333333333 0.8458333333333333 0.16666666666666666 0.10416666666666667
6 0.8633333333333333 0.8458333333333333 0.16666666666666666 0.10416666666666667
6 0.985 0.8458333333333333 0.03 0.10416666666666667