5 0.046875 0.059375 0.09296875 0.05625
6 0.353125 0.05390625 0.0796875 0.03515625
13 0.47578125 0.05390625 0.1640625 0.03515625
6 0.65703125 0.05390625 0.0265625 0.015625
6 0.94609375 0.05390625 0.04140625 0.01796875
6 0.5 0.41171875 0.98359375 0.64921875
6 0.103125 0.84609375 0.16640625 0.10390625
6 0.29296875 0.84609375 0.16640625 0.10390625
6 0.48359375 0.84609375 0.16640625 0.10390625
6 0.6734375 0.84609375 0.16640625 0.10390625
6 0.86328125 0.84609375 0.16640625 0.10390625
6 0.98515625 0.84609375 0.0296875 0.10390625