13 0.53125 0.2125 0.22265625 0.02421875
13 0.16875 0.1234375 0.15 0.02734375
13 0.32265625 0.125 0.09765625 0.03203125
13 0.671875 0.125 0.14609375 0.0265625
13 0.5046875 0.09765625 0.0953125 0.0234375
13 0.48203125 0.4328125 0.0609375 0.05078125
13 0.68515625 0.4296875 0.0578125 0.05859375
13 0.90078125 0.43828125 0.06640625 0.0625
13 0.2765625 0.3453125 0.0625 0.0171875
13 0.6953125 0.3484375 0.0796875 0.0234375
13 0.0640625 0.784375 0.05234375 0.01796875
13 0.56640625 0.8078125 0.06484375 0.01875
13 0.4421875 0.81015625 0.075 0.0171875
13 0.4390625 0.5484375 0.0390625 0.01875
13 0.3140625 0.6265625 0.0609375 0.02578125
13 0.8171875 0.5921875 0.0515625 0.02734375
13 0.940625 0.79375 0.08125 0.04921875
3 0.36953125 0.0546875 0.5140625 0.05078125
6 0.0578125 0.05546875 0.0671875 0.040625
13 0.1921875 0.240625 0.325 0.103125
6 0.07265625 0.8890625 0.06015625 0.04375
6 0.365625 0.88515625 0.0484375 0.0359375
6 0.07421875 0.37890625 0.0984375 0.0375
6 0.2890625 0.38046875 0.0890625 0.040625
6 0.4890625 0.38203125 0.10234375 0.0328125
6 0.90703125 0.38125 0.09375 0.04609375
13 0.2171875 0.88671875 0.2140625 0.04375
13 0.5171875 0.8921875 0.22109375 0.04609375