6 0.46015625 0.05078125 0.03984375 0.025
6 0.53984375 0.05078125 0.03984375 0.025
13 0.49921875 0.09453125 0.9984375 0.0375
13 0.12421875 0.13359375 0.2484375 0.0375
13 0.12421875 0.16875 0.2484375 0.03359375
13 0.12421875 0.19609375 0.2484375 0.021875
13 0.37421875 0.13359375 0.2484375 0.0375
13 0.37421875 0.16875 0.2484375 0.03359375
13 0.37421875 0.19609375 0.2484375 0.021875
13 0.62421875 0.13359375 0.2484375 0.0375
13 0.62421875 0.16875 0.2484375 0.03359375
13 0.62421875 0.19609375 0.2484375 0.021875
13 0.87421875 0.13359375 0.2484375 0.0375
13 0.87421875 0.16875 0.2484375 0.03359375
13 0.87421875 0.19609375 0.2484375 0.021875
13 0.3171875 0.578125 0.15 0.1109375
13 0.40859375 0.578125 0.0328125 0.1109375
13 0.5 0.578125 0.15 0.1109375
13 0.59140625 0.578125 0.0328125 0.1109375
13 0.6828125 0.578125 0.15 0.1109375
5 0.5 0.89453125 0.1234375 0.07734375
5 0.925 0.903125 0.096875 0.06015625