6 0.46 0.051041666666666666 0.04 0.025
6 0.54 0.051041666666666666 0.04 0.025
13 0.49916666666666665 0.09479166666666666 0.9983333333333333 0.0375
13 0.12416666666666666 0.13333333333333333 0.24833333333333332 0.0375
13 0.12416666666666666 0.16875 0.24833333333333332 0.03333333333333333
13 0.12416666666666666 0.19635416666666666 0.24833333333333332 0.021875
13 0.37416666666666665 0.13333333333333333 0.24833333333333332 0.0375
13 0.37416666666666665 0.16875 0.24833333333333332 0.03333333333333333
13 0.37416666666666665 0.19635416666666666 0.24833333333333332 0.021875
13 0.6241666666666666 0.13333333333333333 0.24833333333333332 0.0375
13 0.6241666666666666 0.16875 0.24833333333333332 0.03333333333333333
13 0.6241666666666666 0.19635416666666666 0.24833333333333332 0.021875
13 0.8741666666666666 0.13333333333333333 0.24833333333333332 0.0375
13 0.8741666666666666 0.16875 0.24833333333333332 0.03333333333333333
13 0.8741666666666666 0.19635416666666666 0.24833333333333332 0.021875
13 0.3175 0.5783854166666667 0.15 0.1109375
13 0.40875 0.5783854166666667 0.0325 0.1109375
13 0.5 0.5783854166666667 0.15 0.1109375
13 0.59125 0.5783854166666667 0.0325 0.1109375
13 0.6825 0.5783854166666667 0.15 0.1109375
5 0.5 0.8947916666666667 0.12333333333333334 0.07708333333333334
5 0.925 0.903125 0.09666666666666666 0.06041666666666667