5 0.06015625 0.059375 0.09296875 0.06640625
13 0.22734375 0.059375 0.18828125 0.028125
13 0.93671875 0.059375 0.09921875 0.05
6 0.25390625 0.14921875 0.06640625 0.04140625
13 0.25390625 0.2015625 0.3984375 0.04296875
6 0.74609375 0.14921875 0.06640625 0.04140625
13 0.74609375 0.2015625 0.3984375 0.04296875
6 0.25390625 0.3046875 0.06640625 0.04140625
13 0.25390625 0.3578125 0.3984375 0.04296875
6 0.74609375 0.3046875 0.06640625 0.04140625
13 0.74609375 0.3578125 0.3984375 0.04296875
6 0.25390625 0.46015625 0.06640625 0.04140625
13 0.25390625 0.51328125 0.3984375 0.04296875
6 0.74609375 0.46015625 0.06640625 0.04140625
13 0.74609375 0.51328125 0.3984375 0.04296875
6 0.25390625 0.61640625 0.06640625 0.04140625
13 0.25390625 0.66875 0.3984375 0.04296875
6 0.74609375 0.61640625 0.06640625 0.04140625
13 0.74609375 0.66875 0.3984375 0.04296875
6 0.07890625 0.10703125 0.1046875 0.065625
13 0.26640625 0.1578125 0.4796875 0.03671875
2 0.26640625 0.22578125 0.453125 0.05
2 0.26640625 0.27578125 0.453125 0.05
2 0.26640625 0.32578125 0.453125 0.05
2 0.26640625 0.37578125 0.453125 0.05
2 0.26640625 0.42578125 0.453125 0.05
13 0.26640625 0.484375 0.5328125 0.05
2 0.26640625 0.53515625 0.453125 0.05
2 0.26640625 0.58515625 0.453125 0.05
2 0.26640625 0.63515625 0.453125 0.05
2 0.26640625 0.68515625 0.453125 0.05