13 0.5025 0.04791666666666667 0.23333333333333334 0.027083333333333334
13 0.5241666666666667 0.2559895833333333 0.23166666666666666 0.0796875
13 0.5 0.34427083333333336 0.09666666666666666 0.03333333333333333
13 0.49833333333333335 0.3846354166666667 0.31333333333333335 0.028645833333333332
13 0.9433333333333334 0.44947916666666665 0.10833333333333334 0.034375
13 0.16416666666666666 0.6921875 0.12 0.01875
13 0.49166666666666664 0.6888020833333334 0.08 0.022395833333333334
13 0.8304166666666667 0.6885416666666667 0.10416666666666667 0.023958333333333335
13 0.1675 0.759375 0.14833333333333334 0.01875
13 0.5025 0.7736979166666667 0.043333333333333335 0.03697916666666667
13 0.82875 0.7747395833333334 0.22583333333333333 0.03697916666666667
13 0.12625 0.83828125 0.21083333333333334 0.028645833333333332
13 0.4975 0.8885416666666667 0.9233333333333333 0.025
6 0.24583333333333332 0.9174479166666667 0.07 0.021354166666666667
6 0.7541666666666667 0.9153645833333334 0.08 0.030729166666666665
6 0.8570833333333333 0.44817708333333334 0.0625 0.0390625
5 0.9745833333333334 0.04895833333333333 0.04583333333333333 0.027083333333333334