5 0.06015625 0.059375 0.09296875 0.06640625
13 0.16953125 0.059375 0.07265625 0.028125
13 0.93671875 0.059375 0.09921875 0.05
6 0.25390625 0.14921875 0.06640625 0.04140625
13 0.25390625 0.2015625 0.3984375 0.04296875
6 0.74609375 0.14921875 0.06640625 0.04140625
13 0.74609375 0.2015625 0.3984375 0.04296875
6 0.25390625 0.3046875 0.06640625 0.04140625
13 0.25390625 0.3578125 0.3984375 0.04296875
6 0.74609375 0.3046875 0.06640625 0.04140625
13 0.74609375 0.3578125 0.3984375 0.04296875
6 0.25390625 0.46015625 0.06640625 0.04140625
13 0.25390625 0.5234375 0.3984375 0.06328125
6 0.74609375 0.46015625 0.06640625 0.04140625
13 0.74609375 0.51328125 0.3984375 0.04296875