13 0.50375 0.059375 0.255 0.03125
5 0.45 0.109765625 0.095 0.02265625
13 0.315 0.1828125 0.23 0.01875
13 0.53625 0.200390625 0.68 0.01640625
13 0.078125 0.23515625 0.15625 0.028125
13 0.92625 0.238671875 0.1425 0.02578125
13 0.2525 0.26171875 0.41 0.025
13 0.03875 0.295703125 0.0625 0.02109375
13 0.51125 0.291015625 0.3075 0.03359375
13 0.486875 0.325 0.36625 0.01875
13 0.440625 0.355859375 0.36875 0.01796875
13 0.03625 0.3296875 0.065 0.01875
13 0.03625 0.35546875 0.0725 0.025
13 0.0325 0.386328125 0.0575 0.01796875
13 0.03875 0.412890625 0.0575 0.02109375
13 0.038125 0.447265625 0.06875 0.02265625
13 0.040625 0.671484375 0.07375 0.41640625
13 0.5175 0.620703125 0.4425 0.50078125
13 0.435625 0.910546875 0.38875 0.03828125
9 0.971875 0.681640625 0.03375 0.38671875
5 0.06375 0.0609375 0.07 0.025
5 0.646875 0.11015625 0.07375 0.025
5 0.803125 0.10859375 0.05375 0.0390625
5 0.961875 0.115625 0.06625 0.034375
5 0.9475 0.060546875 0.0375 0.02578125
13 0.05125 0.146484375 0.095 0.02265625
5 0.959375 0.1953125 0.06125 0.0390625
5 0.786875 0.1484375 0.08125 0.0234375
5 0.86875 0.142578125 0.055 0.02578125
5 0.951875 0.146875 0.05375 0.0203125
5 0.03 0.1890625 0.055 0.0484375
6 0.70375 0.9109375 0.1275 0.0578125