5 0.06 0.059375 0.09333333333333334 0.06666666666666667
13 0.16958333333333334 0.059375 0.0725 0.028125
13 0.9370833333333334 0.059375 0.09916666666666667 0.05
6 0.25416666666666665 0.14895833333333333 0.06666666666666667 0.041666666666666664
13 0.25416666666666665 0.20182291666666666 0.3983333333333333 0.043229166666666666
6 0.7458333333333333 0.14895833333333333 0.06666666666666667 0.041666666666666664
13 0.7458333333333333 0.20182291666666666 0.3983333333333333 0.043229166666666666
6 0.25416666666666665 0.3046875 0.06666666666666667 0.041666666666666664
13 0.25416666666666665 0.3575520833333333 0.3983333333333333 0.043229166666666666
6 0.7458333333333333 0.3046875 0.06666666666666667 0.041666666666666664
13 0.7458333333333333 0.3575520833333333 0.3983333333333333 0.043229166666666666
6 0.25416666666666665 0.46041666666666664 0.06666666666666667 0.041666666666666664
13 0.25416666666666665 0.5231770833333333 0.3983333333333333 0.06302083333333333
6 0.7458333333333333 0.46041666666666664 0.06666666666666667 0.041666666666666664
13 0.7458333333333333 0.51328125 0.3983333333333333 0.043229166666666666