5 0.06 0.059375 0.09333333333333334 0.06666666666666667
13 0.20791666666666667 0.059375 0.18916666666666668 0.028125
13 0.8733333333333333 0.059375 0.09333333333333334 0.05
6 0.9533333333333334 0.059375 0.06666666666666667 0.05
13 0.47333333333333333 0.13385416666666666 0.8766666666666667 0.028125
6 0.9383333333333334 0.13645833333333332 0.05333333333333334 0.03333333333333333
13 0.5 0.16302083333333334 0.93 0.019791666666666666
13 0.5 0.2265625 0.93 0.019791666666666666
13 0.5 0.2682291666666667 0.93 0.019791666666666666
13 0.5 0.28802083333333334 0.93 0.019791666666666666
13 0.5 0.3494791666666667 0.93 0.028125
13 0.5 0.3734375 0.93 0.019791666666666666
13 0.5 0.4236979166666667 0.93 0.03697916666666667
13 0.5 0.45598958333333334 0.93 0.0171875
13 0.42 0.5161458333333333 0.77 0.028125
6 0.8316666666666667 0.51875 0.05333333333333334 0.03333333333333333
6 0.885 0.51875 0.05333333333333334 0.03333333333333333
6 0.9383333333333334 0.51875 0.05333333333333334 0.03333333333333333
13 0.5 0.5453125 0.93 0.019791666666666666
6 0.15083333333333335 0.59375 0.08666666666666667 0.05416666666666667
6 0.38333333333333336 0.59375 0.08666666666666667 0.05416666666666667
6 0.6158333333333333 0.59375 0.08666666666666667 0.05416666666666667
6 0.8483333333333334 0.59375 0.08666666666666667 0.05416666666666667
13 0.44666666666666666 0.6640625 0.8233333333333334 0.028125
6 0.885 0.6666666666666666 0.05333333333333334 0.03333333333333333
6 0.9383333333333334 0.6666666666666666 0.05333333333333334 0.03333333333333333
13 0.5 0.6932291666666667 0.93 0.019791666666666666
13 0.19 0.7893229166666667 0.31 0.04739583333333333
13 0.19 0.8216145833333334 0.31 0.0171875
13 0.5 0.8963541666666667 0.93 0.019791666666666666
13 0.42 0.9578125 0.77 0.028125
6 0.8316666666666667 0.9604166666666667 0.05333333333333334 0.03333333333333333
6 0.885 0.9604166666666667 0.05333333333333334 0.03333333333333333
6 0.9383333333333334 0.9604166666666667 0.05333333333333334 0.03333333333333333