13 0.5 0.047135416666666666 0.265 0.030729166666666665
13 0.0625 0.10442708333333334 0.09166666666666666 0.04739583333333333
0 0.5 0.16354166666666667 0.9666666666666667 0.05
13 0.25833333333333336 0.20885416666666667 0.48333333333333334 0.019791666666666666
13 0.7416666666666667 0.20885416666666667 0.48333333333333334 0.019791666666666666
3 0.25708333333333333 0.23932291666666666 0.48083333333333333 0.04114583333333333
11 0.7429166666666667 0.23932291666666666 0.48083333333333333 0.04114583333333333
13 0.7429166666666667 0.23932291666666666 0.48083333333333333 0.027604166666666666
13 0.7429166666666667 0.2630208333333333 0.48083333333333333 0.00625
6 0.42583333333333334 0.2864583333333333 0.08333333333333333 0.0010416666666666667
13 0.4995833333333333 0.2864583333333333 0.06416666666666666 0.019791666666666666
6 0.5733333333333334 0.2864583333333333 0.08333333333333333 0.0010416666666666667
13 0.25833333333333336 0.31666666666666665 0.48333333333333334 0.019791666666666666
13 0.7416666666666667 0.31666666666666665 0.48333333333333334 0.019791666666666666
3 0.2575 0.35234375 0.4816666666666667 0.04114583333333333
3 0.7425 0.35234375 0.4816666666666667 0.04114583333333333
13 0.10291666666666667 0.3919270833333333 0.1725 0.0171875
1 0.04541666666666667 0.42552083333333335 0.04416666666666667 0.03125
13 0.18833333333333332 0.42552083333333335 0.24166666666666667 0.020833333333333332
1 0.04541666666666667 0.4703125 0.04416666666666667 0.03125
13 0.22458333333333333 0.4703125 0.31416666666666665 0.019791666666666666
0 0.25833333333333336 0.5255208333333333 0.48333333333333334 0.05
13 0.7416666666666667 0.5255208333333333 0.48333333333333334 0.019791666666666666