5 0.06015625 0.059375 0.09296875 0.06640625
13 0.19609375 0.04765625 0.125 0.028125
13 0.259375 0.0734375 0.25234375 0.02265625
13 0.846875 0.059375 0.09296875 0.05
13 0.93984375 0.059375 0.09296875 0.05
3 0.4734375 0.11640625 0.946875 0.04765625
1 0.9734375 0.11640625 0.053125 0.03359375
6 0.0375 0.16875 0.05859375 0.03671875
13 0.5359375 0.16875 0.921875 0.02265625
6 0.0375 0.22734375 0.05859375 0.03671875
13 0.5359375 0.2265625 0.921875 0.02265625
6 0.0375 0.28515625 0.05859375 0.03671875
13 0.5359375 0.28515625 0.921875 0.02265625