5 0.06 0.059375 0.09333333333333334 0.06666666666666667
13 0.19583333333333333 0.04791666666666667 0.125 0.028125
13 0.25958333333333333 0.07317708333333334 0.2525 0.022395833333333334
13 0.8466666666666667 0.059375 0.09333333333333334 0.05
13 0.94 0.059375 0.09333333333333334 0.05
3 0.47333333333333333 0.11640625 0.9466666666666667 0.04739583333333333
1 0.9733333333333334 0.11614583333333334 0.05333333333333334 0.03333333333333333
6 0.0375 0.16875 0.058333333333333334 0.036458333333333336
13 0.5358333333333334 0.16848958333333333 0.9216666666666666 0.022395833333333334
6 0.0375 0.22708333333333333 0.058333333333333334 0.036458333333333336
13 0.5358333333333334 0.22682291666666668 0.9216666666666666 0.022395833333333334
6 0.0375 0.28541666666666665 0.058333333333333334 0.036458333333333336
13 0.5358333333333334 0.28515625 0.9216666666666666 0.022395833333333334