13 0.25703125 0.0546875 0.25859375 0.02578125
13 0.47421875 0.1140625 0.85859375 0.05546875
13 0.4515625 0.184375 0.82265625 0.04765625
13 0.1 0.23671875 0.1171875 0.025
13 0.18359375 0.28515625 0.28515625 0.0359375
13 0.221875 0.35625 0.32890625 0.02265625
13 0.1078125 0.4046875 0.12109375 0.02578125
13 0.4375 0.4609375 0.76484375 0.0703125
13 0.2734375 0.5328125 0.4671875 0.03828125
13 0.40078125 0.6 0.69375 0.02578125
13 0.3578125 0.6765625 0.625 0.04296875
13 0.2078125 0.721875 0.3359375 0.02734375
13 0.434375 0.7765625 0.76875 0.06328125
13 0.19921875 0.8515625 0.2984375 0.02578125
13 0.2078125 0.915625 0.31484375 0.0296875
6 0.06484375 0.0578125 0.08515625 0.053125