6 0.051666666666666666 0.059375 0.023333333333333334 0.027083333333333334
13 0.10625 0.05911458333333333 0.059166666666666666 0.022395833333333334
13 0.8666666666666667 0.059375 0.08 0.05
13 0.9466666666666667 0.059375 0.08 0.05
8 0.4425 0.13072916666666667 0.11666666666666667 0.034375
8 0.5575 0.13072916666666667 0.11666666666666667 0.034375
13 0.12166666666666667 0.19479166666666667 0.21 0.019791666666666666
13 0.9091666666666667 0.19479166666666667 0.058333333333333334 0.019791666666666666
6 0.9733333333333334 0.19479166666666667 0.02 0.022916666666666665
13 0.12208333333333334 0.24635416666666668 0.21083333333333334 0.019791666666666666
13 0.9183333333333333 0.24635416666666668 0.04 0.019791666666666666
6 0.9733333333333334 0.24635416666666668 0.02 0.022916666666666665
13 0.11708333333333333 0.29791666666666666 0.20083333333333334 0.019791666666666666
13 0.9091666666666667 0.29791666666666666 0.058333333333333334 0.019791666666666666
6 0.9733333333333334 0.29791666666666666 0.02 0.022916666666666665
13 0.11625 0.3494791666666667 0.19916666666666666 0.019791666666666666
13 0.9183333333333333 0.3494791666666667 0.04 0.019791666666666666
6 0.9733333333333334 0.3494791666666667 0.02 0.022916666666666665
13 0.09083333333333334 0.4010416666666667 0.14833333333333334 0.019791666666666666
13 0.9183333333333333 0.4010416666666667 0.04 0.019791666666666666
6 0.9733333333333334 0.4010416666666667 0.02 0.022916666666666665