6 0.0515625 0.059375 0.0234375 0.02734375
13 0.10625 0.059375 0.059375 0.02265625
13 0.86640625 0.059375 0.0796875 0.05
13 0.946875 0.059375 0.0796875 0.05
8 0.4421875 0.13046875 0.11640625 0.034375
8 0.5578125 0.13046875 0.11640625 0.034375
13 0.121875 0.19453125 0.21015625 0.01953125
13 0.909375 0.19453125 0.05859375 0.01953125
6 0.9734375 0.19453125 0.0203125 0.02265625
13 0.121875 0.24609375 0.2109375 0.01953125
13 0.91796875 0.24609375 0.03984375 0.01953125
6 0.9734375 0.24609375 0.0203125 0.02265625
13 0.1171875 0.29765625 0.20078125 0.01953125
13 0.909375 0.29765625 0.05859375 0.01953125
6 0.9734375 0.29765625 0.0203125 0.02265625
13 0.11640625 0.34921875 0.19921875 0.01953125
13 0.91796875 0.34921875 0.03984375 0.01953125
6 0.9734375 0.34921875 0.0203125 0.02265625
13 0.090625 0.40078125 0.1484375 0.01953125
13 0.91796875 0.40078125 0.03984375 0.01953125
6 0.9734375 0.40078125 0.0203125 0.02265625