5 0.06015625 0.059375 0.09296875 0.06640625
13 0.18984375 0.059375 0.1125 0.0265625
13 0.93984375 0.059375 0.09296875 0.05
13 0.1328125 0.11796875 0.0671875 0.01953125
13 0.39921875 0.11796875 0.1390625 0.01953125
13 0.66640625 0.11796875 0.08828125 0.01953125
13 0.9328125 0.11796875 0.115625 0.01953125
5 0.1890625 0.209375 0.09140625 0.05703125
13 0.1890625 0.26015625 0.1 0.03203125
5 0.49921875 0.209375 0.09140625 0.05703125
13 0.49921875 0.26015625 0.2375 0.03203125
5 0.81015625 0.209375 0.09140625 0.05703125
13 0.81015625 0.26015625 0.234375 0.03203125
13 0.40703125 0.62265625 0.746875 0.09140625
13 0.40703125 0.68984375 0.746875 0.0421875
6 0.5 0.88046875 0.86484375 0.22890625