5 0.06 0.059375 0.09333333333333334 0.06666666666666667
13 0.18958333333333333 0.05911458333333333 0.1125 0.0265625
13 0.94 0.059375 0.09333333333333334 0.05
13 0.13291666666666666 0.11770833333333333 0.0675 0.019791666666666666
13 0.39958333333333335 0.11770833333333333 0.13916666666666666 0.019791666666666666
13 0.6666666666666666 0.11770833333333333 0.08833333333333333 0.019791666666666666
13 0.9329166666666666 0.11770833333333333 0.11583333333333333 0.019791666666666666
5 0.18916666666666668 0.209375 0.09166666666666666 0.057291666666666664
13 0.18916666666666668 0.26015625 0.1 0.03177083333333333
5 0.49916666666666665 0.209375 0.09166666666666666 0.057291666666666664
13 0.4995833333333333 0.26015625 0.2375 0.03177083333333333
5 0.81 0.209375 0.09166666666666666 0.057291666666666664
13 0.8104166666666667 0.26015625 0.23416666666666666 0.03177083333333333
13 0.4066666666666667 0.6229166666666667 0.7466666666666667 0.09166666666666666
13 0.4066666666666667 0.68984375 0.7466666666666667 0.0421875
6 0.5 0.8807291666666667 0.865 0.22916666666666666