5 0.06 0.059375 0.09333333333333334 0.06666666666666667
13 0.3433333333333333 0.059375 0.42 0.028125
6 0.06 0.13020833333333334 0.05333333333333334 0.03333333333333333
13 0.19708333333333333 0.12135416666666667 0.1875 0.019791666666666666
13 0.23 0.13984375 0.25333333333333335 0.0171875
6 0.06 0.20625 0.05333333333333334 0.03333333333333333
13 0.17333333333333334 0.19739583333333333 0.14 0.019791666666666666
13 0.16166666666666665 0.21588541666666666 0.11666666666666667 0.0171875
6 0.06 0.28229166666666666 0.05333333333333334 0.03333333333333333
13 0.1325 0.2734375 0.058333333333333334 0.019791666666666666
13 0.22375 0.29192708333333334 0.24083333333333334 0.0171875
6 0.06 0.35833333333333334 0.05333333333333334 0.03333333333333333
13 0.15625 0.3494791666666667 0.10583333333333333 0.019791666666666666
13 0.19708333333333333 0.36796875 0.1875 0.0171875
6 0.06 0.434375 0.05333333333333334 0.03333333333333333
13 0.30625 0.42552083333333335 0.4058333333333333 0.019791666666666666
13 0.33125 0.4440104166666667 0.4558333333333333 0.0171875
6 0.06 0.5104166666666666 0.05333333333333334 0.03333333333333333
13 0.17708333333333334 0.5015625 0.1475 0.019791666666666666
13 0.30791666666666667 0.5200520833333333 0.4091666666666667 0.0171875
6 0.06666666666666667 0.14322916666666666 0.08 0.05
13 0.26666666666666666 0.184375 0.48 0.019791666666666666
13 0.26666666666666666 0.20598958333333334 0.48 0.0234375
2 0.26666666666666666 0.2677083333333333 0.4533333333333333 0.05
2 0.26666666666666666 0.3177083333333333 0.4533333333333333 0.05
2 0.26666666666666666 0.36770833333333336 0.4533333333333333 0.05
2 0.26666666666666666 0.41770833333333335 0.4533333333333333 0.05
2 0.26666666666666666 0.46770833333333334 0.4533333333333333 0.05
2 0.26666666666666666 0.5177083333333333 0.4533333333333333 0.05
2 0.26666666666666666 0.5677083333333334 0.4533333333333333 0.05