5 0.06 0.059375 0.09333333333333334 0.06666666666666667
13 0.3433333333333333 0.059375 0.42 0.028125
13 0.9466666666666667 0.059375 0.08 0.05
6 0.06666666666666667 0.134375 0.1 0.0625
13 0.5583333333333333 0.13411458333333334 0.85 0.04739583333333333
6 0.06666666666666667 0.21875 0.1 0.0625
13 0.30291666666666667 0.21848958333333332 0.33916666666666667 0.025520833333333333
6 0.06666666666666667 0.303125 0.1 0.0625
13 0.3954166666666667 0.3028645833333333 0.5241666666666667 0.025520833333333333
6 0.06666666666666667 0.3875 0.1 0.0625
13 0.4891666666666667 0.38723958333333336 0.7116666666666667 0.025520833333333333
6 0.06666666666666667 0.471875 0.1 0.0625
13 0.43041666666666667 0.47161458333333334 0.5941666666666666 0.025520833333333333
6 0.06666666666666667 0.55625 0.1 0.0625
13 0.5583333333333333 0.5559895833333334 0.85 0.04739583333333333
6 0.06666666666666667 0.640625 0.1 0.0625
13 0.49541666666666667 0.6403645833333333 0.7241666666666666 0.025520833333333333
6 0.06666666666666667 0.725 0.1 0.0625
13 0.44166666666666665 0.7247395833333333 0.6166666666666667 0.025520833333333333
6 0.06666666666666667 0.809375 0.1 0.0625
13 0.5583333333333333 0.8091145833333333 0.85 0.04739583333333333
6 0.06666666666666667 0.89375 0.1 0.0625
13 0.17541666666666667 0.8934895833333333 0.08416666666666667 0.025520833333333333
6 0.06666666666666667 0.9734375 0.1 0.053125
6 0.06666666666666667 0.14322916666666666 0.08 0.05
13 0.26666666666666666 0.184375 0.48 0.019791666666666666
13 0.26666666666666666 0.20598958333333334 0.48 0.0234375
2 0.26666666666666666 0.2677083333333333 0.4533333333333333 0.05
2 0.26666666666666666 0.3177083333333333 0.4533333333333333 0.05
2 0.26666666666666666 0.36770833333333336 0.4533333333333333 0.05
2 0.26666666666666666 0.41770833333333335 0.4533333333333333 0.05
2 0.26666666666666666 0.46770833333333334 0.4533333333333333 0.05
2 0.26666666666666666 0.5177083333333333 0.4533333333333333 0.05
2 0.26666666666666666 0.5677083333333334 0.4533333333333333 0.05