13 0.181875 0.065234375 0.17125 0.02109375
13 0.416875 0.060546875 0.21125 0.02578125
13 0.5525 0.106640625 0.4025 0.02734375
13 0.125 0.14921875 0.1275 0.0234375
3 0.511875 0.148046875 0.59125 0.02578125
5 0.8825 0.152734375 0.0375 0.02578125
0 0.94625 0.14921875 0.07 0.0234375
0 0.795 0.108203125 0.045 0.03359375
0 0.881875 0.11328125 0.05875 0.03125
0 0.96 0.112890625 0.0575 0.02109375
5 0.9425 0.053125 0.0475 0.028125
6 0.065625 0.062109375 0.05125 0.02265625
6 0.0375 0.149609375 0.0475 0.02578125