5 0.06015625 0.059375 0.09296875 0.06640625
13 0.34296875 0.059375 0.4203125 0.028125
13 0.946875 0.059375 0.0796875 0.05
6 0.06640625 0.134375 0.1 0.0625
13 0.55859375 0.134375 0.85 0.04765625
6 0.06640625 0.21875 0.1 0.0625
13 0.303125 0.21875 0.3390625 0.02578125
6 0.06640625 0.303125 0.1 0.0625
13 0.3953125 0.303125 0.52421875 0.02578125
6 0.06640625 0.3875 0.1 0.0625
13 0.4890625 0.3875 0.71171875 0.02578125
6 0.06640625 0.471875 0.1 0.0625
13 0.43046875 0.471875 0.59453125 0.02578125
6 0.06640625 0.55625 0.1 0.0625
13 0.55859375 0.55625 0.85 0.04765625
6 0.06640625 0.640625 0.1 0.0625
13 0.4953125 0.640625 0.72421875 0.02578125
6 0.06640625 0.725 0.1 0.0625
13 0.44140625 0.725 0.61640625 0.02578125
6 0.06640625 0.809375 0.1 0.0625
13 0.55859375 0.809375 0.85 0.04765625
6 0.06640625 0.89375 0.1 0.0625
13 0.17578125 0.89375 0.084375 0.02578125
6 0.06640625 0.9734375 0.1 0.053125
6 0.06640625 0.14296875 0.0796875 0.05
13 0.26640625 0.184375 0.4796875 0.01953125
13 0.26640625 0.20625 0.4796875 0.0234375
2 0.26640625 0.26796875 0.453125 0.05
2 0.26640625 0.31796875 0.453125 0.05
2 0.26640625 0.36796875 0.453125 0.05
2 0.26640625 0.41796875 0.453125 0.05
2 0.26640625 0.46796875 0.453125 0.05
2 0.26640625 0.51796875 0.453125 0.05
2 0.26640625 0.56796875 0.453125 0.05