13 0.18203125 0.065625 0.17109375 0.02109375
13 0.4171875 0.0609375 0.2109375 0.02578125
13 0.55234375 0.10625 0.40234375 0.02734375
13 0.125 0.14921875 0.12734375 0.0234375
3 0.51171875 0.1484375 0.59140625 0.02578125
5 0.8828125 0.153125 0.0375 0.02578125
0 0.94609375 0.14921875 0.0703125 0.0234375
0 0.7953125 0.1078125 0.0453125 0.03359375
0 0.88203125 0.11328125 0.05859375 0.03125
0 0.96015625 0.1125 0.0578125 0.02109375
5 0.9421875 0.053125 0.04765625 0.028125
6 0.065625 0.0625 0.0515625 0.02265625
6 0.0375 0.15 0.04765625 0.02578125