13 0.5 0.278125 0.91328125 0.05
13 0.1171875 0.328125 0.14765625 0.05
11 0.8859375 0.328125 0.090625 0.02890625
13 0.87265625 0.328125 0.0640625 0.02890625
2 0.5 0.37890625 0.91328125 0.05
2 0.5 0.43046875 0.91328125 0.05
2 0.5 0.48125 0.91328125 0.05
13 0.09609375 0.53046875 0.10546875 0.05
3 0.50703125 0.5296875 0.715625 0.04765625
6 0.9046875 0.53046875 0.0796875 0.05
13 0.1296875 0.58125 0.17265625 0.05
3 0.540625 0.58125 0.64921875 0.04765625
6 0.9046875 0.58125 0.0796875 0.05
13 0.16015625 0.63203125 0.234375 0.05
1 0.9171875 0.63203125 0.078125 0.03359375
0 0.765625 0.690625 0.128125 0.05625
0 0.88359375 0.690625 0.10703125 0.05625