13 0.14333333333333334 0.05572916666666667 0.21833333333333332 0.026041666666666668
13 0.5075 0.10286458333333333 0.22833333333333333 0.03697916666666667
13 0.5108333333333334 0.27369791666666665 0.175 0.0296875
13 0.4579166666666667 0.3221354166666667 0.7441666666666666 0.0296875
13 0.5008333333333334 0.37786458333333334 0.83 0.0390625
13 0.39208333333333334 0.44244791666666666 0.6025 0.0296875
6 0.04875 0.31640625 0.0475 0.03697916666666667
6 0.04625 0.38046875 0.0475 0.03697916666666667
6 0.041666666666666664 0.44609375 0.05333333333333334 0.03697916666666667
0 0.5020833333333333 0.8723958333333334 0.9591666666666666 0.059375
5 0.9495833333333333 0.058333333333333334 0.060833333333333336 0.03333333333333333