6 0.5 0.48802083333333335 1 0.9239583333333333
6 0.08333333333333333 0.09635416666666667 0.16666666666666666 0.036458333333333336
13 0.55 0.09635416666666667 0.20166666666666666 0.036458333333333336
6 0.9625 0.09635416666666667 0.058333333333333334 0.026041666666666668
13 0.04125 0.12630208333333334 0.049166666666666664 0.021354166666666667
13 0.05 0.14895833333333333 0.06666666666666667 0.023958333333333335
6 0.20583333333333334 0.14427083333333332 0.06666666666666667 0.041666666666666664
13 0.3475 0.14427083333333332 0.21666666666666667 0.019791666666666666
13 0.5641666666666667 0.14427083333333332 0.10833333333333334 0.023958333333333335
13 0.6370833333333333 0.14427083333333332 0.0375 0.023958333333333335
13 0.71 0.14427083333333332 0.10833333333333334 0.023958333333333335
6 0.8383333333333334 0.14427083333333332 0.04 0.0125
13 0.9 0.14427083333333332 0.08333333333333333 0.023958333333333335
6 0.9625 0.14427083333333332 0.041666666666666664 0.03958333333333333
13 0.04625 0.18463541666666666 0.059166666666666666 0.021354166666666667
13 0.05 0.20729166666666668 0.06666666666666667 0.023958333333333335
6 0.20583333333333334 0.20260416666666667 0.06666666666666667 0.041666666666666664
13 0.3475 0.20260416666666667 0.21666666666666667 0.019791666666666666
13 0.5641666666666667 0.20260416666666667 0.10833333333333334 0.023958333333333335
13 0.6370833333333333 0.20260416666666667 0.0375 0.023958333333333335
13 0.71 0.20260416666666667 0.10833333333333334 0.023958333333333335
6 0.8383333333333334 0.20260416666666667 0.04 0.0125
13 0.9 0.20260416666666667 0.08333333333333333 0.023958333333333335
6 0.9625 0.20260416666666667 0.041666666666666664 0.03958333333333333
13 0.042083333333333334 0.24296875 0.050833333333333335 0.021354166666666667
13 0.05 0.265625 0.06666666666666667 0.023958333333333335
6 0.20583333333333334 0.2609375 0.06666666666666667 0.041666666666666664
13 0.3475 0.2609375 0.21666666666666667 0.019791666666666666
13 0.5641666666666667 0.2609375 0.10833333333333334 0.023958333333333335
13 0.6370833333333333 0.2609375 0.0375 0.023958333333333335
13 0.71 0.2609375 0.10833333333333334 0.023958333333333335
6 0.8383333333333334 0.2609375 0.04 0.0125
13 0.9 0.2609375 0.08333333333333333 0.023958333333333335
6 0.9625 0.2609375 0.041666666666666664 0.03958333333333333
13 0.03375 0.30130208333333336 0.034166666666666665 0.021354166666666667
13 0.05 0.32395833333333335 0.06666666666666667 0.023958333333333335
6 0.20583333333333334 0.31927083333333334 0.06666666666666667 0.041666666666666664
13 0.3475 0.31927083333333334 0.21666666666666667 0.019791666666666666
13 0.5641666666666667 0.31927083333333334 0.10833333333333334 0.023958333333333335
13 0.6370833333333333 0.31927083333333334 0.0375 0.023958333333333335
13 0.71 0.31927083333333334 0.10833333333333334 0.023958333333333335
6 0.8383333333333334 0.31927083333333334 0.04 0.0125
13 0.9 0.31927083333333334 0.08333333333333333 0.023958333333333335
6 0.9625 0.31927083333333334 0.041666666666666664 0.03958333333333333
13 0.0375 0.35963541666666665 0.041666666666666664 0.021354166666666667
13 0.05 0.38229166666666664 0.06666666666666667 0.023958333333333335
6 0.20583333333333334 0.3776041666666667 0.06666666666666667 0.041666666666666664
13 0.3475 0.3776041666666667 0.21666666666666667 0.019791666666666666
13 0.5641666666666667 0.3776041666666667 0.10833333333333334 0.023958333333333335
13 0.6370833333333333 0.3776041666666667 0.0375 0.023958333333333335
13 0.71 0.3776041666666667 0.10833333333333334 0.023958333333333335
6 0.8383333333333334 0.3776041666666667 0.04 0.0125
13 0.9 0.3776041666666667 0.08333333333333333 0.023958333333333335
6 0.9625 0.3776041666666667 0.041666666666666664 0.03958333333333333
13 0.042083333333333334 0.41796875 0.050833333333333335 0.021354166666666667
13 0.05 0.440625 0.06666666666666667 0.023958333333333335
6 0.20583333333333334 0.4359375 0.06666666666666667 0.041666666666666664
13 0.3475 0.4359375 0.21666666666666667 0.019791666666666666
13 0.5641666666666667 0.4359375 0.10833333333333334 0.023958333333333335
13 0.6370833333333333 0.4359375 0.0375 0.023958333333333335
13 0.71 0.4359375 0.10833333333333334 0.023958333333333335
6 0.8383333333333334 0.4359375 0.04 0.0125
13 0.9 0.4359375 0.08333333333333333 0.023958333333333335
6 0.9625 0.4359375 0.041666666666666664 0.03958333333333333
13 0.04708333333333333 0.47630208333333335 0.060833333333333336 0.021354166666666667
13 0.05 0.49895833333333334 0.06666666666666667 0.023958333333333335
6 0.20583333333333334 0.4942708333333333 0.06666666666666667 0.041666666666666664
13 0.3475 0.4942708333333333 0.21666666666666667 0.019791666666666666
13 0.5641666666666667 0.4942708333333333 0.10833333333333334 0.023958333333333335
13 0.6370833333333333 0.4942708333333333 0.0375 0.023958333333333335
13 0.71 0.4942708333333333 0.10833333333333334 0.023958333333333335
6 0.8383333333333334 0.4942708333333333 0.04 0.0125
13 0.9 0.4942708333333333 0.08333333333333333 0.023958333333333335
6 0.9625 0.4942708333333333 0.041666666666666664 0.03958333333333333
13 0.04125 0.5346354166666667 0.049166666666666664 0.021354166666666667
13 0.05 0.5572916666666666 0.06666666666666667 0.023958333333333335
6 0.20583333333333334 0.5526041666666667 0.06666666666666667 0.041666666666666664
13 0.3475 0.5526041666666667 0.21666666666666667 0.019791666666666666
13 0.5641666666666667 0.5526041666666667 0.10833333333333334 0.023958333333333335
13 0.6370833333333333 0.5526041666666667 0.0375 0.023958333333333335
13 0.71 0.5526041666666667 0.10833333333333334 0.023958333333333335
6 0.8383333333333334 0.5526041666666667 0.04 0.0125
13 0.9 0.5526041666666667 0.08333333333333333 0.023958333333333335
6 0.9625 0.5526041666666667 0.041666666666666664 0.03958333333333333
13 0.04625 0.59296875 0.059166666666666666 0.021354166666666667
13 0.05 0.615625 0.06666666666666667 0.023958333333333335
6 0.20583333333333334 0.6109375 0.06666666666666667 0.041666666666666664
13 0.3475 0.6109375 0.21666666666666667 0.019791666666666666
13 0.5641666666666667 0.6109375 0.10833333333333334 0.023958333333333335
13 0.6370833333333333 0.6109375 0.0375 0.023958333333333335
13 0.71 0.6109375 0.10833333333333334 0.023958333333333335
6 0.8383333333333334 0.6109375 0.04 0.0125
13 0.9 0.6109375 0.08333333333333333 0.023958333333333335
6 0.9625 0.6109375 0.041666666666666664 0.03958333333333333
6 0.058333333333333334 0.6692708333333334 0.07 0.042708333333333334
13 0.14333333333333334 0.6578125 0.09333333333333334 0.019791666666666666
13 0.14333333333333334 0.6776041666666667 0.09333333333333334 0.019791666666666666
6 0.3466666666666667 0.66875 0.06666666666666667 0.041666666666666664
13 0.42583333333333334 0.6578125 0.085 0.019791666666666666
13 0.4295833333333333 0.6776041666666667 0.0925 0.019791666666666666
6 0.6283333333333333 0.66875 0.06666666666666667 0.041666666666666664
13 0.7208333333333333 0.6578125 0.11166666666666666 0.019791666666666666
13 0.7429166666666667 0.6776041666666667 0.15583333333333332 0.019791666666666666
6 0.056666666666666664 0.7166666666666667 0.06666666666666667 0.041666666666666664
13 0.15208333333333332 0.7057291666666666 0.1175 0.019791666666666666
13 0.1475 0.7255208333333333 0.10833333333333334 0.019791666666666666
6 0.3466666666666667 0.7166666666666667 0.06666666666666667 0.041666666666666664
13 0.4379166666666667 0.7057291666666666 0.10916666666666666 0.019791666666666666
13 0.4375 0.7255208333333333 0.10833333333333334 0.019791666666666666
6 0.6283333333333333 0.7166666666666667 0.06666666666666667 0.041666666666666664
13 0.7420833333333333 0.7057291666666666 0.15416666666666667 0.019791666666666666
13 0.76875 0.7255208333333333 0.2075 0.019791666666666666
13 0.06708333333333333 0.7578125 0.08416666666666667 0.019791666666666666
13 0.4741666666666667 0.7776041666666667 0.8983333333333333 0.019791666666666666
13 0.042083333333333334 0.8075520833333333 0.050833333333333335 0.021354166666666667
13 0.05 0.8302083333333333 0.06666666666666667 0.023958333333333335
6 0.20583333333333334 0.8255208333333334 0.06666666666666667 0.041666666666666664
13 0.3475 0.8255208333333334 0.21666666666666667 0.019791666666666666
13 0.5641666666666667 0.8255208333333334 0.10833333333333334 0.023958333333333335
13 0.6370833333333333 0.8255208333333334 0.0375 0.023958333333333335
13 0.71 0.8255208333333334 0.10833333333333334 0.023958333333333335
6 0.8383333333333334 0.8255208333333334 0.04 0.0125
13 0.9 0.8255208333333334 0.08333333333333333 0.023958333333333335
6 0.9625 0.8255208333333334 0.041666666666666664 0.03958333333333333
13 0.18291666666666667 0.9278645833333333 0.08083333333333333 0.021354166666666667
13 0.29875 0.9278645833333333 0.08416666666666667 0.021354166666666667
13 0.40708333333333335 0.9278645833333333 0.06583333333333333 0.021354166666666667
13 0.51875 0.9278645833333333 0.08916666666666667 0.021354166666666667
13 0.6341666666666667 0.9278645833333333 0.075 0.021354166666666667
13 0.74125 0.9278645833333333 0.0725 0.021354166666666667
13 0.8583333333333333 0.9278645833333333 0.095 0.021354166666666667