13 0.50625 0.18515625 0.5578125 0.2421875
13 0.49765625 0.3921875 0.6828125 0.159375
13 0.5046875 0.55625 0.5484375 0.1453125
13 0.509375 0.7234375 0.71640625 0.15625
6 0.33359375 0.846875 0.51484375 0.08203125
13 0.4390625 0.9109375 0.39140625 0.02109375
13 0.7484375 0.84453125 0.27890625 0.0734375
6 0.703125 0.91953125 0.10390625 0.0421875
3 0.4625 0.03125 0.76484375 0.05
5 0.8828125 0.02734375 0.0609375 0.0421875
5 0.959375 0.02421875 0.0609375 0.0421875
5 0.95625 0.06875 0.0625 0.03203125
5 0.0390625 0.0703125 0.0609375 0.034375
5 0.034375 0.025 0.0609375 0.04375