13 0.50625 0.18515625 0.5575 0.2421875
13 0.4975 0.3921875 0.6825 0.159375
13 0.504375 0.55625 0.54875 0.1453125
13 0.509375 0.7234375 0.71625 0.15625
6 0.33375 0.846484375 0.515 0.08203125
13 0.439375 0.910546875 0.39125 0.02109375
13 0.748125 0.84453125 0.27875 0.0734375
6 0.703125 0.91953125 0.10375 0.0421875
3 0.4625 0.03125 0.765 0.05
5 0.883125 0.02734375 0.06125 0.0421875
5 0.959375 0.02421875 0.06125 0.0421875
5 0.95625 0.069140625 0.0625 0.03203125
5 0.039375 0.0703125 0.06125 0.034375
5 0.034375 0.025 0.06125 0.04375