6 0.03125 0.05520833333333333 0.0625 0.025
6 0.05708333333333333 0.05546875 0.0008333333333333334 0.0005208333333333333
13 0.24666666666666667 0.05520833333333333 0.33166666666666667 0.03125
13 0.19833333333333333 0.14114583333333333 0.2966666666666667 0.030208333333333334
3 0.5 0.175 0.9333333333333333 0.0375
3 0.5 0.2125 0.9333333333333333 0.0375
13 0.455 0.26640625 0.81 0.021354166666666667
0 0.5 0.328125 0.9333333333333333 0.052083333333333336
13 0.5 0.384375 0.20333333333333334 0.01875
13 0.2275 0.46484375 0.355 0.058854166666666666
13 0.47708333333333336 0.5138020833333333 0.8541666666666666 0.0390625
6 0.9604166666666667 0.49453125 0.0125 0.013020833333333334
6 0.5 0.56015625 0.9666666666666667 0.011979166666666667