6 0.03125 0.05546875 0.0625 0.025
6 0.05703125 0.05546875 0.00078125 0.00078125
13 0.246875 0.05546875 0.33203125 0.03125
13 0.1984375 0.14140625 0.296875 0.03046875
3 0.5 0.175 0.93359375 0.0375
3 0.5 0.2125 0.93359375 0.0375
13 0.4546875 0.26640625 0.81015625 0.02109375
0 0.5 0.328125 0.93359375 0.05234375
13 0.5 0.384375 0.203125 0.01875
13 0.22734375 0.46484375 0.3546875 0.05859375
13 0.47734375 0.5140625 0.85390625 0.0390625
6 0.96015625 0.49453125 0.0125 0.01328125
6 0.5 0.56015625 0.96640625 0.01171875