6 0.5 0.48828125 1 0.92421875
6 0.08359375 0.09609375 0.16640625 0.03671875
13 0.55 0.09609375 0.26640625 0.03671875
6 0.9625 0.09609375 0.05859375 0.02578125
13 0.04140625 0.1265625 0.04921875 0.02109375
13 0.05 0.14921875 0.06640625 0.02421875
6 0.20546875 0.14453125 0.06640625 0.04140625
13 0.34765625 0.14453125 0.21640625 0.01953125
13 0.5640625 0.14453125 0.10859375 0.02421875
13 0.63671875 0.14453125 0.0375 0.02421875
13 0.71015625 0.14453125 0.10859375 0.02421875
6 0.83828125 0.14453125 0.03984375 0.0125
13 0.9 0.14453125 0.08359375 0.02421875
6 0.9625 0.14453125 0.04140625 0.03984375
13 0.04609375 0.184375 0.059375 0.02109375
13 0.05 0.20703125 0.06640625 0.02421875
6 0.20546875 0.20234375 0.06640625 0.04140625
13 0.34765625 0.20234375 0.21640625 0.01953125
13 0.5640625 0.20234375 0.10859375 0.02421875
13 0.63671875 0.20234375 0.0375 0.02421875
13 0.71015625 0.20234375 0.10859375 0.02421875
6 0.83828125 0.20234375 0.03984375 0.0125
13 0.9 0.20234375 0.08359375 0.02421875
6 0.9625 0.20234375 0.04140625 0.03984375
13 0.0421875 0.24296875 0.05078125 0.02109375
13 0.05 0.265625 0.06640625 0.02421875
6 0.20546875 0.2609375 0.06640625 0.04140625
13 0.34765625 0.2609375 0.21640625 0.01953125
13 0.5640625 0.2609375 0.10859375 0.02421875
13 0.63671875 0.2609375 0.0375 0.02421875
13 0.71015625 0.2609375 0.10859375 0.02421875
6 0.83828125 0.2609375 0.03984375 0.0125
13 0.9 0.2609375 0.08359375 0.02421875
6 0.9625 0.2609375 0.04140625 0.03984375
13 0.03359375 0.3015625 0.034375 0.02109375
13 0.05 0.32421875 0.06640625 0.02421875
6 0.20546875 0.31953125 0.06640625 0.04140625
13 0.34765625 0.31875 0.21640625 0.0421875
13 0.5640625 0.31953125 0.10859375 0.02421875
13 0.63671875 0.31953125 0.0375 0.02421875
13 0.71015625 0.31953125 0.10859375 0.02421875
6 0.83828125 0.31953125 0.03984375 0.0125
13 0.9 0.31953125 0.08359375 0.02421875
6 0.9625 0.31953125 0.04140625 0.03984375
6 0.05859375 0.37734375 0.0703125 0.04296875
13 0.14296875 0.36640625 0.09296875 0.01953125
13 0.14296875 0.3859375 0.09296875 0.01953125
6 0.34609375 0.37734375 0.06640625 0.04140625
13 0.425 0.36640625 0.08515625 0.01953125
13 0.42890625 0.3859375 0.0921875 0.01953125
6 0.6265625 0.37734375 0.06640625 0.04140625
13 0.71953125 0.36640625 0.11171875 0.01953125
13 0.74921875 0.3859375 0.171875 0.01953125
6 0.05703125 0.425 0.06640625 0.04140625
13 0.15234375 0.4140625 0.1171875 0.01953125
13 0.13984375 0.43359375 0.09296875 0.01953125
6 0.34609375 0.425 0.06640625 0.04140625
13 0.43671875 0.4140625 0.109375 0.01953125
13 0.42890625 0.43359375 0.0921875 0.01953125
6 0.6265625 0.425 0.06640625 0.04140625
13 0.740625 0.4140625 0.15390625 0.01953125
13 0.76796875 0.43359375 0.21015625 0.01953125
13 0.0671875 0.46640625 0.084375 0.01953125
13 0.31484375 0.4859375 0.5796875 0.01953125
13 0.0375 0.515625 0.04140625 0.02109375
13 0.05 0.53828125 0.06640625 0.02421875
6 0.20546875 0.53359375 0.06640625 0.04140625
13 0.34765625 0.53359375 0.21640625 0.0421875
13 0.5640625 0.53359375 0.10859375 0.02421875
13 0.63671875 0.53359375 0.0375 0.02421875
13 0.71015625 0.53359375 0.10859375 0.02421875
6 0.83828125 0.53359375 0.03984375 0.0125
13 0.9 0.53359375 0.08359375 0.02421875
6 0.9625 0.53359375 0.04140625 0.03984375
13 0.0421875 0.57421875 0.05078125 0.02109375
13 0.05 0.596875 0.06640625 0.02421875
6 0.20546875 0.5921875 0.06640625 0.04140625
13 0.34765625 0.5921875 0.21640625 0.01953125
13 0.5640625 0.5921875 0.10859375 0.02421875
13 0.63671875 0.5921875 0.0375 0.02421875
13 0.71015625 0.5921875 0.10859375 0.02421875
6 0.83828125 0.5921875 0.03984375 0.0125
13 0.9 0.5921875 0.08359375 0.02421875
6 0.9625 0.5921875 0.04140625 0.03984375
13 0.046875 0.6328125 0.0609375 0.02109375
13 0.05 0.65546875 0.06640625 0.02421875
6 0.20546875 0.65078125 0.06640625 0.04140625
13 0.34765625 0.65078125 0.21640625 0.01953125
13 0.5640625 0.65078125 0.10859375 0.02421875
13 0.63671875 0.65078125 0.0375 0.02421875
13 0.71015625 0.65078125 0.10859375 0.02421875
6 0.83828125 0.65078125 0.03984375 0.0125
13 0.9 0.65078125 0.08359375 0.02421875
6 0.9625 0.65078125 0.04140625 0.03984375
13 0.04140625 0.690625 0.04921875 0.02109375
13 0.05 0.71328125 0.06640625 0.02421875
6 0.20546875 0.70859375 0.06640625 0.04140625
13 0.34765625 0.70859375 0.21640625 0.01953125
13 0.5640625 0.70859375 0.10859375 0.02421875
13 0.63671875 0.70859375 0.0375 0.02421875
13 0.71015625 0.70859375 0.10859375 0.02421875
6 0.83828125 0.70859375 0.03984375 0.0125
13 0.9 0.70859375 0.08359375 0.02421875
6 0.9625 0.70859375 0.04140625 0.03984375
13 0.04609375 0.74921875 0.059375 0.02109375
13 0.05 0.771875 0.06640625 0.02421875
6 0.20546875 0.7671875 0.06640625 0.04140625
13 0.34765625 0.7671875 0.21640625 0.01953125
13 0.5640625 0.7671875 0.10859375 0.02421875
13 0.63671875 0.7671875 0.0375 0.02421875
13 0.71015625 0.7671875 0.10859375 0.02421875
6 0.83828125 0.7671875 0.03984375 0.0125
13 0.9 0.7671875 0.08359375 0.02421875
6 0.9625 0.7671875 0.04140625 0.03984375
13 0.0421875 0.8078125 0.05078125 0.02109375
13 0.05 0.83046875 0.06640625 0.02421875
6 0.20546875 0.82578125 0.06640625 0.04140625
13 0.34765625 0.82578125 0.21640625 0.01953125
13 0.5640625 0.82578125 0.10859375 0.02421875
13 0.63671875 0.82578125 0.0375 0.02421875
13 0.71015625 0.82578125 0.10859375 0.02421875
6 0.83828125 0.82578125 0.03984375 0.0125
13 0.9 0.82578125 0.08359375 0.02421875
6 0.9625 0.82578125 0.04140625 0.03984375
13 0.1828125 0.928125 0.08046875 0.02109375
13 0.3015625 0.928125 0.08984375 0.02109375
13 0.42421875 0.928125 0.0890625 0.02109375
13 0.53515625 0.928125 0.059375 0.02109375
13 0.63984375 0.928125 0.075 0.02109375
13 0.74375 0.928125 0.05234375 0.02109375
13 0.85859375 0.928125 0.0953125 0.02109375