13 0.178125 0.0546875 0.12875 0.040625
5 0.05875 0.063671875 0.065 0.02578125
13 0.741875 0.1328125 0.18375 0.184375
13 0.131875 0.112109375 0.17625 0.02734375
13 0.408125 0.118359375 0.10875 0.03203125
13 0.226875 0.259765625 0.15375 0.03359375
13 0.5 0.25078125 0.065 0.0359375
13 0.775 0.255859375 0.095 0.02265625
13 0.21375 0.350390625 0.1275 0.03359375
13 0.5125 0.3484375 0.0875 0.025
13 0.776875 0.355859375 0.19125 0.03203125
13 0.220625 0.45625 0.12875 0.025
13 0.49625 0.45078125 0.085 0.0296875
13 0.78 0.45390625 0.1325 0.0296875
13 0.219375 0.54921875 0.24875 0.028125
13 0.505 0.545703125 0.1025 0.03671875
13 0.78125 0.554296875 0.085 0.03359375
13 0.22 0.651953125 0.19 0.03203125
13 0.496875 0.646484375 0.08125 0.03671875
13 0.785625 0.654296875 0.11375 0.03203125
13 0.21875 0.746875 0.0775 0.034375
13 0.505 0.740234375 0.1025 0.04140625
13 0.786875 0.752734375 0.24875 0.02109375
13 0.219375 0.851953125 0.16125 0.02734375
13 0.498125 0.844921875 0.08875 0.02578125
13 0.771875 0.849609375 0.24875 0.02734375
6 0.0775 0.2515625 0.065 0.0453125
6 0.076875 0.347265625 0.10125 0.06015625
6 0.9325 0.249609375 0.0575 0.05078125
6 0.9275 0.3625 0.07 0.0578125
6 0.940625 0.4515625 0.08875 0.0453125
6 0.9375 0.5546875 0.07 0.04375
6 0.93125 0.65078125 0.07 0.0484375
6 0.065625 0.45 0.08125 0.05
6 0.06 0.553125 0.0625 0.0546875
6 0.0725 0.651953125 0.0875 0.04296875
6 0.074375 0.7484375 0.08375 0.04375
6 0.0725 0.849609375 0.1025 0.03671875
6 0.08 0.89921875 0.11 0.053125
6 0.935625 0.85390625 0.05875 0.053125
6 0.940625 0.9359375 0.06875 0.034375