13 0.1859375 0.05 0.14609375 0.03203125
13 0.2171875 0.1390625 0.39765625 0.02265625
13 0.0703125 0.2109375 0.1140625 0.0234375
13 0.24609375 0.30625 0.47265625 0.0359375
13 0.0765625 0.3765625 0.13984375 0.02734375
13 0.2265625 0.478125 0.44140625 0.01796875
13 0.065625 0.5484375 0.11640625 0.02265625
13 0.23359375 0.6421875 0.4328125 0.02734375
13 0.0640625 0.715625 0.12109375 0.0203125
13 0.3015625 0.82578125 0.5890625 0.0390625
13 0.1015625 0.88515625 0.1875 0.0203125
6 0.8234375 0.20234375 0.325 0.14375
6 0.82578125 0.3671875 0.3359375 0.14921875
6 0.825 0.5421875 0.3328125 0.14921875
6 0.821875 0.70625 0.3359375 0.14921875
6 0.82265625 0.87109375 0.31484375 0.1421875
13 0.075 0.096875 0.1046875 0.0203125
13 0.1796875 0.09375 0.0875 0.028125
13 0.271875 0.0953125 0.0765625 0.03828125
13 0.37421875 0.1015625 0.06640625 0.04296875
13 0.4546875 0.096875 0.06875 0.02578125
13 0.56875 0.09375 0.1203125 0.02265625
13 0.69375 0.09609375 0.11015625 0.028125
13 0.83671875 0.096875 0.14609375 0.0234375
5 0.059375 0.05234375 0.05859375 0.01875
8 0.9703125 0.0984375 0.04140625 0.03125
5 0.95390625 0.0484375 0.0578125 0.03671875