5 0.06015625 0.059375 0.09296875 0.06640625
13 0.5 0.059375 0.73359375 0.06640625
6 0.946875 0.059375 0.03984375 0.025
13 0.16640625 0.11328125 0.14921875 0.01953125
13 0.49921875 0.11328125 0.12109375 0.01953125
13 0.83359375 0.11328125 0.11640625 0.01953125
6 0.14140625 0.24921875 0.25 0.20859375
13 0.496875 0.18359375 0.42734375 0.02109375
13 0.63359375 0.21640625 0.7 0.034375
13 0.52265625 0.2484375 0.47890625 0.01875
13 0.35 0.27265625 0.13359375 0.01875
13 0.365625 0.29609375 0.16484375 0.01875
13 0.3546875 0.3203125 0.1421875 0.01875
0 0.12734375 0.38828125 0.1875 0.05
0 0.34140625 0.38828125 0.2078125 0.05
13 0.5 0.45546875 0.96640625 0.0421875