5 0.06 0.059375 0.09333333333333334 0.06666666666666667
11 0.23041666666666666 0.05911458333333333 0.19416666666666665 0.050520833333333334
13 0.19291666666666665 0.04505208333333333 0.11916666666666667 0.022395833333333334
13 0.21041666666666667 0.0703125 0.15416666666666667 0.028125
13 0.7066666666666667 0.059375 0.08 0.05
13 0.7866666666666666 0.059375 0.08 0.05
13 0.8666666666666667 0.059375 0.08 0.05
13 0.9466666666666667 0.059375 0.08 0.05
7 0.5 0.5213541666666667 0.06666666666666667 0.041666666666666664
13 0.14 0.11588541666666667 0.24666666666666667 0.025520833333333333
13 0.08916666666666667 0.16223958333333333 0.145 0.025520833333333333