13 0.103125 0.4796875 0.1390625 0.840625
1 0.8828125 0.0765625 0.0609375 0.03359375
1 0.88359375 0.1421875 0.0625 0.03203125
1 0.8859375 0.209375 0.06640625 0.03359375
1 0.8796875 0.2765625 0.0625 0.02734375
1 0.8875 0.3484375 0.07734375 0.03203125
1 0.88359375 0.4078125 0.05 0.03359375
1 0.88828125 0.478125 0.05859375 0.02734375
1 0.8859375 0.5484375 0.06875 0.028125
1 0.88359375 0.61171875 0.0578125 0.0296875
1 0.884375 0.68125 0.0515625 0.0234375
1 0.89140625 0.746875 0.07265625 0.02734375
1 0.8890625 0.815625 0.05859375 0.0234375
1 0.8828125 0.88125 0.03359375 0.025