6 0.5 0.09609375 1 0.19140625
5 0.046875 0.059375 0.09296875 0.025
13 0.17265625 0.059375 0.15859375 0.028125
6 0.05859375 0.790625 0.1 0.02265625
13 0.06640625 0.84921875 0.1328125 0.0859375
13 0.2 0.84375 0.13359375 0.07265625
13 0.33359375 0.84375 0.13359375 0.07265625
13 0.46640625 0.84375 0.13359375 0.07265625
13 0.6 0.84375 0.13359375 0.07265625
13 0.73359375 0.85 0.13359375 0.08515625
13 0.86640625 0.85 0.13359375 0.08515625
13 0.96640625 0.84375 0.06640625 0.07265625
0 0.49921875 0.92109375 0.15078125 0.05