13 0.14875 0.060546875 0.0775 0.02578125
13 0.265625 0.05859375 0.11375 0.0296875
13 0.263125 0.1328125 0.33625 0.0453125
13 0.49 0.217578125 0.285 0.04140625
13 0.351875 0.293359375 0.13125 0.06015625
13 0.205625 0.484765625 0.36125 0.06796875
13 0.271875 0.573046875 0.47125 0.07578125
13 0.204375 0.666796875 0.35875 0.07265625
13 0.166875 0.7625 0.26625 0.075
13 0.21125 0.848046875 0.37 0.06796875
13 0.23875 0.924609375 0.435 0.04765625
5 0.944375 0.05859375 0.05125 0.0390625
5 0.075 0.05859375 0.0475 0.025
5 0.955625 0.1015625 0.04125 0.025
6 0.0525 0.12265625 0.07 0.0390625
6 0.9475 0.510546875 0.0725 0.02578125
6 0.9425 0.5984375 0.0875 0.03125
6 0.948125 0.690625 0.05125 0.034375
6 0.944375 0.780078125 0.06125 0.03359375
6 0.95375 0.871484375 0.0775 0.03828125