13 0.16625 0.5604166666666667 0.04083333333333333 0.019791666666666666
13 0.4995833333333333 0.5604166666666667 0.05416666666666667 0.019791666666666666
13 0.8333333333333334 0.5604166666666667 0.06333333333333334 0.019791666666666666
6 0.5 0.3098958333333333 1 0.5677083333333334
6 0.5 0.2765625 1 0.5010416666666667
5 0.06 0.059375 0.09333333333333334 0.06666666666666667
6 0.14833333333333334 0.059375 0.08333333333333333 0.030208333333333334
6 0.9533333333333334 0.059375 0.06666666666666667 0.05
6 0.25 0.6869791666666667 0.4683333333333333 0.16458333333333333
13 0.12083333333333333 0.7424479166666667 0.17 0.0171875
13 0.24791666666666667 0.7596354166666667 0.4241666666666667 0.0171875
13 0.08333333333333333 0.7796875 0.095 0.017708333333333333
13 0.21625 0.7796875 0.17083333333333334 0.017708333333333333
13 0.37833333333333335 0.7125 0.185 0.034375
6 0.75 0.6869791666666667 0.4683333333333333 0.16458333333333333
13 0.6208333333333333 0.7424479166666667 0.17 0.0171875
13 0.7479166666666667 0.7596354166666667 0.4241666666666667 0.0171875
13 0.5833333333333334 0.7796875 0.095 0.017708333333333333
13 0.71625 0.7796875 0.17083333333333334 0.017708333333333333
13 0.8783333333333333 0.7125 0.185 0.034375
6 0.25 0.9057291666666667 0.4683333333333333 0.16458333333333333
13 0.37833333333333335 0.93125 0.185 0.034375
6 0.75 0.9057291666666667 0.4683333333333333 0.16458333333333333
13 0.8783333333333333 0.93125 0.185 0.034375