13 0.16640625 0.56015625 0.040625 0.01953125
13 0.49921875 0.56015625 0.05390625 0.01953125
13 0.83359375 0.56015625 0.06328125 0.01953125
6 0.5 0.31015625 1 0.56796875
6 0.5 0.2765625 1 0.50078125
5 0.06015625 0.059375 0.09296875 0.06640625
6 0.1484375 0.059375 0.08359375 0.03046875
6 0.953125 0.059375 0.06640625 0.05
6 0.25 0.68671875 0.46796875 0.16484375
13 0.12109375 0.7421875 0.1703125 0.0171875
13 0.24765625 0.759375 0.42421875 0.0171875
13 0.08359375 0.7796875 0.0953125 0.01796875
13 0.21640625 0.7796875 0.17109375 0.01796875
13 0.378125 0.7125 0.18515625 0.034375
6 0.75 0.68671875 0.46796875 0.16484375
13 0.62109375 0.7421875 0.1703125 0.0171875
13 0.74765625 0.759375 0.42421875 0.0171875
13 0.58359375 0.7796875 0.0953125 0.01796875
13 0.71640625 0.7796875 0.17109375 0.01796875
13 0.878125 0.7125 0.18515625 0.034375
6 0.25 0.90546875 0.46796875 0.16484375
13 0.378125 0.93125 0.18515625 0.034375
6 0.75 0.90546875 0.46796875 0.16484375
13 0.878125 0.93125 0.18515625 0.034375