13 0.21625 0.0609375 0.1825 0.025
13 0.08916666666666667 0.11380208333333333 0.13666666666666666 0.04010416666666667
13 0.49541666666666667 0.115625 0.6341666666666667 0.03229166666666667
13 0.5429166666666667 0.18645833333333334 0.8241666666666667 0.052083333333333336
6 0.07 0.17083333333333334 0.095 0.052083333333333336
13 0.49166666666666664 0.28854166666666664 0.9233333333333333 0.035416666666666666
13 0.47458333333333336 0.36796875 0.8241666666666667 0.10677083333333333
13 0.49375 0.4703125 0.9191666666666667 0.08333333333333333
13 0.11083333333333334 0.5411458333333333 0.165 0.026041666666666668
13 0.24375 0.58046875 0.3625 0.030729166666666665
13 0.14833333333333334 0.6567708333333333 0.21666666666666667 0.023958333333333335
13 0.25916666666666666 0.7270833333333333 0.42333333333333334 0.07708333333333334
5 0.05875 0.06302083333333333 0.060833333333333336 0.03333333333333333