13 0.21640625 0.0609375 0.1828125 0.025
13 0.0890625 0.1140625 0.13671875 0.03984375
13 0.4953125 0.115625 0.634375 0.03203125
13 0.54296875 0.18671875 0.82421875 0.05234375
6 0.0703125 0.17109375 0.0953125 0.05234375
13 0.49140625 0.28828125 0.9234375 0.03515625
13 0.47421875 0.36796875 0.82421875 0.10703125
13 0.49375 0.4703125 0.91953125 0.08359375
13 0.1109375 0.54140625 0.16484375 0.02578125
13 0.24375 0.58046875 0.3625 0.03046875
13 0.1484375 0.65703125 0.21640625 0.02421875
13 0.259375 0.72734375 0.4234375 0.07734375
5 0.05859375 0.06328125 0.0609375 0.03359375