5 0.04666666666666667 0.059375 0.09333333333333334 0.025
13 0.17458333333333334 0.059375 0.1625 0.028125
13 0.8 0.059375 0.08 0.05
13 0.88 0.059375 0.08 0.05
13 0.96 0.059375 0.08 0.05
6 0.5 0.22083333333333333 0.97 0.23958333333333334
6 0.9316666666666666 0.13385416666666666 0.10666666666666667 0.065625
13 0.41041666666666665 0.30442708333333335 0.7908333333333334 0.0390625
13 0.17708333333333334 0.3671875 0.32416666666666666 0.053125
13 0.34125 0.4036458333333333 0.5991666666666666 0.019791666666666666
6 0.5 0.5604166666666667 0.97 0.23958333333333334
6 0.9316666666666666 0.4734375 0.10666666666666667 0.065625
13 0.41041666666666665 0.6440104166666667 0.7908333333333334 0.0390625
13 0.13291666666666666 0.7067708333333333 0.23583333333333334 0.053125
13 0.28791666666666665 0.7432291666666667 0.4925 0.019791666666666666
6 0.5 0.8901041666666667 0.97 0.21979166666666666
6 0.9316666666666666 0.8130208333333333 0.10666666666666667 0.065625
7 0.5 0.5213541666666667 0.08 0.05