13 0.23125 0.05859375 0.2 0.03125
13 0.504375 0.13828125 0.28625 0.03125
13 0.103125 0.368359375 0.16375 0.04296875
13 0.17375 0.430859375 0.15 0.03359375
13 0.234375 0.504296875 0.14875 0.04765625
13 0.308125 0.5859375 0.13875 0.034375
13 0.379375 0.65078125 0.14625 0.040625
13 0.52625 0.28984375 0.175 0.0359375
13 0.586875 0.36171875 0.14875 0.0390625
13 0.658125 0.4375 0.14625 0.0296875
13 0.75625 0.516796875 0.1725 0.04765625
13 0.7975 0.58203125 0.1825 0.03125
13 0.8725 0.6546875 0.1525 0.0296875
13 0.115 0.731640625 0.165 0.03359375
13 0.258125 0.8140625 0.48875 0.0890625
13 0.370625 0.908984375 0.68375 0.08671875
5 0.07375 0.062109375 0.08 0.03828125
5 0.95625 0.0625 0.055 0.04375
5 0.931875 0.898828125 0.09625 0.06640625