6 0.0609375 0.05546875 0.0796875 0.05
13 0.31953125 0.0546875 0.42421875 0.02578125
13 0.83984375 0.05546875 0.10703125 0.05859375
13 0.94609375 0.0546875 0.1078125 0.059375
13 0.34921875 0.109375 0.109375 0.0171875
13 0.6515625 0.109375 0.1390625 0.0171875
6 0.06015625 0.171875 0.1203125 0.075
13 0.4453125 0.146875 0.62421875 0.02578125
13 0.2984375 0.16953125 0.3296875 0.01953125
13 0.190625 0.1921875 0.11484375 0.02578125
6 0.06015625 0.24765625 0.1203125 0.075
13 0.4796875 0.2234375 0.6921875 0.02578125
13 0.2984375 0.24609375 0.3296875 0.01953125
13 0.1703125 0.26875 0.07421875 0.02578125
6 0.06015625 0.32421875 0.1203125 0.075
13 0.4265625 0.29921875 0.5859375 0.02578125
13 0.2984375 0.321875 0.3296875 0.01953125
13 0.1703125 0.34453125 0.07421875 0.02578125
6 0.06015625 0.4 0.1203125 0.075
13 0.45546875 0.375 0.64453125 0.02578125
13 0.2984375 0.39765625 0.3296875 0.01953125
13 0.1703125 0.4203125 0.07421875 0.02578125
6 0.06015625 0.47578125 0.1203125 0.075
13 0.4546875 0.4515625 0.6421875 0.02578125
13 0.2984375 0.47421875 0.3296875 0.01953125
13 0.190625 0.496875 0.11484375 0.02578125
6 0.06015625 0.55234375 0.1203125 0.075
13 0.44921875 0.52734375 0.6328125 0.02578125
13 0.2984375 0.55 0.3296875 0.01953125
13 0.1703125 0.57265625 0.07421875 0.02578125
6 0.06015625 0.628125 0.1203125 0.075
13 0.44453125 0.603125 0.62265625 0.02578125
13 0.2984375 0.62578125 0.3296875 0.01953125
13 0.1703125 0.6484375 0.07421875 0.02578125
6 0.06015625 0.70390625 0.1203125 0.075
13 0.4484375 0.6796875 0.6296875 0.02578125
13 0.2984375 0.70234375 0.3296875 0.01953125
13 0.1703125 0.725 0.07421875 0.02578125
6 0.06015625 0.78046875 0.1203125 0.075
13 0.44609375 0.75546875 0.625 0.02578125
13 0.2984375 0.778125 0.3296875 0.01953125
13 0.1703125 0.80078125 0.07421875 0.02578125
6 0.06015625 0.85625 0.1203125 0.075
13 0.45546875 0.83125 0.64453125 0.02578125
13 0.2984375 0.85390625 0.3296875 0.01953125
13 0.1703125 0.8765625 0.07421875 0.02578125
6 0.06015625 0.93203125 0.1203125 0.075
13 0.478125 0.9078125 0.68984375 0.02578125
13 0.2984375 0.93046875 0.3296875 0.01953125
13 0.1703125 0.953125 0.07421875 0.02578125