13 0.13046875 0.065625 0.16328125 0.02890625
13 0.0890625 0.11171875 0.0640625 0.02734375
13 0.31015625 0.1640625 0.5109375 0.03359375
13 0.2359375 0.24140625 0.34453125 0.08671875
13 0.19921875 0.31484375 0.27734375 0.03515625
13 0.16328125 0.41640625 0.2125 0.128125
13 0.21953125 0.59453125 0.3546875 0.18671875
13 0.18046875 0.7984375 0.23359375 0.18359375
13 0.49140625 0.91640625 0.13671875 0.02734375
1 0.90859375 0.06171875 0.07734375 0.02890625
1 0.91484375 0.11171875 0.07421875 0.02421875
1 0.9 0.159375 0.08359375 0.02109375
1 0.9 0.2140625 0.06796875 0.025
1 0.90703125 0.26484375 0.06640625 0.02109375
1 0.91171875 0.31484375 0.06796875 0.02578125
1 0.915625 0.36796875 0.0953125 0.02578125
1 0.90703125 0.41640625 0.06640625 0.01875
1 0.9109375 0.46796875 0.0640625 0.02890625
1 0.91015625 0.51953125 0.053125 0.03203125
1 0.909375 0.56953125 0.0640625 0.02421875
1 0.90703125 0.621875 0.0703125 0.0390625
1 0.90234375 0.6734375 0.0609375 0.03046875
1 0.9046875 0.72578125 0.0703125 0.03203125
1 0.90546875 0.7734375 0.059375 0.02734375
1 0.89609375 0.8234375 0.06640625 0.0390625
1 0.89921875 0.87421875 0.03984375 0.03359375