13 0.13083333333333333 0.06536458333333334 0.16333333333333333 0.028645833333333332
13 0.08875 0.11197916666666667 0.06416666666666666 0.027083333333333334
13 0.3104166666666667 0.1640625 0.5108333333333334 0.03333333333333333
13 0.23625 0.24166666666666667 0.3441666666666667 0.08645833333333333
13 0.19958333333333333 0.3145833333333333 0.2775 0.035416666666666666
13 0.16291666666666665 0.4166666666666667 0.2125 0.128125
13 0.21916666666666668 0.5942708333333333 0.355 0.18645833333333334
13 0.18083333333333335 0.7981770833333334 0.23333333333333334 0.18385416666666668
13 0.49166666666666664 0.9166666666666666 0.13666666666666666 0.027083333333333334
1 0.90875 0.06171875 0.0775 0.028645833333333332
1 0.9145833333333333 0.11145833333333334 0.07416666666666667 0.023958333333333335
1 0.9 0.15911458333333334 0.08333333333333333 0.021354166666666667
1 0.9 0.2140625 0.06833333333333333 0.025
1 0.9066666666666666 0.26484375 0.06666666666666667 0.021354166666666667
1 0.9116666666666666 0.3145833333333333 0.06833333333333333 0.026041666666666668
1 0.9158333333333334 0.36770833333333336 0.095 0.026041666666666668
1 0.9066666666666666 0.4166666666666667 0.06666666666666667 0.01875
1 0.91125 0.46796875 0.06416666666666666 0.028645833333333332
1 0.91 0.5192708333333333 0.05333333333333334 0.03229166666666667
1 0.9095833333333333 0.5697916666666667 0.06416666666666666 0.023958333333333335
1 0.9066666666666666 0.6216145833333333 0.07 0.0390625
1 0.9020833333333333 0.6731770833333334 0.060833333333333336 0.030729166666666665
1 0.905 0.7260416666666667 0.07 0.03229166666666667
1 0.9054166666666666 0.7734375 0.059166666666666666 0.027083333333333334
1 0.8958333333333334 0.8231770833333333 0.06666666666666667 0.0390625
1 0.8991666666666667 0.8739583333333333 0.04 0.03333333333333333