5 0.06 0.09270833333333334 0.09333333333333334 0.06666666666666667
13 0.20666666666666667 0.09270833333333334 0.18666666666666668 0.028125
6 0.96 0.15104166666666666 0.08 0.05
13 0.5 0.23541666666666666 0.31333333333333335 0.03958333333333333
6 0.03666666666666667 0.30625 0.07333333333333333 0.04583333333333333
2 0.5233333333333333 0.3059895833333333 0.8466666666666667 0.030729166666666665
8 0.9733333333333334 0.30625 0.05333333333333334 0.03333333333333333
6 0.03666666666666667 0.37395833333333334 0.07333333333333333 0.04583333333333333
2 0.5233333333333333 0.3736979166666667 0.8466666666666667 0.030729166666666665
8 0.9733333333333334 0.37395833333333334 0.05333333333333334 0.03333333333333333
6 0.03666666666666667 0.44166666666666665 0.07333333333333333 0.04583333333333333
2 0.5233333333333333 0.44140625 0.8466666666666667 0.030729166666666665
8 0.9733333333333334 0.44166666666666665 0.05333333333333334 0.03333333333333333