5 0.06015625 0.059375 0.09296875 0.06640625
13 0.26796875 0.059375 0.2703125 0.028125
13 0.93984375 0.059375 0.09296875 0.05
13 0.1 0.11953125 0.2 0.053125
13 0.3 0.11953125 0.2 0.053125
13 0.5 0.11953125 0.2 0.053125
13 0.7 0.11953125 0.2 0.053125
13 0.9 0.11953125 0.2 0.053125
13 0.5125 0.19140625 0.925 0.04921875
13 0.50078125 0.24296875 0.9484375 0.01875
13 0.5375 0.2296875 0.875 0.028125
13 0.5125 0.29921875 0.925 0.04921875
13 0.50078125 0.35078125 0.9484375 0.01875
13 0.5375 0.33828125 0.875 0.028125
5 0.0515625 0.925 0.053125 0.03359375
5 0.121875 0.925 0.053125 0.03359375
3 0.54140625 0.925 0.753125 0.03359375
5 0.946875 0.92421875 0.03984375 0.025