3 0.18828125 0.06640625 0.121875 0.03515625
5 0.08203125 0.0625 0.05703125 0.0296875
5 0.91875 0.065625 0.04765625 0.0203125
13 0.16640625 0.28828125 0.2046875 0.0734375
13 0.3921875 0.29609375 0.19609375 0.07265625
13 0.60390625 0.28828125 0.1859375 0.07109375
13 0.8328125 0.290625 0.19140625 0.0734375
13 0.1609375 0.51171875 0.19296875 0.06953125
13 0.3890625 0.51796875 0.19296875 0.06640625
13 0.61171875 0.51875 0.19921875 0.06484375
13 0.82734375 0.51640625 0.19296875 0.0734375
13 0.17109375 0.73984375 0.18984375 0.075
13 0.38828125 0.7421875 0.18828125 0.06171875
13 0.6 0.74375 0.18984375 0.06796875
13 0.83359375 0.74296875 0.2046875 0.06796875
13 0.13125 0.940625 0.1140625 0.02109375
13 0.353125 0.93984375 0.12890625 0.02421875
13 0.58671875 0.93515625 0.1484375 0.0140625
13 0.81796875 0.9390625 0.1578125 0.01875
6 0.1703125 0.184375 0.18046875 0.11484375
6 0.390625 0.1890625 0.184375 0.11640625
6 0.6109375 0.1859375 0.1859375 0.11015625
6 0.8328125 0.1859375 0.18046875 0.1140625
6 0.16796875 0.41171875 0.184375 0.1140625
6 0.38828125 0.4140625 0.18828125 0.11328125
6 0.60703125 0.41484375 0.18046875 0.11953125
6 0.83046875 0.41171875 0.18828125 0.11875
6 0.17109375 0.63671875 0.17109375 0.11015625
6 0.3875 0.63671875 0.19296875 0.11484375
6 0.6109375 0.63671875 0.18046875 0.11484375
6 0.83671875 0.63828125 0.18046875 0.12109375
6 0.1640625 0.8625 0.19140625 0.11328125
6 0.38671875 0.85703125 0.1765625 0.11796875
6 0.61015625 0.86171875 0.18984375 0.1140625
6 0.834375 0.86015625 0.175 0.11484375