3 0.18833333333333332 0.06614583333333333 0.12166666666666667 0.035416666666666666
5 0.08166666666666667 0.062239583333333334 0.056666666666666664 0.0296875
5 0.91875 0.06588541666666667 0.0475 0.0203125
13 0.16666666666666666 0.28828125 0.205 0.0734375
13 0.39208333333333334 0.29609375 0.19583333333333333 0.07239583333333334
13 0.60375 0.28828125 0.18583333333333332 0.07135416666666666
13 0.8325 0.2908854166666667 0.19166666666666668 0.0734375
13 0.16083333333333333 0.5119791666666667 0.19333333333333333 0.06979166666666667
13 0.38916666666666666 0.5177083333333333 0.19333333333333333 0.06666666666666667
13 0.6120833333333333 0.5190104166666667 0.19916666666666666 0.06510416666666667
13 0.8275 0.51640625 0.19333333333333333 0.0734375
13 0.17083333333333334 0.7401041666666667 0.19 0.075
13 0.3883333333333333 0.7419270833333333 0.18833333333333332 0.06197916666666667
13 0.6 0.74375 0.19 0.06770833333333333
13 0.8333333333333334 0.7427083333333333 0.205 0.06770833333333333
13 0.13125 0.9403645833333333 0.11416666666666667 0.021354166666666667
13 0.35291666666666666 0.9401041666666666 0.12916666666666668 0.023958333333333335
13 0.5866666666666667 0.93515625 0.14833333333333334 0.0140625
13 0.8179166666666666 0.9390625 0.1575 0.01875
6 0.17041666666666666 0.18463541666666666 0.18083333333333335 0.11510416666666666
6 0.3904166666666667 0.18880208333333334 0.18416666666666667 0.11614583333333334
6 0.61125 0.1859375 0.18583333333333332 0.11041666666666666
6 0.8329166666666666 0.18619791666666666 0.18083333333333335 0.1140625
6 0.16791666666666666 0.41171875 0.18416666666666667 0.1140625
6 0.3883333333333333 0.41380208333333335 0.18833333333333332 0.11302083333333333
6 0.6070833333333333 0.41458333333333336 0.18083333333333335 0.11979166666666667
6 0.8308333333333333 0.4119791666666667 0.18833333333333332 0.11875
6 0.17125 0.6369791666666667 0.17083333333333334 0.11041666666666666
6 0.3875 0.63671875 0.19333333333333333 0.11510416666666666
6 0.61125 0.63671875 0.18083333333333335 0.11510416666666666
6 0.8370833333333333 0.6385416666666667 0.18083333333333335 0.12083333333333333
6 0.16416666666666666 0.8627604166666667 0.19166666666666668 0.11302083333333333
6 0.38666666666666666 0.8567708333333334 0.17666666666666667 0.11770833333333333
6 0.61 0.86171875 0.19 0.1140625
6 0.8341666666666666 0.86015625 0.175 0.11510416666666666