5 0.06 0.059375 0.09333333333333334 0.06666666666666667
13 0.2683333333333333 0.059375 0.27 0.028125
13 0.94 0.059375 0.09333333333333334 0.05
13 0.1 0.11927083333333334 0.2 0.053125
13 0.3 0.11927083333333334 0.2 0.053125
13 0.5 0.11927083333333334 0.2 0.053125
13 0.7 0.11927083333333334 0.2 0.053125
13 0.9 0.11927083333333334 0.2 0.053125
13 0.5125 0.19114583333333332 0.925 0.04895833333333333
13 0.5008333333333334 0.24270833333333333 0.9483333333333334 0.01875
13 0.5375 0.2296875 0.875 0.028125
13 0.5125 0.2994791666666667 0.925 0.04895833333333333
13 0.5008333333333334 0.35104166666666664 0.9483333333333334 0.01875
13 0.5375 0.3380208333333333 0.875 0.028125
5 0.051666666666666666 0.925 0.05333333333333334 0.03333333333333333
5 0.12166666666666667 0.925 0.05333333333333334 0.03333333333333333
3 0.5416666666666666 0.925 0.7533333333333333 0.03333333333333333
5 0.9466666666666667 0.9239583333333333 0.04 0.025