5 0.06 0.059375 0.09333333333333334 0.06666666666666667
13 0.2683333333333333 0.059375 0.27 0.028125
13 0.94 0.059375 0.09333333333333334 0.05
13 0.1 0.11927083333333334 0.2 0.053125
13 0.3 0.11927083333333334 0.2 0.053125
13 0.5 0.11927083333333334 0.2 0.053125
13 0.7 0.11927083333333334 0.2 0.053125
13 0.9 0.11927083333333334 0.2 0.053125
13 0.5416666666666666 0.1703125 0.9 0.028125
13 0.5166666666666667 0.20364583333333333 0.95 0.03854166666666667
5 0.051666666666666666 0.925 0.05333333333333334 0.03333333333333333
3 0.535 0.925 0.88 0.03333333333333333