13 0.10875 0.060546875 0.175 0.03359375
13 0.281875 0.1421875 0.17125 0.034375
13 0.254375 0.225390625 0.13625 0.03359375
13 0.228125 0.296875 0.09125 0.0359375
13 0.278125 0.368359375 0.16875 0.02734375
13 0.310625 0.445703125 0.24875 0.03359375
13 0.26625 0.52265625 0.15 0.03125
13 0.2875 0.59140625 0.2075 0.040625
13 0.306875 0.67265625 0.23375 0.01875
13 0.27375 0.74921875 0.175 0.03125
13 0.231875 0.828515625 0.09875 0.02578125
13 0.371875 0.902734375 0.69125 0.08203125
5 0.941875 0.90078125 0.07625 0.05
5 0.9 0.783984375 0.125 0.05546875
6 0.095625 0.134375 0.08375 0.0546875
6 0.093125 0.21171875 0.07625 0.05
6 0.088125 0.29375 0.07375 0.034375
6 0.095 0.369140625 0.095 0.04296875
6 0.09 0.446484375 0.0775 0.04296875
6 0.08875 0.5203125 0.07 0.0453125
6 0.089375 0.598828125 0.07625 0.03828125
6 0.09 0.672265625 0.0775 0.03671875
6 0.088125 0.748046875 0.07625 0.05234375
6 0.090625 0.82421875 0.06625 0.04375
5 0.73 0.058203125 0.05 0.03359375
5 0.8025 0.060546875 0.0625 0.02578125
5 0.88625 0.058984375 0.0625 0.03203125
5 0.95375 0.057421875 0.045 0.03359375