13 0.45666666666666667 0.10755208333333334 0.42333333333333334 0.04635416666666667
13 0.56625 0.203125 0.6458333333333334 0.052083333333333336
13 0.5516666666666666 0.29401041666666666 0.6133333333333333 0.05364583333333333
13 0.40958333333333335 0.396875 0.3441666666666667 0.051041666666666666
13 0.39958333333333335 0.49296875 0.32083333333333336 0.0453125
13 0.30916666666666665 0.5880208333333333 0.12 0.04375
13 0.3695833333333333 0.6833333333333333 0.24083333333333334 0.041666666666666664
13 0.32083333333333336 0.78125 0.14833333333333334 0.05
13 0.48583333333333334 0.8625 0.47333333333333333 0.03229166666666667
13 0.24791666666666667 0.9223958333333333 0.13083333333333333 0.052083333333333336
6 0.1225 0.12109375 0.21833333333333332 0.09010416666666667
6 0.13125 0.21979166666666666 0.20916666666666667 0.08541666666666667
6 0.12458333333333334 0.31328125 0.2225 0.0734375
6 0.12333333333333334 0.41119791666666666 0.21666666666666667 0.0890625
6 0.12583333333333332 0.50859375 0.20166666666666666 0.08177083333333333
6 0.12208333333333334 0.6028645833333334 0.20916666666666667 0.08072916666666667
6 0.12041666666666667 0.6986979166666667 0.19916666666666666 0.08177083333333333
6 0.12291666666666666 0.79296875 0.19583333333333333 0.08072916666666667
6 0.12958333333333333 0.88125 0.19916666666666666 0.06770833333333333
5 0.9491666666666667 0.9244791666666666 0.08333333333333333 0.035416666666666666
5 0.4166666666666667 0.052083333333333336 0.055 0.03333333333333333
5 0.5033333333333333 0.05260416666666667 0.05333333333333334 0.027083333333333334
5 0.5804166666666667 0.053125 0.0475 0.03229166666666667