6 0.78828125 0.01015625 0.0234375 0.01015625
6 0.81171875 0.01015625 0.0234375 0.01015625
0 0.025 0.05703125 0.05 0.071875
0 0.025 0.31640625 0.05 0.446875
5 0.1296875 0.05703125 0.11640625 0.05234375
13 0.31640625 0.05625 0.48984375 0.03046875
6 0.1515625 0.14453125 0.16328125 0.10234375
13 0.396875 0.14453125 0.32734375 0.02578125
6 0.153125 0.24921875 0.16328125 0.10234375
13 0.396875 0.24921875 0.3234375 0.02578125
6 0.1515625 0.35390625 0.16328125 0.10234375
13 0.396875 0.35390625 0.32734375 0.02578125
13 0.7859375 0.05625 0.428125 0.03046875
13 0.7828125 0.315625 0.434375 0.446875
6 0.67109375 0.15078125 0.16640625 0.10390625
13 0.67109375 0.2125 0.0734375 0.01953125
6 0.8609375 0.15078125 0.16640625 0.10390625
13 0.8609375 0.2125 0.0734375 0.01953125
6 0.98359375 0.15078125 0.0328125 0.10390625
6 0.67109375 0.30546875 0.16640625 0.10390625
13 0.67109375 0.36796875 0.0734375 0.01953125
6 0.8609375 0.30546875 0.16640625 0.10390625
13 0.8609375 0.36796875 0.0734375 0.01953125
6 0.98359375 0.30546875 0.0328125 0.10390625
6 0.67109375 0.4609375 0.16640625 0.10390625
13 0.67109375 0.52265625 0.08671875 0.01953125
6 0.8609375 0.4609375 0.16640625 0.10390625
13 0.8609375 0.52265625 0.08671875 0.01953125
6 0.98359375 0.4609375 0.0328125 0.10390625
5 0.5078125 0.5578125 0.984375 0.040625