6 0.7883333333333333 0.010416666666666666 0.023333333333333334 0.010416666666666666
6 0.8116666666666666 0.010416666666666666 0.023333333333333334 0.010416666666666666
0 0.025 0.05677083333333333 0.05 0.071875
0 0.025 0.31614583333333335 0.05 0.446875
5 0.13 0.05677083333333333 0.11666666666666667 0.052083333333333336
13 0.31666666666666665 0.05651041666666667 0.49 0.030729166666666665
6 0.15166666666666667 0.14479166666666668 0.16333333333333333 0.10208333333333333
13 0.39708333333333334 0.14453125 0.3275 0.025520833333333333
6 0.15333333333333332 0.24947916666666667 0.16333333333333333 0.10208333333333333
13 0.39666666666666667 0.24921875 0.3233333333333333 0.025520833333333333
6 0.15166666666666667 0.3541666666666667 0.16333333333333333 0.10208333333333333
13 0.39708333333333334 0.35390625 0.3275 0.025520833333333333
13 0.7858333333333334 0.05651041666666667 0.42833333333333334 0.030729166666666665
13 0.7833333333333333 0.31614583333333335 0.43333333333333335 0.446875
6 0.6708333333333333 0.15052083333333333 0.16666666666666666 0.10416666666666667
13 0.6708333333333333 0.2125 0.07333333333333333 0.019791666666666666
6 0.8608333333333333 0.15052083333333333 0.16666666666666666 0.10416666666666667
13 0.8608333333333333 0.2125 0.07333333333333333 0.019791666666666666
6 0.98375 0.15052083333333333 0.0325 0.10416666666666667
6 0.6708333333333333 0.30572916666666666 0.16666666666666666 0.10416666666666667
13 0.6708333333333333 0.36770833333333336 0.07333333333333333 0.019791666666666666
6 0.8608333333333333 0.30572916666666666 0.16666666666666666 0.10416666666666667
13 0.8608333333333333 0.36770833333333336 0.07333333333333333 0.019791666666666666
6 0.98375 0.30572916666666666 0.0325 0.10416666666666667
6 0.6708333333333333 0.4609375 0.16666666666666666 0.10416666666666667
13 0.6708333333333333 0.5229166666666667 0.08666666666666667 0.019791666666666666
6 0.8608333333333333 0.4609375 0.16666666666666666 0.10416666666666667
13 0.8608333333333333 0.5229166666666667 0.08666666666666667 0.019791666666666666
6 0.98375 0.4609375 0.0325 0.10416666666666667
5 0.5083333333333333 0.5588541666666667 0.9833333333333333 0.041666666666666664