5 0.06015625 0.059375 0.09296875 0.06640625
13 0.1953125 0.059375 0.1234375 0.028125
13 0.16640625 0.12578125 0.11015625 0.01953125
13 0.49921875 0.12578125 0.05234375 0.01953125
13 0.83359375 0.12578125 0.13203125 0.01953125
13 0.5 0.17578125 0.9203125 0.03359375
13 0.1125 0.2171875 0.11796875 0.0203125
13 0.0953125 0.2375 0.084375 0.0203125
13 0.5 0.278125 0.9203125 0.03359375
13 0.190625 0.32890625 0.275 0.0203125
1 0.896875 0.32890625 0.053125 0.03359375
13 0.146875 0.396875 0.18671875 0.0203125
1 0.896875 0.396875 0.053125 0.03359375
13 0.12890625 0.4640625 0.1515625 0.0203125
13 0.5 0.515625 0.9203125 0.03359375
13 0.12578125 0.56640625 0.1453125 0.0203125