5 0.06 0.059375 0.09333333333333334 0.06666666666666667
13 0.195 0.059375 0.12333333333333334 0.028125
13 0.16666666666666666 0.12604166666666666 0.11 0.019791666666666666
13 0.4995833333333333 0.12604166666666666 0.0525 0.019791666666666666
13 0.8333333333333334 0.12604166666666666 0.13166666666666665 0.019791666666666666
13 0.5 0.17604166666666668 0.92 0.03333333333333333
13 0.1125 0.21692708333333333 0.11833333333333333 0.0203125
13 0.09541666666666666 0.23723958333333334 0.08416666666666667 0.0203125
13 0.5 0.278125 0.92 0.03333333333333333
13 0.19083333333333333 0.32890625 0.275 0.0203125
1 0.8966666666666666 0.32916666666666666 0.05333333333333334 0.03333333333333333
13 0.14666666666666667 0.3966145833333333 0.18666666666666668 0.0203125
1 0.8966666666666666 0.396875 0.05333333333333334 0.03333333333333333
13 0.12916666666666668 0.46432291666666664 0.15166666666666667 0.0203125
13 0.5 0.515625 0.92 0.03333333333333333
13 0.12583333333333332 0.56640625 0.145 0.0203125