6 0.5 0.24505208333333334 1 0.3046875
6 0.5 0.24479166666666666 0.17666666666666667 0.11041666666666666
6 0.17333333333333334 0.5057291666666667 0.26666666666666666 0.16666666666666666
13 0.6533333333333333 0.4583333333333333 0.6133333333333333 0.07395833333333333
13 0.6283333333333333 0.5065104166666666 0.5633333333333334 0.022395833333333334
6 0.36 0.5307291666666667 0.02666666666666667 0.016666666666666666
13 0.43833333333333335 0.5309895833333333 0.11 0.022395833333333334
13 0.14958333333333335 0.603125 0.21916666666666668 0.019791666666666666
13 0.89125 0.603125 0.1375 0.019791666666666666
6 0.06 0.646875 0.04 0.025
13 0.39166666666666666 0.6471354166666666 0.5433333333333333 0.0265625
13 0.25958333333333333 0.73203125 0.0675 0.0296875
13 0.26 0.7591145833333334 0.07833333333333334 0.013020833333333334
13 0.26 0.7838541666666666 0.14666666666666667 0.026041666666666668
0 0.42 0.7453125 0.14666666666666667 0.103125
13 0.42 0.72578125 0.058333333333333334 0.033854166666666664
13 0.41041666666666665 0.7838541666666666 0.08416666666666667 0.026041666666666668
6 0.46416666666666667 0.7885416666666667 0.013333333333333334 0.008333333333333333
0 0.58 0.7453125 0.14666666666666667 0.103125
6 0.58 0.7322916666666667 0.12333333333333334 0.07708333333333334
13 0.58 0.7838541666666666 0.14666666666666667 0.026041666666666668
0 0.74 0.7453125 0.14666666666666667 0.103125
6 0.74 0.7322916666666667 0.12333333333333334 0.07708333333333334
13 0.74 0.7838541666666666 0.14666666666666667 0.026041666666666668
13 0.5 0.8622395833333333 1 0.07239583333333334
13 0.5 0.9127604166666666 1 0.028645833333333332
6 0.1125 0.9739583333333334 0.225 0.052083333333333336
6 0.3441666666666667 0.9739583333333334 0.225 0.052083333333333336
6 0.5758333333333333 0.9739583333333334 0.225 0.052083333333333336
6 0.8075 0.9739583333333334 0.225 0.052083333333333336
6 0.9633333333333334 0.9739583333333334 0.07333333333333333 0.052083333333333336
5 0.04666666666666667 0.059375 0.09333333333333334 0.06666666666666667
6 0.22166666666666668 0.059375 0.25666666666666665 0.025
13 0.96 0.059375 0.08 0.05