13 0.21484375 0.053125 0.23203125 0.02578125
13 0.503125 0.109375 0.1515625 0.03671875
13 0.5078125 0.159375 0.58515625 0.03671875
13 0.2265625 0.21328125 0.13828125 0.0296875
13 0.7328125 0.21171875 0.2125 0.02421875
13 0.31953125 0.3703125 0.2046875 0.02109375
13 0.4078125 0.42890625 0.36640625 0.025
13 0.503125 0.53828125 0.17109375 0.0203125
13 0.515625 0.671875 0.3703125 0.0546875
0 0.50234375 0.58125 0.67421875 0.05859375
0 0.50078125 0.48046875 0.678125 0.05078125
1 0.18984375 0.37265625 0.053125 0.02578125
1 0.1859375 0.42421875 0.07265625 0.03671875
3 0.50546875 0.26875 0.67578125 0.05546875
3 0.49765625 0.31796875 0.6875 0.04140625
6 0.053125 0.05546875 0.08359375 0.05703125