5 0.06015625 0.059375 0.09296875 0.06640625
6 0.1796875 0.059375 0.09296875 0.0375
6 0.8453125 0.0625 0.128125 0.0359375
13 0.946875 0.059375 0.0796875 0.05
13 0.05859375 0.115625 0.07734375 0.0171875
13 0.1765625 0.115625 0.07734375 0.0171875
13 0.3109375 0.115625 0.1125 0.0171875
13 0.4453125 0.115625 0.07578125 0.0171875
13 0.57890625 0.115625 0.1109375 0.0171875
13 0.71484375 0.115625 0.08046875 0.0171875
6 0.053125 0.17265625 0.053125 0.03359375
13 0.16015625 0.171875 0.12734375 0.02265625
6 0.28046875 0.17265625 0.0734375 0.025
6 0.946875 0.17265625 0.053125 0.02890625
6 0.5 0.35859375 0.946875 0.30859375
13 0.5 0.35859375 0.946875 0.07578125
13 0.5 0.59453125 0.946875 0.1296875
13 0.9234375 0.6734375 0.146875 0.01953125
6 0.06484375 0.72890625 0.0765625 0.04765625
13 0.10859375 0.728125 0.0109375 0.0171875
6 0.81015625 0.72890625 0.08671875 0.05390625
6 0.925 0.72890625 0.096875 0.06015625
6 0.5 0.8953125 0.953125 0.20859375
6 0.95703125 0.8015625 0.03359375 0.01640625