5 0.06 0.059375 0.09333333333333334 0.06666666666666667
6 0.18 0.059375 0.09333333333333334 0.0375
6 0.845 0.06276041666666667 0.12833333333333333 0.0359375
13 0.9466666666666667 0.059375 0.08 0.05
13 0.05875 0.11536458333333334 0.0775 0.0171875
13 0.17625 0.11536458333333334 0.0775 0.0171875
13 0.31125 0.11536458333333334 0.1125 0.0171875
13 0.4454166666666667 0.11536458333333334 0.07583333333333334 0.0171875
13 0.57875 0.11536458333333334 0.11083333333333334 0.0171875
13 0.7145833333333333 0.11536458333333334 0.08083333333333333 0.0171875
6 0.05333333333333334 0.17291666666666666 0.05333333333333334 0.03333333333333333
13 0.16041666666666668 0.17161458333333332 0.1275 0.022395833333333334
6 0.2808333333333333 0.17291666666666666 0.07333333333333333 0.025
6 0.9466666666666667 0.17291666666666666 0.05333333333333334 0.029166666666666667
6 0.5 0.35859375 0.9466666666666667 0.30885416666666665
13 0.5 0.35859375 0.9466666666666667 0.07552083333333333
13 0.5 0.59453125 0.9466666666666667 0.1296875
13 0.9233333333333333 0.6734375 0.14666666666666667 0.019791666666666666
6 0.065 0.7286458333333333 0.07666666666666666 0.04791666666666667
13 0.10875 0.7283854166666667 0.010833333333333334 0.0171875
6 0.81 0.7286458333333333 0.08666666666666667 0.05416666666666667
6 0.925 0.7286458333333333 0.09666666666666666 0.06041666666666667
6 0.5 0.8955729166666667 0.9533333333333334 0.20885416666666667
6 0.9566666666666667 0.8015625 0.03333333333333333 0.016666666666666666