13 0.215 0.053125 0.23166666666666666 0.026041666666666668
13 0.5033333333333333 0.10963541666666667 0.15166666666666667 0.03697916666666667
13 0.5075 0.15963541666666667 0.585 0.03697916666666667
13 0.22666666666666666 0.21328125 0.13833333333333334 0.0296875
13 0.7329166666666667 0.21145833333333333 0.2125 0.023958333333333335
13 0.31916666666666665 0.37057291666666664 0.205 0.021354166666666667
13 0.4075 0.42916666666666664 0.36666666666666664 0.025
13 0.5029166666666667 0.53828125 0.17083333333333334 0.0203125
13 0.5158333333333334 0.6721354166666667 0.37 0.0546875
0 0.5020833333333333 0.58125 0.6741666666666667 0.058333333333333334
0 0.5008333333333334 0.48020833333333335 0.6783333333333333 0.051041666666666666
1 0.19 0.3729166666666667 0.05333333333333334 0.026041666666666668
1 0.18625 0.42421875 0.0725 0.03697916666666667
3 0.5054166666666666 0.26901041666666664 0.6758333333333333 0.05572916666666667
3 0.4979166666666667 0.3177083333333333 0.6875 0.041666666666666664
6 0.05333333333333334 0.05546875 0.08333333333333333 0.05677083333333333