6 0.5 0.475 1 0.95
6 0.5 0.39947916666666666 0.22 0.08333333333333333
13 0.5 0.4856770833333333 0.9333333333333333 0.05572916666666667
6 0.5 0.8208333333333333 0.11333333333333333 0.04583333333333333
0 0.25333333333333335 0.8708333333333333 0.4533333333333333 0.04583333333333333
0 0.7466666666666667 0.8708333333333333 0.4533333333333333 0.04583333333333333
0 0.5 0.9229166666666667 0.14666666666666667 0.041666666666666664
6 0.5 0.475 1 0.95
6 0.5 0.13020833333333334 0.08333333333333333 0.052083333333333336
3 0.5 0.22005208333333334 0.7866666666666666 0.044270833333333336
3 0.5 0.2643229166666667 0.7866666666666666 0.044270833333333336
0 0.5 0.34270833333333334 0.7866666666666666 0.04583333333333333
13 0.5 0.3924479166666667 0.185 0.0203125