6 0.07166666666666667 0.06354166666666666 0.04 0.025
13 0.54 0.06354166666666666 0.8566666666666667 0.05
13 0.35833333333333334 0.12578125 0.09166666666666666 0.021354166666666667
13 0.4995833333333333 0.12578125 0.07916666666666666 0.021354166666666667
13 0.6404166666666666 0.12578125 0.10083333333333333 0.021354166666666667
6 0.5 0.30520833333333336 0.3333333333333333 0.20833333333333334
13 0.5 0.4205729166666667 0.92 0.022395833333333334
0 0.5 0.46927083333333336 0.92 0.05
0 0.5 0.6846354166666667 0.92 0.3640625
6 0.5 0.8895833333333333 1 0.004166666666666667
6 0.125 0.9083333333333333 0.05333333333333334 0.03333333333333333
13 0.12458333333333334 0.9375 0.059166666666666666 0.025
6 0.375 0.9083333333333333 0.05333333333333334 0.03333333333333333
13 0.375 0.9375 0.07166666666666667 0.021875
6 0.625 0.9083333333333333 0.05333333333333334 0.03333333333333333
13 0.6245833333333334 0.9375 0.0625 0.021875
6 0.875 0.9083333333333333 0.05333333333333334 0.03333333333333333
13 0.8745833333333334 0.9375 0.1075 0.021875