6 0.071875 0.06328125 0.03984375 0.025
13 0.53984375 0.06328125 0.85703125 0.05
13 0.35859375 0.12578125 0.09140625 0.02109375
13 0.49921875 0.12578125 0.07890625 0.02109375
13 0.640625 0.12578125 0.10078125 0.02109375
6 0.5 0.30546875 0.33359375 0.20859375
13 0.5 0.4203125 0.9203125 0.02265625
0 0.5 0.46953125 0.9203125 0.05
0 0.5 0.684375 0.9203125 0.3640625
6 0.5 0.88984375 1 0.00390625
6 0.125 0.90859375 0.053125 0.03359375
13 0.12421875 0.9375 0.059375 0.025
6 0.375 0.90859375 0.053125 0.03359375
13 0.375 0.9375 0.071875 0.021875
6 0.625 0.90859375 0.053125 0.03359375
13 0.62421875 0.9375 0.0625 0.021875
6 0.875 0.90859375 0.053125 0.03359375
13 0.87421875 0.9375 0.1078125 0.021875