13 0.503125 0.05 0.2125 0.0296875
13 0.52265625 0.259375 0.22578125 0.075
13 0.49453125 0.3359375 0.11171875 0.0203125
13 0.50546875 0.365625 0.271875 0.03671875
13 0.50703125 0.46484375 0.8921875 0.0484375
13 0.25078125 0.5203125 0.1484375 0.02109375
13 0.75390625 0.52421875 0.13359375 0.03671875
13 0.18203125 0.69765625 0.16484375 0.04375
13 0.50703125 0.70234375 0.1171875 0.034375
13 0.83984375 0.6984375 0.1140625 0.05546875
13 0.16484375 0.7703125 0.115625 0.0453125
13 0.5046875 0.77265625 0.0796875 0.03359375
13 0.8328125 0.77734375 0.22578125 0.05078125
13 0.12734375 0.8390625 0.2046875 0.02890625
13 0.50859375 0.88984375 0.925 0.02265625
6 0.2546875 0.925 0.13828125 0.04375
6 0.77109375 0.92734375 0.1171875 0.04296875