6 0.5 0.209375 0.9833333333333333 0.23958333333333334
6 0.06833333333333333 0.11875 0.09333333333333334 0.058333333333333334
13 0.5 0.2752604166666667 0.9666666666666667 0.0578125
13 0.5 0.3140625 0.9666666666666667 0.019791666666666666
6 0.2520833333333333 0.39427083333333335 0.4875 0.11979166666666667
6 0.045 0.3489583333333333 0.04666666666666667 0.029166666666666667
13 0.2520833333333333 0.40546875 0.4708333333333333 0.04739583333333333
13 0.2520833333333333 0.4390625 0.4708333333333333 0.019791666666666666
6 0.7479166666666667 0.39427083333333335 0.4875 0.11979166666666667
6 0.5408333333333334 0.3489583333333333 0.04666666666666667 0.029166666666666667
13 0.7479166666666667 0.40546875 0.4708333333333333 0.04739583333333333
13 0.7479166666666667 0.4390625 0.4708333333333333 0.019791666666666666
6 0.13958333333333334 0.5057291666666667 0.2625 0.09270833333333334
13 0.32208333333333333 0.47317708333333336 0.04416666666666667 0.019270833333333334
6 0.32208333333333333 0.4984375 0.060833333333333336 0.03125
13 0.32166666666666666 0.5236979166666667 0.04666666666666667 0.019270833333333334
13 0.32208333333333333 0.540625 0.034166666666666665 0.014583333333333334
13 0.4241666666666667 0.47317708333333336 0.03833333333333333 0.019270833333333334
6 0.4245833333333333 0.4984375 0.060833333333333336 0.03125
13 0.4241666666666667 0.5236979166666667 0.04666666666666667 0.019270833333333334
13 0.4245833333333333 0.540625 0.034166666666666665 0.014583333333333334
13 0.5266666666666666 0.47317708333333336 0.02666666666666667 0.019270833333333334
6 0.5270833333333333 0.4984375 0.060833333333333336 0.03125
13 0.5266666666666666 0.5236979166666667 0.04666666666666667 0.019270833333333334
13 0.5270833333333333 0.540625 0.034166666666666665 0.014583333333333334
13 0.6295833333333334 0.47317708333333336 0.034166666666666665 0.019270833333333334
6 0.6295833333333334 0.4984375 0.060833333333333336 0.03125
13 0.63 0.5236979166666667 0.04666666666666667 0.019270833333333334
13 0.6295833333333334 0.540625 0.034166666666666665 0.014583333333333334
13 0.7329166666666667 0.47317708333333336 0.03916666666666667 0.019270833333333334
6 0.7329166666666667 0.4984375 0.060833333333333336 0.03125
13 0.7333333333333333 0.5236979166666667 0.04666666666666667 0.019270833333333334
13 0.7329166666666667 0.540625 0.034166666666666665 0.014583333333333334
13 0.8366666666666667 0.47317708333333336 0.045 0.019270833333333334
6 0.83625 0.4984375 0.060833333333333336 0.03125
13 0.8366666666666667 0.5236979166666667 0.04666666666666667 0.019270833333333334
13 0.83625 0.540625 0.034166666666666665 0.014583333333333334
13 0.94 0.47317708333333336 0.03666666666666667 0.019270833333333334
6 0.9395833333333333 0.4984375 0.060833333333333336 0.03125
13 0.94 0.5236979166666667 0.04666666666666667 0.019270833333333334
13 0.9395833333333333 0.540625 0.034166666666666665 0.014583333333333334
6 0.10666666666666667 0.6447916666666667 0.18 0.1125
6 0.04666666666666667 0.6083333333333333 0.04666666666666667 0.029166666666666667
13 0.595 0.64453125 0.77 0.0421875
13 0.9383333333333334 0.6890625 0.06666666666666667 0.019791666666666666
6 0.10666666666666667 0.7364583333333333 0.18 0.1125
6 0.04666666666666667 0.7 0.04666666666666667 0.029166666666666667
13 0.595 0.7361979166666667 0.77 0.022395833333333334
13 0.9383333333333334 0.7807291666666667 0.06666666666666667 0.019791666666666666
6 0.10666666666666667 0.8802083333333334 0.18 0.1125
13 0.595 0.8799479166666667 0.77 0.0421875
8 0.1 0.915625 0.2 0.06875
8 0.3 0.915625 0.2 0.06875
8 0.5 0.915625 0.2 0.06875
8 0.7 0.915625 0.2 0.06875
8 0.9 0.915625 0.2 0.06875
6 0.02125 0.05546875 0.0008333333333333334 0.0005208333333333333
6 0.15625 0.05703125 0.25583333333333336 0.0453125
13 0.8316666666666667 0.04401041666666667 0.10333333333333333 0.0171875
13 0.8079166666666666 0.06380208333333333 0.05583333333333333 0.022395833333333334
6 0.8595833333333334 0.06380208333333333 0.0475 0.022395833333333334
6 0.95 0.05520833333333333 0.06666666666666667 0.041666666666666664