6 0.5 0.209375 0.98359375 0.23984375
6 0.06796875 0.11875 0.09296875 0.05859375
13 0.5 0.275 0.96640625 0.0578125
13 0.5 0.3140625 0.96640625 0.01953125
6 0.25234375 0.39453125 0.4875 0.11953125
6 0.0453125 0.34921875 0.046875 0.02890625
13 0.25234375 0.40546875 0.47109375 0.04765625
13 0.25234375 0.4390625 0.47109375 0.01953125
6 0.74765625 0.39453125 0.4875 0.11953125
6 0.540625 0.34921875 0.046875 0.02890625
13 0.74765625 0.40546875 0.47109375 0.04765625
13 0.74765625 0.4390625 0.47109375 0.01953125
6 0.13984375 0.50546875 0.2625 0.09296875
13 0.321875 0.4734375 0.04453125 0.01953125
6 0.321875 0.4984375 0.0609375 0.03125
13 0.321875 0.5234375 0.046875 0.01953125
13 0.321875 0.540625 0.034375 0.01484375
13 0.42421875 0.4734375 0.03828125 0.01953125
6 0.42421875 0.4984375 0.0609375 0.03125
13 0.42421875 0.5234375 0.046875 0.01953125
13 0.42421875 0.540625 0.034375 0.01484375
13 0.5265625 0.4734375 0.0265625 0.01953125
6 0.52734375 0.4984375 0.0609375 0.03125
13 0.5265625 0.5234375 0.046875 0.01953125
13 0.52734375 0.540625 0.034375 0.01484375
13 0.6296875 0.4734375 0.034375 0.01953125
6 0.6296875 0.4984375 0.0609375 0.03125
13 0.6296875 0.5234375 0.046875 0.01953125
13 0.6296875 0.540625 0.034375 0.01484375
13 0.7328125 0.4734375 0.0390625 0.01953125
6 0.7328125 0.4984375 0.0609375 0.03125
13 0.73359375 0.5234375 0.046875 0.01953125
13 0.7328125 0.540625 0.034375 0.01484375
13 0.83671875 0.4734375 0.0453125 0.01953125
6 0.8359375 0.4984375 0.0609375 0.03125
13 0.83671875 0.5234375 0.046875 0.01953125
13 0.8359375 0.540625 0.034375 0.01484375
13 0.93984375 0.4734375 0.03671875 0.01953125
6 0.93984375 0.4984375 0.0609375 0.03125
13 0.93984375 0.5234375 0.046875 0.01953125
13 0.93984375 0.540625 0.034375 0.01484375
6 0.10703125 0.64453125 0.1796875 0.1125
6 0.046875 0.60859375 0.046875 0.02890625
13 0.5953125 0.64453125 0.7703125 0.0421875
13 0.93828125 0.6890625 0.06640625 0.01953125
6 0.10703125 0.73671875 0.1796875 0.1125
6 0.046875 0.7 0.046875 0.02890625
13 0.5953125 0.7359375 0.7703125 0.02265625
13 0.93828125 0.78046875 0.06640625 0.01953125
6 0.10703125 0.88046875 0.1796875 0.1125
13 0.5953125 0.8796875 0.7703125 0.0421875
8 0.1 0.915625 0.2 0.06875
8 0.3 0.915625 0.2 0.06875
8 0.5 0.915625 0.2 0.06875
8 0.7 0.915625 0.2 0.06875
8 0.9 0.915625 0.2 0.06875
6 0.02109375 0.05546875 0.00078125 0.00078125
6 0.15625 0.05703125 0.25546875 0.0453125
13 0.83203125 0.04375 0.103125 0.0171875
13 0.8078125 0.0640625 0.05546875 0.02265625
6 0.859375 0.0640625 0.04765625 0.02265625
6 0.95 0.05546875 0.06640625 0.04140625