13 0.5029166666666667 0.05026041666666667 0.2125 0.0296875
13 0.5229166666666667 0.259375 0.22583333333333333 0.075
13 0.49416666666666664 0.33567708333333335 0.11166666666666666 0.0203125
13 0.5058333333333334 0.3653645833333333 0.27166666666666667 0.03697916666666667
13 0.5070833333333333 0.46484375 0.8925 0.0484375
13 0.25083333333333335 0.5200520833333333 0.14833333333333334 0.021354166666666667
13 0.7541666666666667 0.52421875 0.13333333333333333 0.03697916666666667
13 0.18166666666666667 0.6973958333333333 0.165 0.04375
13 0.5070833333333333 0.7020833333333333 0.1175 0.034375
13 0.8395833333333333 0.6986979166666667 0.11416666666666667 0.05572916666666667
13 0.16458333333333333 0.7705729166666667 0.11583333333333333 0.0453125
13 0.505 0.7729166666666667 0.08 0.03333333333333333
13 0.8329166666666666 0.7770833333333333 0.22583333333333333 0.051041666666666666
13 0.1275 0.8393229166666667 0.205 0.028645833333333332
13 0.5083333333333333 0.88984375 0.925 0.022395833333333334
6 0.255 0.925 0.13833333333333334 0.04375
6 0.77125 0.9270833333333334 0.1175 0.042708333333333334