6 0.38208333333333333 0.09609375 0.0275 0.013020833333333334
13 0.5 0.09583333333333334 0.19166666666666668 0.019791666666666666
6 0.5 0.2140625 0.1 0.0625
13 0.46416666666666667 0.3609375 0.8683333333333333 0.028125
5 0.9316666666666666 0.36770833333333336 0.05 0.03125
13 0.5 0.41354166666666664 0.94 0.019791666666666666
13 0.5 0.43333333333333335 0.94 0.019791666666666666
8 0.1 0.915625 0.2 0.06875
8 0.3 0.915625 0.2 0.06875
8 0.5 0.915625 0.2 0.06875
8 0.7 0.915625 0.2 0.06875
8 0.9 0.915625 0.2 0.06875
6 0.02125 0.05546875 0.0008333333333333334 0.0005208333333333333
6 0.15666666666666668 0.05703125 0.25666666666666665 0.0453125
13 0.8316666666666667 0.04401041666666667 0.10333333333333333 0.0171875
13 0.8079166666666666 0.06380208333333333 0.05583333333333333 0.022395833333333334
6 0.8595833333333334 0.06380208333333333 0.0475 0.022395833333333334
6 0.95 0.05520833333333333 0.06666666666666667 0.041666666666666664