6 0.38203125 0.09609375 0.02734375 0.01328125
13 0.5 0.09609375 0.19140625 0.01953125
6 0.5 0.2140625 0.1 0.0625
13 0.4640625 0.3609375 0.86796875 0.028125
5 0.93203125 0.36796875 0.05 0.03125
13 0.5 0.41328125 0.93984375 0.01953125
13 0.5 0.43359375 0.93984375 0.01953125
8 0.1 0.915625 0.2 0.06875
8 0.3 0.915625 0.2 0.06875
8 0.5 0.915625 0.2 0.06875
8 0.7 0.915625 0.2 0.06875
8 0.9 0.915625 0.2 0.06875
6 0.02109375 0.05546875 0.00078125 0.00078125
6 0.15703125 0.05703125 0.25703125 0.0453125
13 0.83203125 0.04375 0.103125 0.0171875
13 0.8078125 0.0640625 0.05546875 0.02265625
6 0.859375 0.0640625 0.04765625 0.02265625
6 0.95 0.05546875 0.06640625 0.04140625