13 0.5 0.04635416666666667 0.051666666666666666 0.019791666666666666
13 0.9270833333333334 0.04635416666666667 0.14583333333333334 0.019791666666666666
0 0.5 0.04791666666666667 0.9333333333333333 0.04375
3 0.5 0.14270833333333333 0.9333333333333333 0.04375
0 0.5 0.2375 0.9333333333333333 0.04375
3 0.5 0.33229166666666665 0.9333333333333333 0.04375
0 0.09666666666666666 0.44166666666666665 0.12 0.04375
0 0.2275 0.44166666666666665 0.10166666666666667 0.04375
0 0.3625 0.44166666666666665 0.12833333333333333 0.04375
0 0.09666666666666666 0.5364583333333334 0.12 0.04375
0 0.2275 0.5364583333333334 0.10166666666666667 0.04375
0 0.3625 0.903125 0.12833333333333333 0.04375
3 0.5 0.9953125 0.9333333333333333 0.009375