13 0.5079166666666667 0.1734375 0.3858333333333333 0.06875
13 0.12458333333333334 0.22864583333333333 0.16916666666666666 0.025
13 0.5 0.06510416666666667 0.12333333333333334 0.026041666666666668
13 0.5366666666666666 0.403125 0.44666666666666666 0.041666666666666664
13 0.5158333333333334 0.45729166666666665 0.37 0.023958333333333335
13 0.5133333333333333 0.5231770833333333 0.3383333333333333 0.03697916666666667
13 0.3229166666666667 0.5971354166666667 0.14083333333333334 0.030729166666666665
13 0.6933333333333334 0.5984375 0.095 0.03333333333333333
0 0.49875 0.7208333333333333 0.2525 0.06979166666666667
13 0.5045833333333334 0.8041666666666667 0.3591666666666667 0.027083333333333334
13 0.14 0.31145833333333334 0.18833333333333332 0.025