6 0.0609375 0.05546875 0.0796875 0.05
13 0.1546875 0.0546875 0.09453125 0.02578125
13 0.73359375 0.05546875 0.10703125 0.05859375
13 0.83984375 0.05546875 0.10703125 0.05859375
5 0.94609375 0.0546875 0.1078125 0.059375
6 0.12421875 0.11328125 0.03984375 0.025
6 0.37421875 0.11328125 0.03984375 0.025
6 0.62421875 0.11328125 0.03984375 0.025
6 0.875 0.11328125 0.03984375 0.025
6 0.05859375 0.8828125 0.1 0.02265625
5 0.0484375 0.86953125 0.0703125 0.04375
0 0.91953125 0.86953125 0.134375 0.04375
13 0.5 0.925 1 0.05078125