6 0.060833333333333336 0.05520833333333333 0.08 0.05
13 0.15458333333333332 0.054947916666666666 0.09416666666666666 0.025520833333333333
13 0.7333333333333333 0.05520833333333333 0.10666666666666667 0.058333333333333334
13 0.84 0.05520833333333333 0.10666666666666667 0.058333333333333334
5 0.9466666666666667 0.05520833333333333 0.10666666666666667 0.058333333333333334
6 0.12416666666666666 0.11354166666666667 0.04 0.025
6 0.37416666666666665 0.11354166666666667 0.04 0.025
6 0.6241666666666666 0.11354166666666667 0.04 0.025
6 0.875 0.11354166666666667 0.04 0.025
6 0.058333333333333334 0.8828125 0.1 0.022916666666666665
5 0.04833333333333333 0.8692708333333333 0.07 0.04375
0 0.9195833333333333 0.8692708333333333 0.13416666666666666 0.04375
13 0.5 0.9247395833333333 1 0.050520833333333334