6 0.03333333333333333 0.052083333333333336 0.03333333333333333 0.03125
13 0.10833333333333334 0.05182291666666667 0.11666666666666667 0.025520833333333333
13 0.4995833333333333 0.05182291666666667 0.1575 0.030729166666666665
6 0.9666666666666667 0.052083333333333336 0.03333333333333333 0.026041666666666668
13 0.024583333333333332 0.5 0.0325 0.019791666666666666
13 0.4870833333333333 0.5 0.8591666666666666 0.019791666666666666
5 0.9625 0.5 0.058333333333333334 0.036458333333333336
7 0.9625 0.5 0.058333333333333334 0.036458333333333336
13 0.024583333333333332 0.5479166666666667 0.0325 0.019791666666666666
13 0.4870833333333333 0.5479166666666667 0.8591666666666666 0.019791666666666666
5 0.9625 0.5479166666666667 0.058333333333333334 0.036458333333333336
7 0.9625 0.5479166666666667 0.058333333333333334 0.036458333333333336
13 0.024583333333333332 0.5958333333333333 0.0325 0.019791666666666666
13 0.4870833333333333 0.5958333333333333 0.8591666666666666 0.019791666666666666
5 0.9625 0.5958333333333333 0.058333333333333334 0.036458333333333336
7 0.9625 0.5958333333333333 0.058333333333333334 0.036458333333333336
13 0.024583333333333332 0.64375 0.0325 0.019791666666666666
13 0.4870833333333333 0.64375 0.8591666666666666 0.019791666666666666
5 0.9625 0.64375 0.058333333333333334 0.036458333333333336
7 0.9625 0.64375 0.058333333333333334 0.036458333333333336
13 0.024583333333333332 0.6916666666666667 0.0325 0.019791666666666666
13 0.4870833333333333 0.6916666666666667 0.8591666666666666 0.019791666666666666
5 0.9625 0.6916666666666667 0.058333333333333334 0.036458333333333336
7 0.9625 0.6916666666666667 0.058333333333333334 0.036458333333333336
13 0.024583333333333332 0.7395833333333334 0.0325 0.019791666666666666
13 0.4870833333333333 0.7395833333333334 0.8591666666666666 0.019791666666666666
5 0.9625 0.7395833333333334 0.058333333333333334 0.036458333333333336
7 0.9625 0.7395833333333334 0.058333333333333334 0.036458333333333336
13 0.024583333333333332 0.7875 0.0325 0.019791666666666666
13 0.4870833333333333 0.7875 0.8591666666666666 0.019791666666666666
5 0.9625 0.7875 0.058333333333333334 0.036458333333333336
7 0.9625 0.7875 0.058333333333333334 0.036458333333333336
13 0.024583333333333332 0.8354166666666667 0.0325 0.019791666666666666
13 0.4870833333333333 0.8354166666666667 0.8591666666666666 0.019791666666666666
5 0.9625 0.8354166666666667 0.058333333333333334 0.036458333333333336
7 0.9625 0.8354166666666667 0.058333333333333334 0.036458333333333336
13 0.024583333333333332 0.8833333333333333 0.0325 0.019791666666666666
13 0.4870833333333333 0.8833333333333333 0.8591666666666666 0.019791666666666666
5 0.9625 0.8833333333333333 0.058333333333333334 0.036458333333333336
7 0.9625 0.8833333333333333 0.058333333333333334 0.036458333333333336
6 0.21625 0.21328125 0.3775 0.2359375
13 0.5675 0.10989583333333333 0.29833333333333334 0.029166666666666667
13 0.6820833333333334 0.14817708333333332 0.5275 0.04739583333333333
13 0.61625 0.2875 0.3958333333333333 0.029166666666666667
5 0.08083333333333333 0.36822916666666666 0.10666666666666667 0.06354166666666666
13 0.23083333333333333 0.3809895833333333 0.14 0.03802083333333333
13 0.23083333333333333 0.35104166666666664 0.08833333333333333 0.029166666666666667
5 0.38083333333333336 0.36822916666666666 0.10666666666666667 0.06354166666666666
5 0.5754166666666667 0.36822916666666666 0.25583333333333336 0.06354166666666666
5 0.8445833333333334 0.36822916666666666 0.25583333333333336 0.06354166666666666
7 0.8445833333333334 0.36822916666666666 0.25583333333333336 0.06354166666666666
5 0.11083333333333334 0.44166666666666665 0.22166666666666668 0.042708333333333334
5 0.4995833333333333 0.44166666666666665 0.5558333333333333 0.042708333333333334
5 0.88875 0.44166666666666665 0.2225 0.042708333333333334
6 0.09916666666666667 0.9208333333333333 0.12666666666666668 0.058333333333333334
6 0.29875 0.9208333333333333 0.10416666666666667 0.058333333333333334
6 0.6995833333333333 0.9208333333333333 0.10583333333333333 0.058333333333333334
6 0.9 0.9208333333333333 0.10666666666666667 0.058333333333333334
6 0.5 0.9208333333333333 0.15666666666666668 0.058333333333333334