13 0.16953125 0.05859375 0.1484375 0.02578125
13 0.0953125 0.14921875 0.140625 0.03359375
13 0.15546875 0.22578125 0.2390625 0.04375
13 0.13984375 0.29765625 0.240625 0.03671875
13 0.1234375 0.3609375 0.15546875 0.02578125
13 0.11015625 0.47578125 0.175 0.025
13 0.15546875 0.525 0.23203125 0.02109375
13 0.1296875 0.64765625 0.18828125 0.034375
13 0.06640625 0.7015625 0.07578125 0.02578125
13 0.06328125 0.75390625 0.0609375 0.03046875
13 0.1390625 0.8078125 0.20703125 0.02890625
3 0.09921875 0.10390625 0.13359375 0.0296875
3 0.1328125 0.4171875 0.2125 0.02890625
3 0.103125 0.60859375 0.1671875 0.03359375
12 0.91640625 0.36328125 0.1234375 0.03046875
12 0.92265625 0.46796875 0.12890625 0.03515625
5 0.05078125 0.05625 0.0890625 0.04140625