13 0.16916666666666666 0.058333333333333334 0.14833333333333334 0.026041666666666668
13 0.09541666666666666 0.14947916666666666 0.14083333333333334 0.03333333333333333
13 0.15541666666666668 0.22604166666666667 0.23916666666666667 0.04375
13 0.13958333333333334 0.29765625 0.24083333333333334 0.03697916666666667
13 0.12375 0.3609375 0.15583333333333332 0.026041666666666668
13 0.11 0.47552083333333334 0.175 0.025
13 0.15583333333333332 0.5247395833333334 0.23166666666666666 0.021354166666666667
13 0.13 0.6473958333333333 0.18833333333333332 0.034375
13 0.06625 0.7015625 0.07583333333333334 0.026041666666666668
13 0.06291666666666666 0.75390625 0.060833333333333336 0.030729166666666665
13 0.13916666666666666 0.8075520833333333 0.20666666666666667 0.028645833333333332
3 0.09916666666666667 0.10390625 0.13333333333333333 0.0296875
3 0.13291666666666666 0.41692708333333334 0.2125 0.028645833333333332
3 0.10291666666666667 0.6088541666666667 0.1675 0.03333333333333333
12 0.9166666666666666 0.36328125 0.12333333333333334 0.030729166666666665
12 0.9229166666666667 0.46770833333333334 0.12916666666666668 0.035416666666666666
5 0.050416666666666665 0.05625 0.08916666666666667 0.041666666666666664