6 0.03359375 0.05234375 0.03359375 0.03125
13 0.10859375 0.0515625 0.11640625 0.02578125
13 0.49921875 0.0515625 0.1578125 0.03046875
6 0.96640625 0.05234375 0.03359375 0.02578125
13 0.02421875 0.5 0.0328125 0.01953125
13 0.48671875 0.5 0.859375 0.01953125
5 0.9625 0.5 0.05859375 0.03671875
7 0.9625 0.5 0.05859375 0.03671875
13 0.02421875 0.54765625 0.0328125 0.01953125
13 0.48671875 0.54765625 0.859375 0.01953125
5 0.9625 0.54765625 0.05859375 0.03671875
7 0.9625 0.54765625 0.05859375 0.03671875
13 0.02421875 0.59609375 0.0328125 0.01953125
13 0.48671875 0.59609375 0.859375 0.01953125
5 0.9625 0.59609375 0.05859375 0.03671875
7 0.9625 0.59609375 0.05859375 0.03671875
13 0.02421875 0.64375 0.0328125 0.01953125
13 0.48671875 0.64375 0.859375 0.01953125
5 0.9625 0.64375 0.05859375 0.03671875
7 0.9625 0.64375 0.05859375 0.03671875
13 0.02421875 0.69140625 0.0328125 0.01953125
13 0.48671875 0.69140625 0.859375 0.01953125
5 0.9625 0.69140625 0.05859375 0.03671875
7 0.9625 0.69140625 0.05859375 0.03671875
13 0.02421875 0.73984375 0.0328125 0.01953125
13 0.48671875 0.73984375 0.859375 0.01953125
5 0.9625 0.73984375 0.05859375 0.03671875
7 0.9625 0.73984375 0.05859375 0.03671875
13 0.02421875 0.7875 0.0328125 0.01953125
13 0.48671875 0.7875 0.859375 0.01953125
5 0.9625 0.7875 0.05859375 0.03671875
7 0.9625 0.7875 0.05859375 0.03671875
13 0.02421875 0.83515625 0.0328125 0.01953125
13 0.48671875 0.83515625 0.859375 0.01953125
5 0.9625 0.83515625 0.05859375 0.03671875
7 0.9625 0.83515625 0.05859375 0.03671875
13 0.02421875 0.88359375 0.0328125 0.01953125
13 0.48671875 0.88359375 0.859375 0.01953125
5 0.9625 0.88359375 0.05859375 0.03671875
7 0.9625 0.88359375 0.05859375 0.03671875
6 0.21640625 0.21328125 0.37734375 0.2359375
13 0.5671875 0.11015625 0.2984375 0.02890625
13 0.68203125 0.1484375 0.52734375 0.04765625
13 0.61640625 0.2875 0.39609375 0.02890625
5 0.08046875 0.36796875 0.10703125 0.06328125
13 0.23046875 0.38125 0.13984375 0.03828125
13 0.23046875 0.35078125 0.08828125 0.02890625
5 0.38046875 0.36796875 0.10703125 0.06328125
5 0.57578125 0.36796875 0.25546875 0.06328125
5 0.84453125 0.36796875 0.25546875 0.06328125
7 0.84453125 0.36796875 0.25546875 0.06328125
5 0.1109375 0.44140625 0.221875 0.04296875
5 0.49921875 0.44140625 0.55546875 0.04296875
5 0.88828125 0.440625 0.2234375 0.04375
6 0.09921875 0.92109375 0.1265625 0.05859375
6 0.2984375 0.92109375 0.10390625 0.05859375
6 0.69921875 0.92109375 0.10546875 0.05859375
6 0.9 0.92109375 0.10703125 0.05859375
6 0.5 0.92109375 0.15703125 0.05859375