6 0.5 0.24505208333333334 1 0.3046875
6 0.5 0.24479166666666666 0.17666666666666667 0.11041666666666666
6 0.17333333333333334 0.5057291666666667 0.26666666666666666 0.16666666666666666
13 0.6533333333333333 0.44114583333333335 0.6133333333333333 0.03958333333333333
13 0.4558333333333333 0.47213541666666664 0.21833333333333332 0.022395833333333334
6 0.36 0.49635416666666665 0.02666666666666667 0.016666666666666666
13 0.4125 0.49661458333333336 0.058333333333333334 0.022395833333333334
0 0.49333333333333335 0.5690104166666666 0.29333333333333333 0.03802083333333333
0 0.8133333333333334 0.5690104166666666 0.29333333333333333 0.03802083333333333
13 0.89125 0.603125 0.1375 0.019791666666666666
13 0.5 0.80234375 1 0.07239583333333334
6 0.06 0.896875 0.04 0.025
13 0.54 0.8986979166666667 0.84 0.028645833333333332
13 0.54 0.9565104166666667 0.84 0.08697916666666666
5 0.04666666666666667 0.059375 0.09333333333333334 0.06666666666666667
6 0.22166666666666668 0.059375 0.25666666666666665 0.025
13 0.8933333333333333 0.059375 0.08 0.05
6 0.9666666666666667 0.059375 0.06666666666666667 0.05