5 0.06015625 0.059375 0.09296875 0.05859375
3 0.3734375 0.059375 0.50703125 0.0375
6 0.1328125 0.15078125 0.23359375 0.09375
13 0.20078125 0.1734375 0.0796875 0.03828125
13 0.62109375 0.13828125 0.7265625 0.02265625
13 0.62109375 0.16484375 0.7265625 0.01953125
6 0.1328125 0.25703125 0.23359375 0.09375
13 0.1984375 0.2796875 0.08515625 0.03828125
13 0.62109375 0.24453125 0.7265625 0.02265625
13 0.62109375 0.27109375 0.7265625 0.01953125
6 0.1328125 0.36328125 0.23359375 0.09375
13 0.20078125 0.3859375 0.0796875 0.03828125
13 0.62109375 0.35078125 0.7265625 0.02265625
13 0.62109375 0.37734375 0.7265625 0.01953125
6 0.1328125 0.46953125 0.23359375 0.09375
13 0.1984375 0.4921875 0.08515625 0.03828125
13 0.62109375 0.45703125 0.7265625 0.02265625
13 0.62109375 0.48359375 0.7265625 0.01953125
6 0.1328125 0.57578125 0.23359375 0.09375
13 0.1984375 0.5984375 0.08515625 0.03828125
13 0.62109375 0.56328125 0.7265625 0.02265625
13 0.62109375 0.58984375 0.7265625 0.01953125
6 0.1328125 0.68203125 0.23359375 0.09375
13 0.1984375 0.7046875 0.08515625 0.03828125
13 0.62109375 0.66953125 0.7265625 0.02265625
13 0.62109375 0.69609375 0.7265625 0.01953125
6 0.1328125 0.78828125 0.23359375 0.09375
13 0.20078125 0.8109375 0.0796875 0.03828125
13 0.62109375 0.77578125 0.7265625 0.04453125
13 0.62109375 0.81328125 0.7265625 0.01953125