13 0.4170833333333333 0.04401041666666667 0.5491666666666667 0.06197916666666667
13 0.9116666666666666 0.08854166666666667 0.08 0.14375
13 0.8041666666666667 0.4466145833333333 0.07 0.3015625
13 0.7408333333333333 0.425 0.03833333333333333 0.6625
13 0.6875 0.4283854166666667 0.03 0.0734375
13 0.69375 0.5395833333333333 0.04583333333333333 0.084375
13 0.6866666666666666 0.6552083333333333 0.043333333333333335 0.08333333333333333
13 0.68625 0.7638020833333333 0.035833333333333335 0.0796875
13 0.8329166666666666 0.83203125 0.035833333333333335 0.09739583333333333
13 0.9079166666666667 0.83828125 0.019166666666666665 0.1140625
13 0.7466666666666667 0.9276041666666667 0.06833333333333333 0.11041666666666666
13 0.75 0.8166666666666667 0.05333333333333334 0.059375
13 0.62 0.92890625 0.055 0.09635416666666667
13 0.38416666666666666 0.9255208333333333 0.043333333333333335 0.11770833333333333
5 0.13916666666666666 0.88984375 0.055 0.0484375
5 0.14833333333333334 0.9604166666666667 0.05333333333333334 0.052083333333333336
13 0.13375 0.6177083333333333 0.0625 0.4