5 0.06015625 0.05078125 0.09296875 0.05
13 0.17265625 0.05078125 0.07890625 0.01953125
13 0.2265625 0.05078125 0.02734375 0.01953125
13 0.2640625 0.05078125 0.0484375 0.01953125
13 0.946875 0.05078125 0.0796875 0.05
6 0.07578125 0.09453125 0.04140625 0.015625
13 0.51796875 0.0953125 0.815625 0.0171875
13 0.95859375 0.0953125 0.065625 0.0171875
13 0.0546875 0.1265625 0.08359375 0.0296875
13 0.5421875 0.11953125 0.86484375 0.01953125
13 0.98359375 0.12109375 0.01640625 0.02265625
13 0.5421875 0.14375 0.86484375 0.01953125
13 0.98359375 0.14296875 0.01640625 0.02265625
6 0.125 0.17421875 0.04140625 0.02578125
13 0.125 0.196875 0.03984375 0.01953125
6 0.375 0.17421875 0.04140625 0.02578125
13 0.375 0.196875 0.08515625 0.01953125
6 0.625 0.17421875 0.04140625 0.02578125
13 0.625 0.196875 0.053125 0.01953125
6 0.875 0.17421875 0.04140625 0.02578125
13 0.87421875 0.196875 0.0421875 0.01953125
13 0.5 0.33046875 1 0.03125
13 0.125 0.36171875 0.25 0.02734375
13 0.33203125 0.36171875 0.16328125 0.02734375
13 0.125 0.39296875 0.25 0.02734375
13 0.28515625 0.39296875 0.07109375 0.02734375