13 0.4171875 0.04375 0.54921875 0.06171875
13 0.91171875 0.08828125 0.0796875 0.14375
13 0.80390625 0.446875 0.0703125 0.3015625
13 0.740625 0.425 0.03828125 0.6625
13 0.6875 0.428125 0.0296875 0.0734375
13 0.69375 0.53984375 0.04609375 0.084375
13 0.68671875 0.65546875 0.04296875 0.08359375
13 0.6859375 0.7640625 0.0359375 0.0796875
13 0.8328125 0.83203125 0.0359375 0.09765625
13 0.9078125 0.83828125 0.01953125 0.1140625
13 0.746875 0.92734375 0.06796875 0.11015625
13 0.75 0.81640625 0.053125 0.059375
13 0.6203125 0.92890625 0.0546875 0.09609375
13 0.384375 0.92578125 0.04296875 0.11796875
5 0.1390625 0.88984375 0.0546875 0.0484375
5 0.1484375 0.96015625 0.053125 0.05234375
13 0.13359375 0.61796875 0.0625 0.4