13 0.3140625 0.06015625 0.3875 0.02578125
13 0.21953125 0.2265625 0.15390625 0.04765625
13 0.20703125 0.3046875 0.14453125 0.0390625
13 0.27890625 0.3921875 0.25859375 0.03828125
13 0.378125 0.43515625 0.2921875 0.02734375
3 0.3046875 0.48125 0.3359375 0.02265625
13 0.225 0.64375 0.18828125 0.04375
13 0.25546875 0.721875 0.22578125 0.03515625
13 0.2140625 0.81171875 0.184375 0.04140625
13 0.6734375 0.54375 0.10078125 0.02890625
13 0.80078125 0.54921875 0.0546875 0.02421875
6 0.07265625 0.22890625 0.07734375 0.05859375
6 0.0671875 0.3140625 0.11171875 0.05390625
6 0.06484375 0.3921875 0.0609375 0.05390625
6 0.51875 0.13203125 0.1671875 0.075
6 0.0671875 0.48203125 0.10859375 0.06640625
6 0.06796875 0.5625 0.0953125 0.05703125
6 0.0765625 0.6484375 0.10859375 0.0546875
6 0.08359375 0.73046875 0.1140625 0.06875
6 0.0734375 0.82109375 0.1171875 0.05546875
5 0.82890625 0.23046875 0.096875 0.059375
5 0.940625 0.22734375 0.08203125 0.06015625
5 0.0609375 0.0609375 0.04140625 0.0484375
5 0.8328125 0.30859375 0.10078125 0.05859375
5 0.93984375 0.3046875 0.0890625 0.05859375
5 0.840625 0.3953125 0.10078125 0.03671875
5 0.940625 0.3890625 0.07578125 0.04765625
5 0.93671875 0.47734375 0.0890625 0.0640625
5 0.940625 0.5640625 0.1140625 0.06171875
5 0.82890625 0.64375 0.10078125 0.0546875
5 0.94765625 0.640625 0.0953125 0.05390625
5 0.83515625 0.72421875 0.090625 0.06953125
5 0.93984375 0.7234375 0.0890625 0.05859375
5 0.834375 0.8078125 0.0953125 0.06015625
5 0.94140625 0.81171875 0.08359375 0.06015625
13 0.59453125 0.909375 0.3078125 0.04765625
5 0.1 0.9078125 0.1203125 0.05703125