5 0.06015625 0.05078125 0.09296875 0.05
13 0.17265625 0.05078125 0.07890625 0.01953125
13 0.2265625 0.05078125 0.02734375 0.01953125
13 0.271875 0.05078125 0.06328125 0.01953125
6 0.06640625 0.1125 0.1 0.0625
13 0.26796875 0.09609375 0.2703125 0.03984375
13 0.24765625 0.1296875 0.228125 0.0171875
6 0.06640625 0.18515625 0.1 0.0625
13 0.38203125 0.16875 0.49765625 0.03984375
13 0.24765625 0.20234375 0.228125 0.0171875
6 0.06640625 0.25859375 0.1 0.0625
13 0.371875 0.24140625 0.4765625 0.03984375
13 0.24765625 0.275 0.228125 0.0171875
6 0.06640625 0.33125 0.1 0.0625
13 0.32265625 0.31484375 0.37890625 0.03984375
13 0.24765625 0.3484375 0.228125 0.0171875
6 0.06640625 0.40390625 0.1 0.0625
13 0.39453125 0.3875 0.52265625 0.03984375
13 0.24765625 0.42109375 0.228125 0.0171875
6 0.06640625 0.47734375 0.1 0.0625
13 0.33671875 0.46015625 0.4078125 0.03984375
13 0.24765625 0.49375 0.22890625 0.0171875
6 0.06640625 0.55 0.1 0.0625
13 0.315625 0.53359375 0.36484375 0.03984375
13 0.24765625 0.5671875 0.22890625 0.0171875
6 0.06640625 0.62265625 0.1 0.0625
13 0.3578125 0.60625 0.44921875 0.03984375
13 0.24765625 0.63984375 0.22890625 0.0171875
6 0.06640625 0.69609375 0.1 0.0625
13 0.31171875 0.67890625 0.35703125 0.03984375
13 0.25390625 0.7125 0.24140625 0.0171875
6 0.06640625 0.76875 0.1 0.0625
13 0.359375 0.75234375 0.45234375 0.03984375
13 0.25390625 0.7859375 0.240625 0.0171875
6 0.06640625 0.84140625 0.1 0.0625
13 0.3453125 0.825 0.4234375 0.03984375
13 0.24765625 0.85859375 0.228125 0.0171875