5 0.06 0.051041666666666666 0.09333333333333334 0.05
13 0.17291666666666666 0.051041666666666666 0.07916666666666666 0.019791666666666666
13 0.22625 0.051041666666666666 0.0275 0.019791666666666666
13 0.27166666666666667 0.051041666666666666 0.06333333333333334 0.019791666666666666
6 0.06666666666666667 0.1125 0.1 0.0625
13 0.2683333333333333 0.09583333333333334 0.27 0.03958333333333333
13 0.2475 0.12942708333333333 0.22833333333333333 0.0171875
6 0.06666666666666667 0.18541666666666667 0.1 0.0625
13 0.38208333333333333 0.16875 0.4975 0.03958333333333333
13 0.2475 0.20234375 0.22833333333333333 0.0171875
6 0.06666666666666667 0.25833333333333336 0.1 0.0625
13 0.37166666666666665 0.24166666666666667 0.4766666666666667 0.03958333333333333
13 0.2475 0.2752604166666667 0.22833333333333333 0.0171875
6 0.06666666666666667 0.33125 0.1 0.0625
13 0.3229166666666667 0.3145833333333333 0.37916666666666665 0.03958333333333333
13 0.2475 0.34817708333333336 0.22833333333333333 0.0171875
6 0.06666666666666667 0.4041666666666667 0.1 0.0625
13 0.39458333333333334 0.3875 0.5225 0.03958333333333333
13 0.2475 0.42109375 0.22833333333333333 0.0171875
6 0.06666666666666667 0.47708333333333336 0.1 0.0625
13 0.33708333333333335 0.46041666666666664 0.4075 0.03958333333333333
13 0.24791666666666667 0.4940104166666667 0.22916666666666666 0.0171875
6 0.06666666666666667 0.55 0.1 0.0625
13 0.31583333333333335 0.5333333333333333 0.365 0.03958333333333333
13 0.24791666666666667 0.5669270833333333 0.22916666666666666 0.0171875
6 0.06666666666666667 0.6229166666666667 0.1 0.0625
13 0.35791666666666666 0.60625 0.44916666666666666 0.03958333333333333
13 0.24791666666666667 0.63984375 0.22916666666666666 0.0171875
6 0.06666666666666667 0.6958333333333333 0.1 0.0625
13 0.31166666666666665 0.6791666666666667 0.3566666666666667 0.03958333333333333
13 0.25416666666666665 0.7127604166666667 0.24166666666666667 0.0171875
6 0.06666666666666667 0.76875 0.1 0.0625
13 0.3595833333333333 0.7520833333333333 0.4525 0.03958333333333333
13 0.25375 0.7856770833333333 0.24083333333333334 0.0171875
6 0.06666666666666667 0.8416666666666667 0.1 0.0625
13 0.345 0.825 0.42333333333333334 0.03958333333333333
13 0.2475 0.85859375 0.22833333333333333 0.0171875