13 0.31375 0.06041666666666667 0.3875 0.026041666666666668
13 0.21958333333333332 0.22682291666666668 0.15416666666666667 0.04739583333333333
13 0.20708333333333334 0.30442708333333335 0.14416666666666667 0.0390625
13 0.2791666666666667 0.3919270833333333 0.25833333333333336 0.03802083333333333
13 0.3779166666666667 0.4348958333333333 0.2925 0.027083333333333334
3 0.3045833333333333 0.48151041666666666 0.3358333333333333 0.022395833333333334
13 0.225 0.64375 0.18833333333333332 0.04375
13 0.2554166666666667 0.721875 0.22583333333333333 0.035416666666666666
13 0.21375 0.8114583333333333 0.18416666666666667 0.041666666666666664
13 0.67375 0.5440104166666667 0.10083333333333333 0.028645833333333332
13 0.8008333333333333 0.5494791666666666 0.055 0.023958333333333335
6 0.07291666666666667 0.22864583333333333 0.0775 0.058333333333333334
6 0.0675 0.3143229166666667 0.11166666666666666 0.05364583333333333
6 0.06458333333333334 0.3924479166666667 0.060833333333333336 0.05364583333333333
6 0.51875 0.13229166666666667 0.1675 0.075
6 0.0675 0.4822916666666667 0.10833333333333334 0.06666666666666667
6 0.06833333333333333 0.5627604166666667 0.095 0.05677083333333333
6 0.07666666666666666 0.6481770833333333 0.10833333333333334 0.0546875
6 0.08375 0.7302083333333333 0.11416666666666667 0.06875
6 0.07375 0.82109375 0.1175 0.05572916666666667
5 0.8291666666666667 0.23020833333333332 0.09666666666666666 0.059375
5 0.9408333333333333 0.22708333333333333 0.08166666666666667 0.06041666666666667
5 0.060833333333333336 0.061197916666666664 0.041666666666666664 0.0484375
5 0.8329166666666666 0.30833333333333335 0.10083333333333333 0.058333333333333334
5 0.9395833333333333 0.3046875 0.08916666666666667 0.058333333333333334
5 0.8404166666666667 0.39505208333333336 0.10083333333333333 0.03697916666666667
5 0.9404166666666667 0.3893229166666667 0.07583333333333334 0.04739583333333333
5 0.9370833333333334 0.47734375 0.08916666666666667 0.0640625
5 0.9404166666666667 0.5638020833333334 0.11416666666666667 0.06197916666666667
5 0.82875 0.6434895833333333 0.10083333333333333 0.0546875
5 0.9475 0.6403645833333333 0.095 0.05364583333333333
5 0.8354166666666667 0.7244791666666667 0.09083333333333334 0.06979166666666667
5 0.9395833333333333 0.7234375 0.08916666666666667 0.058333333333333334
5 0.8341666666666666 0.8078125 0.095 0.06041666666666667
5 0.9416666666666667 0.8114583333333333 0.08333333333333333 0.06041666666666667
13 0.5945833333333334 0.9091145833333333 0.3075 0.04739583333333333
5 0.1 0.9080729166666667 0.12 0.05677083333333333