13 0.3475 0.068359375 0.4325 0.04140625
13 0.69375 0.2109375 0.5925 0.0875
13 0.4325 0.334765625 0.8375 0.07109375
13 0.7525 0.491015625 0.4575 0.04609375
13 0.408125 0.59609375 0.78875 0.0578125
13 0.78375 0.741015625 0.405 0.06171875
13 0.405 0.841796875 0.745 0.04609375
13 0.505625 0.916796875 0.12875 0.03828125
5 0.071875 0.0640625 0.09125 0.0359375
5 0.80125 0.06171875 0.1025 0.05
5 0.935625 0.0640625 0.08875 0.0640625
5 0.116875 0.915625 0.12375 0.0703125
5 0.32875 0.918359375 0.14 0.06015625
5 0.695625 0.905859375 0.07375 0.04765625
5 0.9175 0.917578125 0.085 0.05234375