13 0.50125 0.09479166666666666 0.18583333333333332 0.03333333333333333
13 0.5 0.25390625 0.56 0.0453125
3 0.5083333333333333 0.3255208333333333 0.705 0.04375
3 0.5016666666666667 0.37447916666666664 0.7066666666666667 0.051041666666666666
0 0.50125 0.42916666666666664 0.7025 0.041666666666666664
13 0.4979166666666667 0.46901041666666665 0.17083333333333334 0.021354166666666667
13 0.4975 0.5010416666666667 0.095 0.01875
13 0.50875 0.52890625 0.30416666666666664 0.0203125
13 0.30916666666666665 0.64609375 0.215 0.08802083333333334
13 0.5033333333333333 0.7041666666666667 0.15166666666666667 0.023958333333333335
13 0.6845833333333333 0.6541666666666667 0.0775 0.09270833333333334