13 0.18828125 0.059375 0.32265625 0.028125
6 0.953125 0.059375 0.06640625 0.05
13 0.1328125 0.11796875 0.1390625 0.01953125
13 0.4 0.11796875 0.08828125 0.01953125
13 0.66640625 0.11796875 0.0921875 0.01953125
13 0.93359375 0.11796875 0.10703125 0.01953125
6 0.05 0.17421875 0.06640625 0.04140625
13 0.203125 0.1765625 0.23984375 0.0390625
6 0.5 0.2 0.96640625 0.00078125
6 0.05 0.2421875 0.06640625 0.04140625
13 0.240625 0.2453125 0.3140625 0.0390625
6 0.5 0.26875 0.96640625 0.00078125
6 0.05 0.31015625 0.06640625 0.04140625
13 0.24609375 0.31328125 0.32578125 0.0390625
6 0.5 0.33671875 0.96640625 0.00078125
6 0.05 0.37890625 0.06640625 0.04140625
13 0.18359375 0.38125 0.20078125 0.0390625
6 0.5 0.4046875 0.96640625 0.00078125
6 0.05 0.446875 0.06640625 0.04140625
13 0.20390625 0.45 0.24140625 0.0390625
6 0.5 0.4734375 0.96640625 0.00078125
6 0.05 0.51484375 0.06640625 0.04140625
13 0.203125 0.51796875 0.2390625 0.0390625
6 0.5 0.54140625 0.96640625 0.00078125
6 0.05 0.58359375 0.06640625 0.04140625
13 0.2265625 0.5859375 0.2859375 0.0390625
6 0.5 0.609375 0.96640625 0.00078125
6 0.05 0.6515625 0.06640625 0.04140625
13 0.19296875 0.6546875 0.2203125 0.0390625
6 0.5 0.678125 0.96640625 0.00078125
6 0.05 0.71953125 0.06640625 0.04140625
13 0.228125 0.72265625 0.28984375 0.0390625
6 0.5 0.74609375 0.96640625 0.00078125
6 0.05 0.78828125 0.06640625 0.04140625
13 0.2296875 0.790625 0.2921875 0.0390625
6 0.5 0.8140625 0.96640625 0.00078125
6 0.05 0.85625 0.06640625 0.04140625
13 0.22109375 0.859375 0.27578125 0.0390625
6 0.5 0.8828125 0.96640625 0.00078125
6 0.05 0.92421875 0.06640625 0.04140625
13 0.18984375 0.92734375 0.21328125 0.0390625