3 0.353125 0.06484375 0.61875 0.04375
13 0.22421875 0.1390625 0.23125 0.0484375
13 0.65390625 0.1359375 0.1796875 0.06171875
13 0.25 0.19375 0.2078125 0.03359375
13 0.7 0.1984375 0.26015625 0.06640625
13 0.221875 0.3125 0.19375 0.04140625
13 0.71640625 0.3140625 0.19765625 0.07265625
13 0.2265625 0.4328125 0.18984375 0.06640625
13 0.7578125 0.4453125 0.08359375 0.05
13 0.25859375 0.5546875 0.19765625 0.06328125
13 0.640625 0.546875 0.3609375 0.08046875
13 0.2671875 0.6625 0.23515625 0.05546875
13 0.66640625 0.6578125 0.3078125 0.09140625
13 0.23984375 0.77421875 0.1796875 0.05
13 0.6890625 0.78125 0.23125 0.078125
13 0.24140625 0.89296875 0.1671875 0.0390625
13 0.65078125 0.88828125 0.27890625 0.075
13 0.9109375 0.83984375 0.1671875 0.084375
13 0.05 0.2015625 0.08515625 0.04140625
13 0.0609375 0.3171875 0.0578125 0.04765625
13 0.06875 0.42109375 0.0796875 0.0640625
13 0.05703125 0.5453125 0.06875 0.0296875
13 0.0578125 0.665625 0.04140625 0.05078125
13 0.0578125 0.78125 0.05 0.03828125
13 0.0640625 0.903125 0.08515625 0.03359375
13 0.9203125 0.36640625 0.13515625 0.128125
5 0.75 0.065625 0.0875 0.06640625
5 0.90390625 0.0578125 0.07265625 0.059375
5 0.92578125 0.91484375 0.1015625 0.0578125