13 0.503125 0.05625 0.12375 0.0359375
13 0.116875 0.298828125 0.18375 0.02734375
13 0.268125 0.609375 0.48625 0.0203125
13 0.188125 0.92578125 0.31875 0.0359375
6 0.415625 0.176953125 0.77875 0.17421875
6 0.90625 0.179296875 0.1725 0.17578125
6 0.406875 0.449609375 0.77625 0.25546875
6 0.901875 0.446484375 0.15625 0.25859375
6 0.413125 0.762890625 0.78125 0.26953125
6 0.900625 0.754296875 0.17125 0.26953125
5 0.0525 0.057421875 0.0775 0.03203125
5 0.82875 0.06484375 0.0725 0.0296875
5 0.933125 0.055078125 0.07625 0.04140625