13 0.3328125 0.0625 0.18984375 0.04140625
13 0.171875 0.14296875 0.2375 0.025
13 0.278125 0.19453125 0.446875 0.03828125
13 0.32421875 0.2640625 0.52421875 0.0546875
13 0.17890625 0.3078125 0.2390625 0.0203125
13 0.22578125 0.36953125 0.36484375 0.04296875
13 0.23359375 0.43515625 0.353125 0.04609375
13 0.1546875 0.48046875 0.22578125 0.03359375
13 0.265625 0.53359375 0.42734375 0.04609375
13 0.34609375 0.60234375 0.5734375 0.04609375
1 0.89296875 0.53671875 0.06640625 0.03828125
1 0.88046875 0.6 0.04765625 0.02265625
1 0.884375 0.190625 0.04921875 0.034375
1 0.88203125 0.26015625 0.04765625 0.03359375
6 0.18828125 0.05625 0.09921875 0.0453125
5 0.06015625 0.05390625 0.04296875 0.03671875