13 0.3325 0.0625 0.19 0.041666666666666664
13 0.17208333333333334 0.14322916666666666 0.2375 0.025
13 0.2783333333333333 0.19453125 0.44666666666666666 0.03802083333333333
13 0.32458333333333333 0.2638020833333333 0.5241666666666667 0.0546875
13 0.17875 0.30807291666666664 0.23916666666666667 0.0203125
13 0.22583333333333333 0.3692708333333333 0.365 0.042708333333333334
13 0.23333333333333334 0.43515625 0.35333333333333333 0.04635416666666667
13 0.15458333333333332 0.48072916666666665 0.22583333333333333 0.03333333333333333
13 0.2654166666666667 0.53359375 0.4275 0.04635416666666667
13 0.3458333333333333 0.60234375 0.5733333333333334 0.04635416666666667
1 0.8933333333333333 0.53671875 0.06666666666666667 0.03802083333333333
1 0.8804166666666666 0.5997395833333333 0.0475 0.022395833333333334
1 0.8845833333333334 0.190625 0.049166666666666664 0.034375
1 0.8820833333333333 0.2598958333333333 0.0475 0.03333333333333333
6 0.18791666666666668 0.055989583333333336 0.09916666666666667 0.0453125
5 0.06 0.05390625 0.043333333333333335 0.03697916666666667