6 0.5 0.2453125 1 0.3046875
6 0.1734375 0.50546875 0.26640625 0.16640625
13 0.653125 0.44140625 0.61328125 0.03984375
13 0.5234375 0.471875 0.353125 0.02265625
6 0.36015625 0.49609375 0.0265625 0.01640625
13 0.43828125 0.496875 0.11015625 0.02265625
0 0.49296875 0.56875 0.29296875 0.03828125
0 0.81328125 0.56875 0.29296875 0.03828125
13 0.14921875 0.603125 0.21953125 0.01953125
13 0.89140625 0.603125 0.1375 0.01953125
13 0.259375 0.671875 0.02265625 0.0296875
13 0.26015625 0.69921875 0.1046875 0.01328125
13 0.26015625 0.72421875 0.146875 0.02578125
0 0.4203125 0.68515625 0.146875 0.103125
13 0.4203125 0.665625 0.05859375 0.03359375
13 0.41015625 0.72421875 0.0109375 0.02578125
6 0.42734375 0.72890625 0.01328125 0.00859375
0 0.5796875 0.68515625 0.146875 0.103125
6 0.5796875 0.67265625 0.1234375 0.07734375
13 0.5796875 0.72421875 0.146875 0.02578125
0 0.73984375 0.68515625 0.146875 0.103125
6 0.73984375 0.67265625 0.1234375 0.07734375
13 0.73984375 0.72421875 0.146875 0.02578125
13 0.5 0.80234375 1 0.07265625
13 0.5 0.853125 1 0.02890625
6 0.3265625 0.94375 0.65234375 0.11171875
6 0.8296875 0.94375 0.340625 0.11171875
5 0.046875 0.059375 0.09296875 0.06640625
6 0.221875 0.059375 0.25703125 0.025
13 0.89296875 0.059375 0.0796875 0.05
6 0.96640625 0.059375 0.06640625 0.05