13 0.179375 0.05703125 0.14625 0.03125
13 0.30125 0.127734375 0.2275 0.04609375
13 0.383125 0.201953125 0.38375 0.06171875
9 0.299375 0.159765625 0.24875 0.01640625
13 0.26125 0.299609375 0.295 0.04765625
13 0.08625 0.362109375 0.1125 0.02109375
13 0.0775 0.41015625 0.1125 0.025
13 0.076875 0.45234375 0.11625 0.01875
13 0.503125 0.5109375 0.96125 0.084375
13 0.27375 0.580859375 0.425 0.03359375
13 0.47875 0.656640625 0.855 0.10234375
13 0.235 0.786328125 0.37 0.14140625
13 0.064375 0.891796875 0.12375 0.01796875
5 0.124375 0.9296875 0.03625 0.01875
5 0.87625 0.92578125 0.0575 0.028125
0 0.498125 0.928515625 0.51125 0.04765625
5 0.06 0.06171875 0.0375 0.03125
5 0.851875 0.062890625 0.07375 0.03359375
5 0.948125 0.062109375 0.05375 0.04296875
6 0.1025 0.176953125 0.1675 0.13046875
6 0.06 0.291015625 0.085 0.05703125