13 0.25078125 0.059375 0.44765625 0.028125
6 0.953125 0.059375 0.06640625 0.05
13 0.1328125 0.11796875 0.1390625 0.01953125
13 0.4 0.11796875 0.08828125 0.01953125
13 0.66640625 0.11796875 0.0921875 0.01953125
13 0.93359375 0.11796875 0.10703125 0.01953125
6 0.25078125 0.33828125 0.49765625 0.3890625
6 0.74921875 0.33828125 0.49765625 0.3890625
6 0.25078125 0.728125 0.49765625 0.3890625
6 0.74921875 0.728125 0.49765625 0.3890625
6 0.25078125 0.96171875 0.49765625 0.07578125
6 0.74921875 0.96171875 0.49765625 0.07578125