13 0.2504166666666667 0.059375 0.4475 0.028125
6 0.9533333333333334 0.059375 0.06666666666666667 0.05
13 0.13291666666666666 0.11770833333333333 0.13916666666666666 0.019791666666666666
13 0.4 0.11770833333333333 0.08833333333333333 0.019791666666666666
13 0.66625 0.11770833333333333 0.0925 0.019791666666666666
13 0.9333333333333333 0.11770833333333333 0.10666666666666667 0.019791666666666666
6 0.2504166666666667 0.33828125 0.4975 0.3890625
6 0.7495833333333334 0.33828125 0.4975 0.3890625
6 0.2504166666666667 0.7283854166666667 0.4975 0.3890625
6 0.7495833333333334 0.7283854166666667 0.4975 0.3890625
6 0.2504166666666667 0.9619791666666667 0.4975 0.07604166666666666
6 0.7495833333333334 0.9619791666666667 0.4975 0.07604166666666666