6 0.46015625 0.05078125 0.03984375 0.025
6 0.53984375 0.05078125 0.03984375 0.025
6 0.02890625 0.11796875 0.0578125 0.05078125
6 0.09921875 0.11875 0.08359375 0.05234375
13 0.390625 0.1078125 0.5 0.03046875
6 0.02890625 0.2046875 0.0578125 0.05078125
6 0.09921875 0.20546875 0.08359375 0.05234375
13 0.2296875 0.19453125 0.17734375 0.03046875
6 0.02890625 0.29140625 0.0578125 0.05078125
6 0.09921875 0.29140625 0.08359375 0.05234375
13 0.2296875 0.28125 0.17734375 0.03046875
6 0.02890625 0.37734375 0.0578125 0.05078125
6 0.09921875 0.378125 0.08359375 0.05234375
13 0.28046875 0.3671875 0.2796875 0.03046875
6 0.02890625 0.4640625 0.0578125 0.05078125
6 0.09921875 0.46484375 0.08359375 0.05234375
13 0.209375 0.45390625 0.1375 0.03046875
6 0.02890625 0.55078125 0.0578125 0.05078125
6 0.09921875 0.55078125 0.08359375 0.05234375
13 0.21171875 0.540625 0.1421875 0.03046875
6 0.02890625 0.63671875 0.0578125 0.05078125
6 0.09921875 0.6375 0.08359375 0.05234375
13 0.21640625 0.6265625 0.15078125 0.03046875
6 0.02890625 0.7234375 0.0578125 0.05078125
6 0.09921875 0.72421875 0.08359375 0.05234375
13 0.23984375 0.71328125 0.1984375 0.03046875
6 0.02890625 0.81015625 0.0578125 0.05078125
6 0.09921875 0.81015625 0.08359375 0.05234375
13 0.2546875 0.8 0.228125 0.03046875
6 0.02890625 0.89609375 0.0578125 0.05078125
6 0.09921875 0.896875 0.08359375 0.05234375
13 0.178125 0.8859375 0.075 0.03046875
5 0.9265625 0.80859375 0.13359375 0.09609375
5 0.9265625 0.90390625 0.13359375 0.09609375