13 0.2015625 0.01875 0.39921875 0.03203125
13 0.17265625 0.065625 0.3078125 0.0296875
13 0.49921875 0.1453125 0.96796875 0.1046875
13 0.1671875 0.21796875 0.30390625 0.02578125
13 0.51640625 0.2609375 0.81640625 0.0390625
13 0.3484375 0.31640625 0.484375 0.02265625
13 0.54453125 0.36875 0.86015625 0.03984375
13 0.52421875 0.41796875 0.84296875 0.03359375
13 0.53046875 0.5703125 0.8453125 0.2328125
13 0.58828125 0.74453125 0.76953125 0.0546875
13 0.14765625 0.815625 0.265625 0.02578125
13 0.58046875 0.8828125 0.75390625 0.0890625
13 0.47265625 0.9421875 0.9265625 0.02265625
6 0.06484375 0.265625 0.07578125 0.04609375
6 0.0578125 0.32421875 0.0890625 0.05
6 0.06015625 0.37734375 0.0703125 0.03984375
6 0.0546875 0.41640625 0.08359375 0.015625
6 0.0578125 0.48515625 0.07734375 0.06875
6 0.0671875 0.58125 0.09296875 0.02890625
6 0.10625 0.740625 0.12890625 0.09453125
6 0.10546875 0.87734375 0.18828125 0.078125
5 0.9640625 0.0265625 0.0546875 0.04375