6 0.46 0.051041666666666666 0.04 0.025
6 0.54 0.051041666666666666 0.04 0.025
6 0.02875 0.11822916666666666 0.0575 0.051041666666666666
6 0.09916666666666667 0.11875 0.08333333333333333 0.052083333333333336
13 0.3908333333333333 0.10807291666666667 0.5 0.030729166666666665
6 0.02875 0.2046875 0.0575 0.051041666666666666
6 0.09916666666666667 0.20520833333333333 0.08333333333333333 0.052083333333333336
13 0.22958333333333333 0.19453125 0.1775 0.030729166666666665
6 0.02875 0.2911458333333333 0.0575 0.051041666666666666
6 0.09916666666666667 0.2916666666666667 0.08333333333333333 0.052083333333333336
13 0.22958333333333333 0.28098958333333335 0.1775 0.030729166666666665
6 0.02875 0.3776041666666667 0.0575 0.051041666666666666
6 0.09916666666666667 0.378125 0.08333333333333333 0.052083333333333336
13 0.2808333333333333 0.36744791666666665 0.28 0.030729166666666665
6 0.02875 0.4640625 0.0575 0.051041666666666666
6 0.09916666666666667 0.46458333333333335 0.08333333333333333 0.052083333333333336
13 0.20958333333333334 0.45390625 0.1375 0.030729166666666665
6 0.02875 0.5505208333333333 0.0575 0.051041666666666666
6 0.09916666666666667 0.5510416666666667 0.08333333333333333 0.052083333333333336
13 0.21208333333333335 0.5403645833333334 0.1425 0.030729166666666665
6 0.02875 0.6369791666666667 0.0575 0.051041666666666666
6 0.09916666666666667 0.6375 0.08333333333333333 0.052083333333333336
13 0.21625 0.6268229166666667 0.15083333333333335 0.030729166666666665
6 0.02875 0.7234375 0.0575 0.051041666666666666
6 0.09916666666666667 0.7239583333333334 0.08333333333333333 0.052083333333333336
13 0.24 0.71328125 0.19833333333333333 0.030729166666666665
6 0.02875 0.8098958333333334 0.0575 0.051041666666666666
6 0.09916666666666667 0.8104166666666667 0.08333333333333333 0.052083333333333336
13 0.255 0.7997395833333333 0.22833333333333333 0.030729166666666665
6 0.02875 0.8963541666666667 0.0575 0.051041666666666666
6 0.09916666666666667 0.896875 0.08333333333333333 0.052083333333333336
13 0.17833333333333334 0.8861979166666667 0.075 0.030729166666666665
5 0.9266666666666666 0.8083333333333333 0.13333333333333333 0.09583333333333334
5 0.9266666666666666 0.9041666666666667 0.13333333333333333 0.09583333333333334