13 0.20125 0.01875 0.39916666666666667 0.03229166666666667
13 0.17291666666666666 0.06588541666666667 0.3075 0.0296875
13 0.49916666666666665 0.14505208333333333 0.9683333333333334 0.1046875
13 0.16708333333333333 0.21822916666666667 0.30416666666666664 0.026041666666666668
13 0.5166666666666667 0.26067708333333334 0.8166666666666667 0.0390625
13 0.34875 0.31640625 0.4841666666666667 0.022395833333333334
13 0.5441666666666667 0.3690104166666667 0.86 0.04010416666666667
13 0.5241666666666667 0.41770833333333335 0.8433333333333334 0.03333333333333333
13 0.5308333333333334 0.5700520833333333 0.845 0.2328125
13 0.5879166666666666 0.74453125 0.7691666666666667 0.0546875
13 0.14791666666666667 0.815625 0.2658333333333333 0.026041666666666668
13 0.5804166666666667 0.8825520833333333 0.7541666666666667 0.0890625
13 0.4725 0.9419270833333333 0.9266666666666666 0.022395833333333334
6 0.06458333333333334 0.26536458333333335 0.07583333333333334 0.04635416666666667
6 0.057916666666666665 0.32395833333333335 0.08916666666666667 0.05
6 0.06 0.37734375 0.07 0.04010416666666667
6 0.055 0.4161458333333333 0.08333333333333333 0.015625
6 0.057916666666666665 0.48541666666666666 0.0775 0.06875
6 0.0675 0.5815104166666667 0.09333333333333334 0.028645833333333332
6 0.10625 0.740625 0.12916666666666668 0.09479166666666666
6 0.10583333333333333 0.8770833333333333 0.18833333333333332 0.078125
5 0.9641666666666666 0.0265625 0.055 0.04375