6 0.013333333333333334 0.05520833333333333 0.02666666666666667 0.016666666666666666
6 0.060833333333333336 0.05520833333333333 0.08 0.05
13 0.21791666666666668 0.046614583333333334 0.22083333333333333 0.025520833333333333
13 0.1475 0.06666666666666667 0.08 0.019791666666666666
6 0.7333333333333333 0.05520833333333333 0.10666666666666667 0.058333333333333334
13 0.84 0.05520833333333333 0.10666666666666667 0.058333333333333334
5 0.9466666666666667 0.05520833333333333 0.10666666666666667 0.058333333333333334
13 0.15291666666666667 0.10807291666666667 0.2725 0.030729166666666665
6 0.29333333333333333 0.11692708333333333 0.02 0.013020833333333334
13 0.37 0.115625 0.11333333333333333 0.019791666666666666
13 0.8075 0.10807291666666667 0.13666666666666666 0.033854166666666664
13 0.94125 0.10807291666666667 0.10416666666666667 0.033854166666666664