13 0.339375 0.06171875 0.47125 0.0390625
13 0.101875 0.11328125 0.16875 0.0328125
13 0.296875 0.440234375 0.37875 0.06484375
13 0.0725 0.67421875 0.0975 0.040625
13 0.34375 0.6734375 0.09 0.0359375
13 0.623125 0.67109375 0.11625 0.0328125
13 0.89875 0.673046875 0.1175 0.03203125
0 0.25625 0.754296875 0.4775 0.04453125
0 0.74625 0.754296875 0.475 0.04453125
6 0.494375 0.1953125 0.95125 0.1125
6 0.07 0.33125 0.065 0.0390625
6 0.5 0.33046875 0.0575 0.0359375
6 0.931875 0.330078125 0.07125 0.03515625
6 0.72625 0.328125 0.075 0.04375
6 0.28875 0.33125 0.105 0.0390625
6 0.079375 0.598828125 0.10375 0.09453125
6 0.215 0.60390625 0.1 0.0859375
6 0.350625 0.60078125 0.10375 0.0875
6 0.494375 0.603125 0.10875 0.090625
6 0.62625 0.60078125 0.11 0.0859375
5 0.8625 0.0578125 0.055 0.0265625
5 0.946875 0.058984375 0.02875 0.02890625
5 0.063125 0.06015625 0.04125 0.0328125
5 0.9025 0.11484375 0.0525 0.0359375
5 0.95875 0.115625 0.0425 0.0328125
6 0.08 0.890625 0.11 0.09375
6 0.35125 0.88984375 0.1075 0.0921875
6 0.625625 0.88828125 0.10875 0.090625
6 0.898125 0.889453125 0.10875 0.09453125
0 0.80625 0.44296875 0.26 0.046875