13 0.0765625 0.0609375 0.1234375 0.0296875
13 0.3 0.1078125 0.29765625 0.03046875
13 0.3828125 0.29140625 0.4640625 0.0265625
13 0.3390625 0.3859375 0.3765625 0.03203125
13 0.1890625 0.15625 0.0734375 0.02109375
13 0.1890625 0.340625 0.0609375 0.02109375
0 0.95703125 0.15625 0.08125 0.034375
0 0.95625 0.3421875 0.0796875 0.03046875
6 0.07265625 0.1375 0.1375 0.08359375
6 0.0734375 0.32421875 0.13359375 0.0828125
0 0.79453125 0.9234375 0.4015625 0.0609375
13 0.3015625 0.9234375 0.2859375 0.02890625