6 0.0796875 0.059375 0.0796875 0.05
13 0.2453125 0.059375 0.25078125 0.028125
13 0.5 0.3140625 0.96015625 0.04765625
13 0.38046875 0.3734375 0.04765625 0.03359375
13 0.428125 0.3734375 0.04765625 0.03359375
13 0.47578125 0.3734375 0.04765625 0.03359375
13 0.52265625 0.3734375 0.04765625 0.03359375
13 0.57109375 0.3734375 0.0484375 0.03359375
13 0.61953125 0.3734375 0.0484375 0.03359375
0 0.38671875 0.44453125 0.08671875 0.05390625
0 0.5 0.44453125 0.08671875 0.05390625
0 0.61328125 0.44453125 0.08671875 0.05390625
0 0.38671875 0.51484375 0.08671875 0.05390625
0 0.5 0.51484375 0.08671875 0.05390625
0 0.61328125 0.51484375 0.08671875 0.05390625
0 0.38671875 0.5859375 0.08671875 0.05390625
0 0.5 0.5859375 0.08671875 0.05390625
0 0.61328125 0.5859375 0.08671875 0.05390625
0 0.5 0.65703125 0.08671875 0.05390625
5 0.61328125 0.65703125 0.08671875 0.05390625
0 0.5 0.72734375 0.175 0.05