6 0.08 0.059375 0.08 0.05
13 0.24541666666666667 0.059375 0.25083333333333335 0.028125
13 0.5 0.3138020833333333 0.96 0.04739583333333333
13 0.3804166666666667 0.3731770833333333 0.0475 0.033854166666666664
13 0.42791666666666667 0.3731770833333333 0.0475 0.033854166666666664
13 0.47541666666666665 0.3731770833333333 0.0475 0.033854166666666664
13 0.5229166666666667 0.3731770833333333 0.0475 0.033854166666666664
13 0.5708333333333333 0.3731770833333333 0.04833333333333333 0.033854166666666664
13 0.6191666666666666 0.3731770833333333 0.04833333333333333 0.033854166666666664
0 0.38666666666666666 0.44427083333333334 0.08666666666666667 0.05416666666666667
0 0.5 0.44427083333333334 0.08666666666666667 0.05416666666666667
0 0.6133333333333333 0.44427083333333334 0.08666666666666667 0.05416666666666667
0 0.38666666666666666 0.5151041666666667 0.08666666666666667 0.05416666666666667
0 0.5 0.5151041666666667 0.08666666666666667 0.05416666666666667
0 0.6133333333333333 0.5151041666666667 0.08666666666666667 0.05416666666666667
0 0.38666666666666666 0.5859375 0.08666666666666667 0.05416666666666667
0 0.5 0.5859375 0.08666666666666667 0.05416666666666667
0 0.6133333333333333 0.5859375 0.08666666666666667 0.05416666666666667
0 0.5 0.6567708333333333 0.08666666666666667 0.05416666666666667
5 0.6133333333333333 0.6567708333333333 0.08666666666666667 0.05416666666666667
0 0.5 0.7276041666666667 0.175 0.05