5 0.05333333333333334 0.03333333333333333 0.1 0.0625
0 0.15666666666666668 0.03125 0.08333333333333333 0.052083333333333336
5 0.6266666666666667 0.03333333333333333 0.1 0.0625
5 0.7333333333333333 0.03333333333333333 0.1 0.0625
5 0.84 0.03333333333333333 0.1 0.0625
5 0.9466666666666667 0.03333333333333333 0.1 0.0625
6 0.014166666666666666 0.08958333333333333 0.025 0.015625
6 0.051666666666666666 0.08958333333333333 0.05 0.03125
8 0.10333333333333333 0.08958333333333333 0.05333333333333334 0.03333333333333333
5 0.9466666666666667 0.8229166666666666 0.1 0.0625
6 0.041666666666666664 0.9239583333333333 0.06666666666666667 0.041666666666666664
6 0.125 0.9239583333333333 0.06666666666666667 0.041666666666666664
6 0.20833333333333334 0.9239583333333333 0.06666666666666667 0.041666666666666664
6 0.2916666666666667 0.9239583333333333 0.06666666666666667 0.041666666666666664
6 0.375 0.9239583333333333 0.06666666666666667 0.041666666666666664
6 0.4583333333333333 0.9239583333333333 0.06666666666666667 0.041666666666666664
6 0.5416666666666666 0.9239583333333333 0.06666666666666667 0.041666666666666664
6 0.625 0.9239583333333333 0.06666666666666667 0.041666666666666664
6 0.7083333333333334 0.9239583333333333 0.06666666666666667 0.041666666666666664
6 0.7916666666666666 0.9239583333333333 0.06666666666666667 0.041666666666666664
5 0.8833333333333333 0.9239583333333333 0.06666666666666667 0.041666666666666664
5 0.9583333333333334 0.9239583333333333 0.06666666666666667 0.041666666666666664
5 0.05333333333333334 0.6604166666666667 0.1 0.0625
5 0.05333333333333334 0.7270833333333333 0.1 0.0625
5 0.9466666666666667 0.6604166666666667 0.1 0.0625
13 0.94625 0.70234375 0.029166666666666667 0.0171875
6 0.1 0.6520833333333333 0.04 0.025
6 0.3 0.6520833333333333 0.04 0.025
6 0.5 0.6520833333333333 0.04 0.025
6 0.7 0.6520833333333333 0.04 0.025
6 0.9 0.6520833333333333 0.04 0.025
6 0.5 0.7984375 0.95 0.03125
13 0.5 0.834375 0.14666666666666667 0.019791666666666666