13 0.2625 0.0640625 0.25666666666666665 0.025
13 0.24541666666666667 0.0890625 0.4675 0.042708333333333334
13 0.1425 0.18046875 0.245 0.09427083333333333
13 0.36791666666666667 0.178125 0.2225 0.035416666666666666
13 0.15791666666666668 0.27760416666666665 0.31583333333333335 0.06770833333333333
13 0.2920833333333333 0.36171875 0.5558333333333333 0.0890625
13 0.17625 0.63046875 0.3358333333333333 0.021354166666666667
13 0.5041666666666667 0.665625 0.9116666666666666 0.035416666666666666
6 0.9229166666666667 0.171875 0.1425 0.0875
6 0.12208333333333334 0.7244791666666667 0.15916666666666668 0.06041666666666667
6 0.30791666666666667 0.7174479166666666 0.1025 0.05677083333333333
6 0.50375 0.71640625 0.13083333333333333 0.0515625
6 0.7075 0.7158854166666667 0.11666666666666667 0.0640625
6 0.9008333333333334 0.71953125 0.12 0.0640625
5 0.9304166666666667 0.05546875 0.07083333333333333 0.04635416666666667
5 0.09541666666666666 0.9244791666666666 0.06583333333333333 0.03229166666666667
5 0.2504166666666667 0.9265625 0.0625 0.04791666666666667
5 0.41041666666666665 0.9234375 0.09083333333333334 0.0625
5 0.5608333333333333 0.9229166666666667 0.09666666666666666 0.04791666666666667
5 0.7533333333333333 0.9221354166666667 0.1 0.0390625
5 0.9033333333333333 0.9260416666666667 0.06833333333333333 0.035416666666666666