13 0.25875 0.33671875 0.45 0.053125
5 0.73375 0.32734375 0.4525 0.0640625
13 0.231875 0.657421875 0.43625 0.05703125
13 0.24125 0.801171875 0.425 0.09296875
13 0.250625 0.894921875 0.43875 0.07265625
13 0.73 0.679296875 0.4275 0.06953125
6 0.26375 0.19453125 0.47 0.19375
6 0.7425 0.19296875 0.4525 0.19375
6 0.251875 0.52265625 0.45875 0.19375
6 0.713125 0.5390625 0.40125 0.1515625
6 0.731875 0.862109375 0.48375 0.15703125
5 0.065625 0.054296875 0.06875 0.01953125
5 0.805625 0.0640625 0.04875 0.025
5 0.88 0.05625 0.045 0.0265625
5 0.94875 0.0640625 0.0625 0.05