5 0.06015625 0.059375 0.09296875 0.06640625
3 0.48203125 0.059375 0.75 0.04296875
6 0.88203125 0.059375 0.05 0.03125
6 0.953125 0.059375 0.06640625 0.05
6 0.5 0.13671875 1 0.08828125
6 0.25390625 0.2984375 0.0828125 0.0421875
13 0.25390625 0.3296875 0.1625 0.01953125
6 0.7453125 0.2984375 0.0828125 0.0421875
13 0.7453125 0.3296875 0.184375 0.01953125
6 0.25390625 0.5546875 0.0828125 0.0421875
13 0.25390625 0.5859375 0.1484375 0.01953125
6 0.74609375 0.5546875 0.11015625 0.04296875
13 0.74609375 0.58671875 0.16640625 0.01953125
6 0.25390625 0.8109375 0.11015625 0.04296875
13 0.25390625 0.84296875 0.1625 0.01953125
6 0.74609375 0.8109375 0.11015625 0.04296875
13 0.7453125 0.84296875 0.0921875 0.01953125