5 0.06 0.059375 0.09333333333333334 0.06666666666666667
3 0.4816666666666667 0.059375 0.75 0.042708333333333334
6 0.8816666666666667 0.059375 0.05 0.03125
6 0.9533333333333334 0.059375 0.06666666666666667 0.05
6 0.5 0.13697916666666668 1 0.08854166666666667
6 0.25375 0.2986979166666667 0.0825 0.0421875
13 0.25375 0.3296875 0.1625 0.019791666666666666
6 0.7454166666666666 0.2986979166666667 0.0825 0.0421875
13 0.7454166666666666 0.3296875 0.18416666666666667 0.019791666666666666
6 0.25375 0.5549479166666667 0.0825 0.0421875
13 0.25416666666666665 0.5859375 0.14833333333333334 0.019791666666666666
6 0.7458333333333333 0.5549479166666667 0.11 0.043229166666666666
13 0.7458333333333333 0.5864583333333333 0.16666666666666666 0.019791666666666666
6 0.25416666666666665 0.8111979166666666 0.11 0.043229166666666666
13 0.25375 0.8427083333333333 0.1625 0.019791666666666666
6 0.7458333333333333 0.8111979166666666 0.11 0.043229166666666666
13 0.7454166666666666 0.8427083333333333 0.0925 0.019791666666666666