5 0.06 0.059375 0.09333333333333334 0.06666666666666667
13 0.25916666666666666 0.05911458333333333 0.25166666666666665 0.022395833333333334
13 0.885 0.059375 0.08 0.05
13 0.9608333333333333 0.044270833333333336 0.06166666666666667 0.019791666666666666
6 0.9583333333333334 0.059375 0.04 0.05
6 0.5 0.140625 0.3333333333333333 0.20833333333333334
13 0.4995833333333333 0.2674479166666667 0.3258333333333333 0.024479166666666666
13 0.3566666666666667 0.28802083333333334 0.125 0.016666666666666666
13 0.43083333333333335 0.28802083333333334 0.006666666666666667 0.016666666666666666
13 0.5741666666666667 0.28802083333333334 0.2633333333333333 0.016666666666666666
3 0.5 0.32760416666666664 0.2 0.041666666666666664
13 0.40958333333333335 0.32760416666666664 0.019166666666666665 0.022916666666666665
13 0.4995833333333333 0.3580729166666667 0.24083333333333334 0.019270833333333334
6 0.4266666666666667 0.4083333333333333 0.08 0.05
3 0.5 0.4083333333333333 0.06666666666666667 0.03125
6 0.5733333333333334 0.4083333333333333 0.08 0.05
13 0.4995833333333333 0.44817708333333334 0.1625 0.019270833333333334
13 0.5 0.5091145833333334 1 0.04010416666666667
3 0.5 0.5776041666666667 0.92 0.046875
3 0.5 0.6390625 0.92 0.046875
3 0.5 0.6958333333333333 0.92 0.0375
13 0.1575 0.72421875 0.315 0.019270833333333334
13 0.5 0.78515625 1 0.04010416666666667
13 0.5 0.8255208333333334 0.92 0.019791666666666666
13 0.5 0.8453125 0.92 0.019791666666666666
13 0.5 0.8651041666666667 0.92 0.019791666666666666
13 0.5 0.8848958333333333 0.92 0.019791666666666666
13 0.5 0.9046875 0.92 0.019791666666666666
5 0.8933333333333333 0.8770833333333333 0.13333333333333333 0.09583333333333334