13 0.484375 0.07890625 0.45 0.0375
13 0.26953125 0.16953125 0.23671875 0.04296875
13 0.209375 0.2234375 0.1 0.0265625
13 0.26484375 0.26875 0.17109375 0.03203125
13 0.228125 0.328125 0.159375 0.0265625
13 0.28203125 0.3859375 0.27890625 0.02109375
13 0.2265625 0.43125 0.15703125 0.0265625
13 0.290625 0.5109375 0.25078125 0.078125
13 0.26640625 0.59453125 0.196875 0.03203125
13 0.23671875 0.74765625 0.1484375 0.03515625
13 0.234375 0.85234375 0.17890625 0.04140625
13 0.9328125 0.18671875 0.12265625 0.0140625
13 0.92265625 0.2984375 0.10234375 0.03046875
13 0.93515625 0.4046875 0.1203125 0.04609375
13 0.9296875 0.5046875 0.11640625 0.0375
13 0.91953125 0.61015625 0.128125 0.04140625
13 0.92421875 0.7203125 0.1109375 0.03359375
13 0.92890625 0.82265625 0.1203125 0.03203125
6 0.08125 0.19375 0.12265625 0.07109375
6 0.07421875 0.3046875 0.125 0.05390625
6 0.08671875 0.40859375 0.1109375 0.04453125
6 0.07109375 0.51328125 0.1140625 0.075
6 0.0796875 0.61796875 0.15390625 0.04296875
6 0.09609375 0.72578125 0.128125 0.09453125
6 0.07734375 0.81796875 0.1140625 0.0625