13 0.4841666666666667 0.07916666666666666 0.45 0.0375
13 0.26916666666666667 0.16927083333333334 0.23666666666666666 0.042708333333333334
13 0.20916666666666667 0.22317708333333333 0.1 0.0265625
13 0.26458333333333334 0.26875 0.17083333333333334 0.03229166666666667
13 0.22791666666666666 0.32838541666666665 0.15916666666666668 0.0265625
13 0.28208333333333335 0.38619791666666664 0.2791666666666667 0.021354166666666667
13 0.22666666666666666 0.4315104166666667 0.15666666666666668 0.0265625
13 0.29041666666666666 0.5109375 0.25083333333333335 0.078125
13 0.26666666666666666 0.5947916666666667 0.19666666666666666 0.03229166666666667
13 0.23666666666666666 0.7479166666666667 0.14833333333333334 0.035416666666666666
13 0.23458333333333334 0.85234375 0.17916666666666667 0.04114583333333333
13 0.9329166666666666 0.18671875 0.1225 0.0140625
13 0.9229166666666667 0.2984375 0.1025 0.030208333333333334
13 0.935 0.4044270833333333 0.12 0.04635416666666667
13 0.93 0.5046875 0.11666666666666667 0.0375
13 0.9191666666666667 0.61015625 0.12833333333333333 0.04114583333333333
13 0.9245833333333333 0.7200520833333334 0.11083333333333334 0.033854166666666664
13 0.9291666666666667 0.8229166666666666 0.12 0.03229166666666667
6 0.08125 0.19401041666666666 0.1225 0.07135416666666666
6 0.07416666666666667 0.30442708333333335 0.125 0.05364583333333333
6 0.08708333333333333 0.40859375 0.11083333333333334 0.044270833333333336
6 0.07125 0.5130208333333334 0.11416666666666667 0.075
6 0.07958333333333334 0.6177083333333333 0.15416666666666667 0.042708333333333334
6 0.09583333333333334 0.72578125 0.12833333333333333 0.09427083333333333
6 0.07708333333333334 0.8182291666666667 0.11416666666666667 0.0625