5 0.04140625 0.0515625 0.06640625 0.04140625
13 0.159375 0.0515625 0.16796875 0.02578125
6 0.88359375 0.0515625 0.05 0.03125
13 0.96640625 0.0515625 0.0546875 0.04140625
6 0.5 0.13828125 0.93359375 0.0734375
6 0.08984375 0.13359375 0.0953125 0.08203125
6 0.08984375 0.13359375 0.0953125 0.08203125
13 0.55625 0.1203125 0.8375 0.05546875
13 0.55625 0.1578125 0.8375 0.01875
6 0.05078125 0.21171875 0.03203125 0.01953125
13 0.503125 0.2109375 0.83359375 0.02109375
13 0.9453125 0.21171875 0.05 0.01953125
6 0.06640625 0.26640625 0.08359375 0.04765625
13 0.18359375 0.25703125 0.11640625 0.02578125
13 0.15703125 0.27890625 0.0640625 0.01875
1 0.9484375 0.26640625 0.0375 0.0234375
6 0.06640625 0.33515625 0.08359375 0.04765625
13 0.25703125 0.32578125 0.2640625 0.02578125
13 0.15703125 0.34765625 0.0640625 0.01875
1 0.9484375 0.33515625 0.0375 0.0234375
6 0.06640625 0.40390625 0.08359375 0.04765625
13 0.23359375 0.39453125 0.21640625 0.02578125
13 0.15703125 0.41640625 0.0640625 0.01875
1 0.9484375 0.40390625 0.0375 0.0234375
6 0.05078125 0.459375 0.03203125 0.01953125
13 0.503125 0.459375 0.83359375 0.02109375
13 0.9453125 0.459375 0.05 0.01953125
6 0.06640625 0.51484375 0.08359375 0.04765625
13 0.23203125 0.5046875 0.21328125 0.02578125
13 0.16328125 0.52734375 0.0765625 0.01875
1 0.9484375 0.5140625 0.0375 0.0234375
6 0.06640625 0.58359375 0.08359375 0.04765625
13 0.284375 0.5734375 0.31796875 0.02578125
13 0.15703125 0.59609375 0.0640625 0.01875
1 0.9484375 0.5828125 0.0375 0.0234375
6 0.06640625 0.65234375 0.08359375 0.04765625
13 0.23046875 0.6421875 0.2109375 0.02578125
13 0.15703125 0.66484375 0.0640625 0.01875
1 0.9484375 0.6515625 0.0375 0.0234375
6 0.06640625 0.72109375 0.08359375 0.04765625
13 0.26796875 0.7109375 0.2859375 0.02578125
13 0.15703125 0.73359375 0.0640625 0.01875
1 0.9484375 0.7203125 0.0375 0.0234375
6 0.06640625 0.78984375 0.08359375 0.04765625
13 0.18046875 0.7796875 0.1109375 0.02578125
13 0.16328125 0.80234375 0.0765625 0.01875
1 0.9484375 0.7890625 0.0375 0.0234375
6 0.06640625 0.85859375 0.08359375 0.04765625
13 0.24453125 0.8484375 0.23828125 0.02578125
13 0.16953125 0.87109375 0.0890625 0.01875
1 0.9484375 0.8578125 0.0375 0.0234375
6 0.06640625 0.92734375 0.08359375 0.04765625
13 0.23203125 0.9171875 0.21328125 0.02578125
13 0.15703125 0.93984375 0.0640625 0.01875
1 0.9484375 0.9265625 0.0375 0.0234375
0 0.5 0.92421875 1 0.05234375