5 0.06015625 0.059375 0.09296875 0.06640625
6 0.146875 0.059375 0.0796875 0.05
13 0.240625 0.059375 0.0953125 0.028125
13 0.7203125 0.059375 0.0796875 0.05
13 0.8 0.059375 0.0796875 0.05
13 0.8796875 0.059375 0.0796875 0.05
6 0.953125 0.059375 0.06640625 0.05
13 0.5 0.52109375 1 0.85703125
6 0.5 0.52109375 1 0.85703125
6 0.10078125 0.15546875 0.19765625 0.1234375
13 0.10078125 0.1921875 0.19765625 0.05078125
6 0.29921875 0.15546875 0.19765625 0.1234375
13 0.29921875 0.1921875 0.19765625 0.05078125
6 0.10078125 0.2796875 0.19765625 0.1234375
13 0.10078125 0.31640625 0.19765625 0.05078125
6 0.29921875 0.2796875 0.19765625 0.1234375
13 0.29921875 0.31640625 0.19765625 0.05078125
6 0.10078125 0.4046875 0.19765625 0.1234375
13 0.10078125 0.44140625 0.19765625 0.05078125
6 0.29921875 0.4046875 0.19765625 0.1234375
13 0.29921875 0.44140625 0.19765625 0.05078125
6 0.10078125 0.52890625 0.19765625 0.1234375
13 0.10078125 0.565625 0.19765625 0.05078125
6 0.24140625 0.49296875 0.08359375 0.05234375
6 0.29921875 0.52890625 0.19765625 0.1234375
13 0.29921875 0.565625 0.19765625 0.05078125
6 0.10078125 0.653125 0.19765625 0.1234375
13 0.10078125 0.68984375 0.19765625 0.05078125
6 0.29921875 0.653125 0.19765625 0.1234375
13 0.29921875 0.68984375 0.19765625 0.05078125
6 0.10078125 0.778125 0.19765625 0.1234375
13 0.10078125 0.81484375 0.19765625 0.05078125
6 0.29921875 0.778125 0.19765625 0.1234375
13 0.29921875 0.81484375 0.19765625 0.05078125
6 0.10078125 0.90234375 0.19765625 0.1234375
13 0.10078125 0.9390625 0.19765625 0.05078125
6 0.24140625 0.86640625 0.08359375 0.05234375
6 0.29921875 0.90234375 0.19765625 0.1234375
13 0.29921875 0.9390625 0.19765625 0.05078125