13 0.5015625 0.28125 0.85546875 0.03671875
6 0.5015625 0.31015625 0.8890625 0.00078125
13 0.5046875 0.33046875 0.84921875 0.0359375
5 0.1234375 0.4640625 0.1296875 0.04609375
3 0.1234375 0.51171875 0.1296875 0.04921875
5 0.1234375 0.559375 0.1296875 0.04609375
5 0.25703125 0.4640625 0.1296875 0.04609375
3 0.25703125 0.51171875 0.1296875 0.04921875
5 0.25703125 0.559375 0.1296875 0.04609375
5 0.39375 0.4640625 0.1375 0.04609375
3 0.39375 0.51171875 0.1375 0.04921875
5 0.39375 0.559375 0.1375 0.04609375
13 0.74140625 0.3890625 0.13984375 0.04609375
13 0.565625 0.42265625 0.05 0.01953125
13 0.615625 0.42265625 0.05 0.01953125
13 0.665625 0.42265625 0.05 0.01953125
13 0.715625 0.42265625 0.05 0.01953125
13 0.765625 0.42265625 0.05 0.01953125
13 0.815625 0.42265625 0.05 0.01953125
13 0.86640625 0.42265625 0.05078125 0.01953125
13 0.9171875 0.42265625 0.05078125 0.01953125
6 0.74140625 0.4390625 0.40859375 0.00078125
0 0.50078125 0.6921875 0.44140625 0.05