5 0.06 0.059375 0.09333333333333334 0.06666666666666667
6 0.27958333333333335 0.06770833333333333 0.2925 0.05
13 0.94 0.059375 0.09333333333333334 0.05
13 0.29 0.146875 0.3933333333333333 0.041666666666666664
13 0.71 0.146875 0.3933333333333333 0.041666666666666664
13 0.29 0.20520833333333333 0.3933333333333333 0.041666666666666664
13 0.71 0.20520833333333333 0.3933333333333333 0.041666666666666664
13 0.29 0.2635416666666667 0.3933333333333333 0.041666666666666664
13 0.71 0.2635416666666667 0.3933333333333333 0.041666666666666664
6 0.5 0.6421875 1 0.615625
13 0.30041666666666667 0.7541666666666667 0.18083333333333335 0.019791666666666666
11 0.34833333333333333 0.8005208333333333 0.27666666666666667 0.04375
13 0.335 0.8005208333333333 0.25 0.04375
3 0.6516666666666666 0.80078125 0.27666666666666667 0.044270833333333336
11 0.5 0.8447916666666667 0.58 0.04375
13 0.4866666666666667 0.8447916666666667 0.5533333333333333 0.04375
13 0.32666666666666666 0.8950520833333333 0.2866666666666667 0.04635416666666667
13 0.6433333333333333 0.8934895833333333 0.3466666666666667 0.0515625