5 0.06015625 0.059375 0.09296875 0.06640625
6 0.2796875 0.06796875 0.2921875 0.05
13 0.93984375 0.059375 0.09296875 0.05
13 0.28984375 0.146875 0.39296875 0.04140625
13 0.71015625 0.146875 0.39296875 0.04140625
13 0.28984375 0.20546875 0.39296875 0.04140625
13 0.71015625 0.20546875 0.39296875 0.04140625
13 0.28984375 0.26328125 0.39296875 0.04140625
13 0.71015625 0.26328125 0.39296875 0.04140625
6 0.5 0.6421875 1 0.615625
13 0.30078125 0.75390625 0.18046875 0.01953125
11 0.3484375 0.80078125 0.2765625 0.04375
13 0.33515625 0.80078125 0.25 0.04375
3 0.6515625 0.80078125 0.2765625 0.04453125
11 0.5 0.84453125 0.5796875 0.04375
13 0.48671875 0.84453125 0.553125 0.04375
13 0.3265625 0.8953125 0.28671875 0.04609375
13 0.64296875 0.89375 0.346875 0.0515625