5 0.06015625 0.059375 0.09296875 0.06640625
13 0.27265625 0.059375 0.278125 0.028125
13 0.88671875 0.059375 0.09296875 0.05
6 0.96015625 0.059375 0.053125 0.03359375
13 0.16015625 0.1203125 0.25390625 0.02265625
13 0.06171875 0.146875 0.05703125 0.02265625
13 0.1390625 0.146875 0.09765625 0.02265625
13 0.48671875 0.1734375 0.90703125 0.02265625
6 0.0578125 0.24140625 0.08359375 0.03359375
13 0.1546875 0.24609375 0.09453125 0.02265625
13 0.19453125 0.26875 0.17421875 0.02265625
13 0.9109375 0.24609375 0.125 0.02578125
6 0.0578125 0.35390625 0.08359375 0.02265625
13 0.153125 0.3484375 0.090625 0.02265625
13 0.19296875 0.37109375 0.171875 0.02265625
13 0.3296875 0.37109375 0.07421875 0.02265625
13 0.53984375 0.37109375 0.346875 0.02265625
13 0.83359375 0.37109375 0.23984375 0.02265625
6 0.0578125 0.45703125 0.08359375 0.02265625
13 0.23203125 0.4515625 0.24921875 0.02265625
13 0.19296875 0.4734375 0.171875 0.02265625
13 0.3296875 0.4734375 0.07421875 0.02265625
13 0.53984375 0.4734375 0.346875 0.02265625
13 0.83359375 0.4734375 0.23984375 0.02265625
13 0.1921875 0.56640625 0.33046875 0.02265625
6 0.08046875 0.621875 0.10859375 0.06796875
13 0.18359375 0.60234375 0.07109375 0.028125
13 0.3015625 0.59921875 0.1140625 0.02265625
13 0.465625 0.59921875 0.18203125 0.02265625
13 0.3015625 0.621875 0.1140625 0.02265625
13 0.465625 0.621875 0.18203125 0.02265625
13 0.3015625 0.64375 0.1140625 0.02265625
13 0.465625 0.64375 0.18203125 0.02265625
13 0.13984375 0.70078125 0.096875 0.01953125
6 0.13984375 0.73671875 0.06640625 0.04140625
13 0.13984375 0.76875 0.090625 0.02265625
13 0.3796875 0.70078125 0.096875 0.01953125
6 0.3796875 0.73671875 0.06640625 0.04140625
13 0.3796875 0.76875 0.090625 0.02265625
13 0.6203125 0.70078125 0.096875 0.01953125
6 0.6203125 0.73671875 0.06640625 0.04140625
13 0.61953125 0.76875 0.090625 0.02265625
13 0.86015625 0.70078125 0.096875 0.01953125
6 0.86015625 0.73671875 0.06640625 0.04140625
13 0.859375 0.76875 0.090625 0.02265625
13 0.11953125 0.83203125 0.1859375 0.028125
13 0.2828125 0.86328125 0.5125 0.03515625
13 0.2046875 0.8984375 0.35703125 0.03515625