5 0.06 0.059375 0.09333333333333334 0.06666666666666667
13 0.185 0.059375 0.10333333333333333 0.028125
13 0.94 0.059375 0.09333333333333334 0.05
3 0.5 0.12604166666666666 0.9866666666666667 0.05
13 0.5041666666666667 0.17291666666666666 0.9716666666666667 0.04375
13 0.25666666666666665 0.221875 0.4866666666666667 0.05
13 0.7433333333333333 0.221875 0.4866666666666667 0.05
13 0.25666666666666665 0.278125 0.4866666666666667 0.05
13 0.7433333333333333 0.278125 0.4866666666666667 0.05
13 0.25666666666666665 0.334375 0.4866666666666667 0.05
13 0.7433333333333333 0.334375 0.4866666666666667 0.05
13 0.25666666666666665 0.390625 0.4866666666666667 0.05
13 0.7433333333333333 0.390625 0.4866666666666667 0.05
13 0.25666666666666665 0.446875 0.4866666666666667 0.05
13 0.7433333333333333 0.446875 0.4866666666666667 0.05
13 0.5041666666666667 0.4979166666666667 0.9716666666666667 0.04375
13 0.5 0.546875 0.9733333333333334 0.05
13 0.5 0.603125 0.9733333333333334 0.05
13 0.5 0.659375 0.9733333333333334 0.05