5 0.06015625 0.059375 0.09296875 0.06640625
13 0.18515625 0.059375 0.103125 0.028125
13 0.93984375 0.059375 0.09296875 0.05
3 0.5 0.12578125 0.98671875 0.05
13 0.50390625 0.17265625 0.971875 0.04375
13 0.25703125 0.221875 0.48671875 0.05
13 0.74296875 0.221875 0.48671875 0.05
13 0.25703125 0.278125 0.48671875 0.05
13 0.74296875 0.278125 0.48671875 0.05
13 0.25703125 0.334375 0.48671875 0.05
13 0.74296875 0.334375 0.48671875 0.05
13 0.25703125 0.390625 0.48671875 0.05
13 0.74296875 0.390625 0.48671875 0.05
13 0.25703125 0.446875 0.48671875 0.05
13 0.74296875 0.446875 0.48671875 0.05
13 0.50390625 0.49765625 0.971875 0.04375
13 0.5 0.546875 0.9734375 0.05
13 0.5 0.603125 0.9734375 0.05
13 0.5 0.659375 0.9734375 0.05