13 0.159375 0.09140625 0.2109375 0.03203125
13 0.18515625 0.15859375 0.2453125 0.03515625
13 0.11796875 0.23046875 0.08828125 0.02265625
13 0.1734375 0.27890625 0.2046875 0.03359375
13 0.15390625 0.3265625 0.1765625 0.02265625
13 0.190625 0.37421875 0.2734375 0.03203125
13 0.209375 0.42734375 0.3046875 0.04296875
13 0.1796875 0.496875 0.296875 0.02109375
13 0.17734375 0.56171875 0.1140625 0.03046875
13 0.490625 0.5609375 0.1046875 0.04296875
13 0.79375 0.55546875 0.065625 0.02890625
13 0.1125 0.6609375 0.1046875 0.0265625
13 0.1125 0.7109375 0.11640625 0.0265625
13 0.27109375 0.77890625 0.43359375 0.05859375