13 0.16625 0.051041666666666666 0.08083333333333333 0.019791666666666666
13 0.5 0.051041666666666666 0.11 0.019791666666666666
13 0.8333333333333334 0.051041666666666666 0.19166666666666668 0.019791666666666666
6 0.09125 0.19921875 0.11583333333333333 0.07239583333333334
6 0.20791666666666667 0.19921875 0.11583333333333333 0.07239583333333334
6 0.32458333333333333 0.19921875 0.11583333333333333 0.07239583333333334
6 0.44125 0.19921875 0.11583333333333333 0.07239583333333334
6 0.5579166666666666 0.19921875 0.11583333333333333 0.07239583333333334
6 0.6745833333333333 0.19921875 0.11583333333333333 0.07239583333333334
6 0.79125 0.19921875 0.11583333333333333 0.07239583333333334
6 0.9079166666666667 0.19921875 0.11583333333333333 0.07239583333333334
6 0.09125 0.2721354166666667 0.11583333333333333 0.07239583333333334
6 0.20791666666666667 0.2721354166666667 0.11583333333333333 0.07239583333333334
6 0.32458333333333333 0.2721354166666667 0.11583333333333333 0.07239583333333334
6 0.44125 0.2721354166666667 0.11583333333333333 0.07239583333333334
6 0.5579166666666666 0.2721354166666667 0.11583333333333333 0.07239583333333334
6 0.6745833333333333 0.2721354166666667 0.11583333333333333 0.07239583333333334
6 0.79125 0.2721354166666667 0.11583333333333333 0.07239583333333334
6 0.9079166666666667 0.2721354166666667 0.11583333333333333 0.07239583333333334
6 0.09125 0.3450520833333333 0.11583333333333333 0.07239583333333334
6 0.20791666666666667 0.3450520833333333 0.11583333333333333 0.07239583333333334
6 0.32458333333333333 0.3450520833333333 0.11583333333333333 0.07239583333333334
6 0.44125 0.3450520833333333 0.11583333333333333 0.07239583333333334
6 0.5579166666666666 0.3450520833333333 0.11583333333333333 0.07239583333333334
6 0.6745833333333333 0.3450520833333333 0.11583333333333333 0.07239583333333334
6 0.79125 0.3450520833333333 0.11583333333333333 0.07239583333333334
6 0.9079166666666667 0.3450520833333333 0.11583333333333333 0.07239583333333334
6 0.09125 0.41796875 0.11583333333333333 0.07239583333333334
6 0.20791666666666667 0.41796875 0.11583333333333333 0.07239583333333334
6 0.32458333333333333 0.41796875 0.11583333333333333 0.07239583333333334
6 0.44125 0.41796875 0.11583333333333333 0.07239583333333334
6 0.5579166666666666 0.41796875 0.11583333333333333 0.07239583333333334
6 0.6745833333333333 0.41796875 0.11583333333333333 0.07239583333333334
6 0.79125 0.41796875 0.11583333333333333 0.07239583333333334
6 0.9079166666666667 0.41796875 0.11583333333333333 0.07239583333333334
6 0.09125 0.4908854166666667 0.11583333333333333 0.07239583333333334
6 0.20791666666666667 0.4908854166666667 0.11583333333333333 0.07239583333333334
6 0.32458333333333333 0.4908854166666667 0.11583333333333333 0.07239583333333334
6 0.44125 0.4908854166666667 0.11583333333333333 0.07239583333333334
6 0.5579166666666666 0.4908854166666667 0.11583333333333333 0.07239583333333334
6 0.6745833333333333 0.4908854166666667 0.11583333333333333 0.07239583333333334
6 0.79125 0.4908854166666667 0.11583333333333333 0.07239583333333334
6 0.9079166666666667 0.4908854166666667 0.11583333333333333 0.07239583333333334
6 0.09125 0.5638020833333334 0.11583333333333333 0.07239583333333334
6 0.20791666666666667 0.5638020833333334 0.11583333333333333 0.07239583333333334
6 0.32458333333333333 0.5638020833333334 0.11583333333333333 0.07239583333333334
6 0.44125 0.5638020833333334 0.11583333333333333 0.07239583333333334
6 0.5579166666666666 0.5638020833333334 0.11583333333333333 0.07239583333333334
6 0.6745833333333333 0.5638020833333334 0.11583333333333333 0.07239583333333334
6 0.79125 0.5638020833333334 0.11583333333333333 0.07239583333333334
6 0.9079166666666667 0.5638020833333334 0.11583333333333333 0.07239583333333334
6 0.09125 0.63671875 0.11583333333333333 0.07239583333333334
6 0.20791666666666667 0.63671875 0.11583333333333333 0.07239583333333334
6 0.32458333333333333 0.63671875 0.11583333333333333 0.07239583333333334
6 0.44125 0.63671875 0.11583333333333333 0.07239583333333334
6 0.5579166666666666 0.63671875 0.11583333333333333 0.07239583333333334
6 0.6745833333333333 0.63671875 0.11583333333333333 0.07239583333333334
6 0.79125 0.63671875 0.11583333333333333 0.07239583333333334
6 0.9079166666666667 0.63671875 0.11583333333333333 0.07239583333333334
6 0.09125 0.7096354166666666 0.11583333333333333 0.07239583333333334
6 0.20791666666666667 0.7096354166666666 0.11583333333333333 0.07239583333333334
6 0.32458333333333333 0.7096354166666666 0.11583333333333333 0.07239583333333334
6 0.44125 0.7096354166666666 0.11583333333333333 0.07239583333333334
6 0.5579166666666666 0.7096354166666666 0.11583333333333333 0.07239583333333334
6 0.6745833333333333 0.7096354166666666 0.11583333333333333 0.07239583333333334
6 0.79125 0.7096354166666666 0.11583333333333333 0.07239583333333334
6 0.9079166666666667 0.7096354166666666 0.11583333333333333 0.07239583333333334
0 0.5 0.925 1 0.05