13 0.0984375 0.0734375 0.08125 0.03515625
13 0.0953125 0.2796875 0.0765625 0.03203125
13 0.0984375 0.47890625 0.0859375 0.0359375
13 0.09609375 0.675 0.0796875 0.02734375
13 0.103125 0.8859375 0.0765625 0.03515625
1 0.8890625 0.14375 0.0421875 0.034375
1 0.8859375 0.28046875 0.04765625 0.0296875
1 0.88671875 0.3421875 0.04609375 0.03515625
1 0.88125 0.5484375 0.05234375 0.0359375
1 0.88046875 0.684375 0.0515625 0.02890625
1 0.8859375 0.746875 0.04609375 0.0328125
1 0.878125 0.815625 0.05625 0.03203125
1 0.88125 0.88125 0.05234375 0.03515625