13 0.098125 0.073046875 0.08125 0.03515625
13 0.095625 0.279296875 0.07625 0.03203125
13 0.098125 0.47890625 0.08625 0.0359375
13 0.09625 0.674609375 0.08 0.02734375
13 0.103125 0.886328125 0.07625 0.03515625
1 0.88875 0.14375 0.0425 0.034375
1 0.88625 0.28046875 0.0475 0.0296875
1 0.886875 0.341796875 0.04625 0.03515625
1 0.88125 0.5484375 0.0525 0.0359375
1 0.880625 0.683984375 0.05125 0.02890625
1 0.885625 0.746875 0.04625 0.0328125
1 0.878125 0.815234375 0.05625 0.03203125
1 0.88125 0.881640625 0.0525 0.03515625