13 0.18666666666666668 0.03125 0.37333333333333335 0.0625
5 0.9416666666666667 0.03125 0.11666666666666667 0.0625
6 0.07125 0.10989583333333333 0.12583333333333332 0.08333333333333333
6 0.21375 0.10989583333333333 0.12583333333333332 0.08333333333333333
6 0.35625 0.10989583333333333 0.12583333333333332 0.08333333333333333
6 0.49875 0.10989583333333333 0.12583333333333332 0.08333333333333333
6 0.64125 0.10989583333333333 0.12583333333333332 0.08333333333333333
6 0.78375 0.10989583333333333 0.12583333333333332 0.08333333333333333
6 0.92625 0.10989583333333333 0.12583333333333332 0.08333333333333333
6 0.07125 0.20364583333333333 0.12583333333333332 0.08333333333333333
6 0.21375 0.20364583333333333 0.12583333333333332 0.08333333333333333
6 0.35625 0.20364583333333333 0.12583333333333332 0.08333333333333333
6 0.49875 0.20364583333333333 0.12583333333333332 0.08333333333333333
6 0.64125 0.20364583333333333 0.12583333333333332 0.08333333333333333
6 0.78375 0.20364583333333333 0.12583333333333332 0.08333333333333333
6 0.92625 0.20364583333333333 0.12583333333333332 0.08333333333333333
6 0.07125 0.29739583333333336 0.12583333333333332 0.08333333333333333
6 0.21375 0.29739583333333336 0.12583333333333332 0.08333333333333333
6 0.35625 0.29739583333333336 0.12583333333333332 0.08333333333333333
6 0.49875 0.29739583333333336 0.12583333333333332 0.08333333333333333
6 0.64125 0.29739583333333336 0.12583333333333332 0.08333333333333333
6 0.78375 0.29739583333333336 0.12583333333333332 0.08333333333333333
6 0.92625 0.29739583333333336 0.12583333333333332 0.08333333333333333
6 0.07125 0.39114583333333336 0.12583333333333332 0.08333333333333333
6 0.21375 0.39114583333333336 0.12583333333333332 0.08333333333333333
6 0.35625 0.39114583333333336 0.12583333333333332 0.08333333333333333
6 0.49875 0.39114583333333336 0.12583333333333332 0.08333333333333333
6 0.64125 0.39114583333333336 0.12583333333333332 0.08333333333333333
6 0.78375 0.39114583333333336 0.12583333333333332 0.08333333333333333
6 0.92625 0.39114583333333336 0.12583333333333332 0.08333333333333333
6 0.07125 0.48489583333333336 0.12583333333333332 0.08333333333333333
6 0.21375 0.48489583333333336 0.12583333333333332 0.08333333333333333
6 0.35625 0.48489583333333336 0.12583333333333332 0.08333333333333333
6 0.49875 0.48489583333333336 0.12583333333333332 0.08333333333333333
6 0.64125 0.48489583333333336 0.12583333333333332 0.08333333333333333
6 0.78375 0.48489583333333336 0.12583333333333332 0.08333333333333333
6 0.92625 0.48489583333333336 0.12583333333333332 0.08333333333333333
6 0.07125 0.5786458333333333 0.12583333333333332 0.08333333333333333
6 0.21375 0.5786458333333333 0.12583333333333332 0.08333333333333333
6 0.35625 0.5786458333333333 0.12583333333333332 0.08333333333333333
6 0.49875 0.5786458333333333 0.12583333333333332 0.08333333333333333
6 0.64125 0.5786458333333333 0.12583333333333332 0.08333333333333333
6 0.78375 0.5786458333333333 0.12583333333333332 0.08333333333333333
6 0.92625 0.5786458333333333 0.12583333333333332 0.08333333333333333
6 0.07125 0.6723958333333333 0.12583333333333332 0.08333333333333333
6 0.21375 0.6723958333333333 0.12583333333333332 0.08333333333333333
6 0.35625 0.6723958333333333 0.12583333333333332 0.08333333333333333
6 0.49875 0.6723958333333333 0.12583333333333332 0.08333333333333333
6 0.64125 0.6723958333333333 0.12583333333333332 0.08333333333333333
6 0.78375 0.6723958333333333 0.12583333333333332 0.08333333333333333
6 0.025 0.475 0.05 0.07291666666666667
5 0.25 0.026041666666666668 0.5 0.052083333333333336
5 0.75 0.026041666666666668 0.5 0.052083333333333336
13 0.05125 0.8385416666666666 0.06916666666666667 0.019791666666666666
10 0.5345833333333333 0.8385416666666666 0.8975 0.03333333333333333
0 0.075 0.9203125 0.15 0.059375
0 0.225 0.9203125 0.15 0.059375
0 0.375 0.9203125 0.15 0.059375
0 0.525 0.9203125 0.15 0.059375
0 0.675 0.9203125 0.15 0.059375
0 0.825 0.9203125 0.15 0.059375
0 0.95 0.9203125 0.1 0.059375