6 0.0546875 0.0375 0.109375 0.075
13 0.221875 0.03828125 0.22421875 0.07578125
6 0.16640625 0.18046875 0.31015625 0.19375
13 0.0703125 0.76171875 0.140625 0.08046875
13 0.24609375 0.76171875 0.2109375 0.08046875
13 0.90703125 0.7609375 0.1859375 0.08125
13 0.7203125 0.03359375 0.0796875 0.05
13 0.8 0.03359375 0.0796875 0.05
13 0.8796875 0.03359375 0.0796875 0.05
6 0.953125 0.03359375 0.06640625 0.05
6 0.5 0.30078125 1 0.46875
5 0.1640625 0.6203125 0.14453125 0.08984375
13 0.16328125 0.68828125 0.06171875 0.028125
5 0.49921875 0.6203125 0.14453125 0.08984375
13 0.49921875 0.68828125 0.1609375 0.028125
5 0.83515625 0.6203125 0.14453125 0.08984375
13 0.8359375 0.68828125 0.06015625 0.028125
5 0.16171875 0.82734375 0.14453125 0.08984375
13 0.1625 0.89609375 0.11640625 0.028125
5 0.49921875 0.82734375 0.14453125 0.08984375
13 0.49921875 0.89609375 0.16953125 0.028125
5 0.83671875 0.82734375 0.14453125 0.08984375
13 0.8375 0.89609375 0.06796875 0.028125