5 0.07 0.058984375 0.065 0.02109375
13 0.258125 0.05625 0.11625 0.040625
13 0.52875 0.057421875 0.145 0.04296875
13 0.794375 0.059765625 0.09125 0.03046875
13 0.140625 0.141015625 0.25875 0.03203125
13 0.125625 0.192578125 0.23375 0.04609375
13 0.16125 0.257421875 0.265 0.03359375
6 0.775 0.18125 0.445 0.1671875
6 0.7575 0.346484375 0.4325 0.14453125
6 0.7675 0.512890625 0.425 0.15703125
6 0.758125 0.67890625 0.39875 0.140625
6 0.77125 0.845703125 0.4075 0.14921875
0 0.271875 0.90390625 0.48125 0.0515625