6 0.5 0.24348958333333334 0.9666666666666667 0.15364583333333334
13 0.5 0.24427083333333333 0.22333333333333333 0.041666666666666664
13 0.4995833333333333 0.2708333333333333 0.059166666666666666 0.011458333333333333
13 0.5 0.33567708333333335 0.21833333333333332 0.022395833333333334
13 0.4995833333333333 0.3567708333333333 0.09416666666666666 0.019791666666666666
6 0.5 0.46640625 0.9666666666666667 0.15364583333333334
13 0.5 0.4671875 0.22333333333333333 0.041666666666666664
13 0.4995833333333333 0.49375 0.059166666666666666 0.011458333333333333
13 0.4995833333333333 0.55859375 0.19583333333333333 0.022395833333333334
13 0.5 0.5796875 0.16666666666666666 0.019791666666666666
6 0.5 0.6893229166666667 0.9666666666666667 0.15364583333333334
13 0.5 0.6901041666666666 0.22333333333333333 0.041666666666666664
13 0.4995833333333333 0.7166666666666667 0.059166666666666666 0.011458333333333333
13 0.4995833333333333 0.7815104166666667 0.14083333333333334 0.022395833333333334
13 0.4995833333333333 0.8026041666666667 0.07083333333333333 0.019791666666666666
6 0.5 0.9122395833333333 0.9666666666666667 0.15364583333333334
13 0.5 0.9130208333333333 0.22333333333333333 0.041666666666666664
13 0.4995833333333333 0.9395833333333333 0.059166666666666666 0.011458333333333333
6 0.5 0.15625 1 0.2604166666666667
6 0.5 0.03854166666666667 1 0.025
6 0.5 0.28541666666666665 1 0.0020833333333333333
13 0.45 0.12604166666666666 0.12333333333333334 0.06458333333333334
13 0.56125 0.12604166666666666 0.09916666666666667 0.06458333333333334
5 0.06 0.059375 0.09333333333333334 0.06666666666666667
13 0.20166666666666666 0.05911458333333333 0.13666666666666666 0.025520833333333333
13 0.88 0.059375 0.08 0.05
6 0.9533333333333334 0.059375 0.06666666666666667 0.05