6 0.5 0.24375 0.96640625 0.15390625
13 0.5 0.24453125 0.2234375 0.04140625
13 0.49921875 0.27109375 0.059375 0.01171875
13 0.5 0.3359375 0.21796875 0.02265625
13 0.49921875 0.35703125 0.09453125 0.01953125
6 0.5 0.46640625 0.96640625 0.15390625
13 0.5 0.4671875 0.2234375 0.04140625
13 0.49921875 0.49375 0.059375 0.01171875
13 0.49921875 0.55859375 0.19609375 0.02265625
13 0.5 0.5796875 0.16640625 0.01953125
6 0.5 0.6890625 0.96640625 0.15390625
13 0.5 0.68984375 0.2234375 0.04140625
13 0.49921875 0.71640625 0.059375 0.01171875
13 0.49921875 0.78125 0.140625 0.02265625
13 0.49921875 0.80234375 0.07109375 0.01953125
6 0.5 0.9125 0.96640625 0.15390625
13 0.5 0.91328125 0.2234375 0.04140625
13 0.49921875 0.93984375 0.059375 0.01171875
6 0.5 0.15625 1 0.26015625
6 0.5 0.03828125 1 0.025
6 0.5 0.28515625 1 0.00234375
13 0.45 0.12578125 0.1234375 0.06484375
13 0.5609375 0.12578125 0.09921875 0.06484375
5 0.06015625 0.059375 0.09296875 0.06640625
13 0.2015625 0.059375 0.13671875 0.02578125
13 0.8796875 0.059375 0.0796875 0.05
6 0.953125 0.059375 0.06640625 0.05