5 0.04666666666666667 0.059375 0.09333333333333334 0.025
6 0.12 0.059375 0.05333333333333334 0.03333333333333333
6 0.5 0.5213541666666667 1 0.8572916666666667
6 0.16666666666666666 0.25 0.31666666666666665 0.30416666666666664
13 0.6666666666666666 0.10651041666666666 0.65 0.0171875
13 0.6666666666666666 0.12864583333333332 0.65 0.016666666666666666
13 0.6666666666666666 0.15598958333333332 0.65 0.0171875
0 0.8333333333333334 0.3770833333333333 0.31666666666666665 0.036458333333333336
13 0.5 0.446875 0.9833333333333333 0.06875
13 0.49125 0.49635416666666665 0.1325 0.019791666666666666
13 0.5 0.5328125 0.9833333333333333 0.019791666666666666
6 0.16666666666666666 0.7052083333333333 0.315 0.303125
6 0.16666666666666666 0.7052083333333333 0.315 0.303125
6 0.5 0.7052083333333333 0.315 0.303125
6 0.5 0.7052083333333333 0.315 0.303125
6 0.8333333333333334 0.7052083333333333 0.315 0.303125
6 0.8333333333333334 0.7052083333333333 0.315 0.303125
13 0.5 0.8838541666666667 0.9833333333333333 0.019791666666666666
6 0.32916666666666666 0.9520833333333333 0.6416666666666667 0.09583333333333334
13 0.8291666666666667 0.9216145833333333 0.325 0.034895833333333334
13 0.8291666666666667 0.9526041666666667 0.325 0.016666666666666666