5 0.046875 0.059375 0.09296875 0.025
6 0.1203125 0.059375 0.053125 0.03359375
6 0.5 0.52109375 1 0.85703125
6 0.16640625 0.25 0.31640625 0.30390625
13 0.66640625 0.10625 0.65 0.0171875
13 0.66640625 0.12890625 0.65 0.01640625
13 0.66640625 0.15625 0.65 0.0171875
0 0.83359375 0.37734375 0.31640625 0.03671875
13 0.5 0.446875 0.98359375 0.06875
13 0.49140625 0.49609375 0.1328125 0.01953125
13 0.5 0.5328125 0.98359375 0.01953125
6 0.16640625 0.70546875 0.31484375 0.303125
6 0.16640625 0.70546875 0.31484375 0.303125
6 0.5 0.70546875 0.31484375 0.303125
6 0.5 0.70546875 0.31484375 0.303125
6 0.83359375 0.70546875 0.31484375 0.303125
6 0.83359375 0.70546875 0.31484375 0.303125
13 0.5 0.88359375 0.98359375 0.01953125
6 0.328125 0.9515625 0.640625 0.096875
13 0.82890625 0.921875 0.325 0.03515625
13 0.82890625 0.95234375 0.325 0.01640625