6 0.17416666666666666 0.07604166666666666 0.14833333333333334 0.0875
6 0.39875 0.07942708333333333 0.13083333333333333 0.1015625
6 0.6279166666666667 0.07552083333333333 0.21916666666666668 0.115625
6 0.8445833333333334 0.08697916666666666 0.17916666666666667 0.08541666666666667
6 0.17791666666666667 0.190625 0.17416666666666666 0.078125
6 0.4175 0.20208333333333334 0.16833333333333333 0.09791666666666667
6 0.60875 0.2046875 0.13416666666666666 0.103125
6 0.8145833333333333 0.21197916666666666 0.1425 0.11041666666666666
6 0.1825 0.3223958333333333 0.18833333333333332 0.078125
6 0.39458333333333334 0.32421875 0.19083333333333333 0.08177083333333333
6 0.61625 0.31979166666666664 0.17916666666666667 0.08020833333333334
6 0.815 0.33203125 0.13666666666666666 0.08385416666666666
6 0.17291666666666666 0.4479166666666667 0.17416666666666666 0.10520833333333333
6 0.40291666666666665 0.4513020833333333 0.17416666666666666 0.1015625
6 0.6079166666666667 0.45338541666666665 0.17916666666666667 0.1015625
6 0.825 0.459375 0.16833333333333333 0.103125
6 0.17666666666666667 0.57421875 0.14833333333333334 0.09427083333333333
6 0.40291666666666665 0.5778645833333333 0.17416666666666666 0.11197916666666667
6 0.6008333333333333 0.58046875 0.14833333333333334 0.09635416666666667
6 0.8408333333333333 0.58046875 0.18833333333333332 0.09635416666666667
6 0.38875 0.8744791666666667 0.1625 0.128125
6 0.615 0.8598958333333333 0.165 0.103125