5 0.046875 0.059375 0.09296875 0.025
6 0.1203125 0.059375 0.053125 0.03359375
6 0.5 0.52109375 1 0.85703125
6 0.5 0.2703125 0.98359375 0.3453125
13 0.5 0.4625 0.98359375 0.0171875
13 0.5 0.484375 0.98359375 0.01640625
13 0.5 0.5375 0.98359375 0.06875
13 0.49921875 0.58671875 0.1328125 0.01953125
13 0.06171875 0.64140625 0.1078125 0.0171875
6 0.771875 0.64140625 0.053125 0.0375
6 0.828125 0.64140625 0.06015625 0.0375
8 0.90859375 0.63984375 0.053125 0.03359375
8 0.96171875 0.63984375 0.053125 0.03359375
6 0.16640625 0.77109375 0.31640625 0.17890625
13 0.09453125 0.8796875 0.171875 0.0171875
13 0.09453125 0.9015625 0.171875 0.0171875