5 0.04666666666666667 0.059375 0.09333333333333334 0.025
6 0.12 0.059375 0.05333333333333334 0.03333333333333333
6 0.5 0.5213541666666667 1 0.8572916666666667
6 0.5 0.27057291666666666 0.9833333333333333 0.3453125
13 0.5 0.4622395833333333 0.9833333333333333 0.0171875
13 0.5 0.484375 0.9833333333333333 0.016666666666666666
13 0.5 0.5375 0.9833333333333333 0.06875
13 0.4995833333333333 0.5869791666666667 0.1325 0.019791666666666666
13 0.06208333333333333 0.64140625 0.1075 0.0171875
6 0.7716666666666666 0.6416666666666667 0.05333333333333334 0.0375
6 0.8283333333333334 0.6416666666666667 0.06 0.0375
8 0.9083333333333333 0.6395833333333333 0.05333333333333334 0.03333333333333333
8 0.9616666666666667 0.6395833333333333 0.05333333333333334 0.03333333333333333
6 0.16666666666666666 0.7708333333333334 0.31666666666666665 0.17916666666666667
13 0.09416666666666666 0.8794270833333333 0.17166666666666666 0.0171875
13 0.09416666666666666 0.9018229166666667 0.17166666666666666 0.0171875