13 0.2625 0.071875 0.2453125 0.04609375
5 0.05546875 0.0578125 0.09375 0.040625
5 0.8015625 0.0578125 0.0796875 0.0515625
5 0.92890625 0.065625 0.0796875 0.04453125
5 0.92734375 0.12734375 0.07734375 0.040625
5 0.62265625 0.1390625 0.1 0.05703125
5 0.37578125 0.1328125 0.09609375 0.05703125
5 0.146875 0.9140625 0.15625 0.04296875
5 0.29765625 0.925 0.1 0.0515625
5 0.7046875 0.9203125 0.11640625 0.04453125
5 0.8890625 0.91640625 0.08515625 0.0375
13 0.3140625 0.2046875 0.35625 0.075
13 0.7765625 0.21171875 0.425 0.0640625
13 0.49296875 0.571875 0.9734375 0.584375