13 0.2625 0.071484375 0.245 0.04609375
5 0.055625 0.0578125 0.09375 0.040625
5 0.80125 0.0578125 0.08 0.0515625
5 0.92875 0.065234375 0.08 0.04453125
5 0.9275 0.12734375 0.0775 0.040625
5 0.6225 0.138671875 0.1 0.05703125
5 0.375625 0.133203125 0.09625 0.05703125
5 0.146875 0.913671875 0.15625 0.04296875
5 0.2975 0.925 0.1 0.0515625
5 0.704375 0.919921875 0.11625 0.04453125
5 0.88875 0.91640625 0.085 0.0375
13 0.314375 0.2046875 0.35625 0.075
13 0.77625 0.21171875 0.425 0.0640625
13 0.493125 0.571875 0.97375 0.584375