13 0.15791666666666668 0.059375 0.2625 0.028125
13 0.7866666666666666 0.059375 0.08 0.05
13 0.8666666666666667 0.059375 0.08 0.05
13 0.9466666666666667 0.059375 0.08 0.05
6 0.16666666666666666 0.11770833333333333 0.04 0.025
6 0.5 0.11770833333333333 0.04 0.025
6 0.8333333333333334 0.11770833333333333 0.04 0.025
13 0.06208333333333333 0.15911458333333334 0.1075 0.022395833333333334
13 0.02 0.17890625 0.023333333333333334 0.0171875
13 0.3729166666666667 0.15911458333333334 0.0625 0.022395833333333334
13 0.35333333333333333 0.17890625 0.023333333333333334 0.0171875
13 0.7183333333333334 0.15911458333333334 0.085 0.022395833333333334
13 0.6929166666666666 0.17890625 0.034166666666666665 0.0171875
6 0.16666666666666666 0.29791666666666666 0.3333333333333333 0.20833333333333334
6 0.5 0.29791666666666666 0.3333333333333333 0.20833333333333334
6 0.8333333333333334 0.29791666666666666 0.3333333333333333 0.20833333333333334
6 0.16666666666666666 0.50625 0.3333333333333333 0.20833333333333334
6 0.5 0.50625 0.3333333333333333 0.20833333333333334
6 0.8333333333333334 0.50625 0.3333333333333333 0.20833333333333334
6 0.16666666666666666 0.7145833333333333 0.3333333333333333 0.20833333333333334
6 0.5 0.7145833333333333 0.3333333333333333 0.20833333333333334
6 0.8333333333333334 0.7145833333333333 0.3333333333333333 0.20833333333333334
6 0.16666666666666666 0.909375 0.3333333333333333 0.18125
6 0.5 0.909375 0.3333333333333333 0.18125
6 0.8333333333333334 0.909375 0.3333333333333333 0.18125