13 0.25703125 0.08984375 0.46015625 0.0234375
5 0.06015625 0.059375 0.09296875 0.05859375
13 0.153125 0.059375 0.0796875 0.028125
6 0.953125 0.059375 0.06640625 0.05
3 0.45078125 0.23515625 0.03515625 0.03046875
3 0.5 0.21953125 0.06328125 0.03046875
13 0.5 0.23515625 0.06015625 0.00078125
3 0.5 0.25078125 0.0546875 0.03046875
3 0.54921875 0.23515625 0.03515625 0.03046875
5 0.96015625 0.18515625 0.0796875 0.05
5 0.96015625 0.23515625 0.0796875 0.05
5 0.96015625 0.28515625 0.0796875 0.05
0 0.08359375 0.4140625 0.16640625 0.07109375
0 0.25 0.4140625 0.16640625 0.07109375
0 0.41640625 0.4140625 0.16640625 0.07109375
0 0.58359375 0.4140625 0.16640625 0.07109375
0 0.75 0.4140625 0.16640625 0.07109375
0 0.91640625 0.4140625 0.16640625 0.07109375
0 0.08359375 0.48515625 0.16640625 0.07109375
0 0.25 0.48515625 0.16640625 0.07109375
0 0.41640625 0.48515625 0.16640625 0.07109375
0 0.58359375 0.48515625 0.16640625 0.07109375
0 0.75 0.48515625 0.16640625 0.07109375
0 0.91640625 0.48515625 0.16640625 0.07109375
0 0.08359375 0.55703125 0.16640625 0.07109375
0 0.25 0.55703125 0.16640625 0.07109375
0 0.41640625 0.55703125 0.16640625 0.07109375
0 0.58359375 0.55703125 0.16640625 0.07109375
0 0.75 0.55703125 0.16640625 0.07109375
0 0.91640625 0.55703125 0.16640625 0.07109375
0 0.08359375 0.628125 0.16640625 0.07109375
0 0.25 0.628125 0.16640625 0.07109375
0 0.41640625 0.628125 0.16640625 0.07109375
0 0.58359375 0.628125 0.16640625 0.07109375
0 0.75 0.628125 0.16640625 0.07109375
0 0.91640625 0.628125 0.16640625 0.07109375
0 0.08359375 0.7 0.16640625 0.07109375
0 0.25 0.7 0.16640625 0.07109375
0 0.41640625 0.7 0.16640625 0.07109375
0 0.58359375 0.7 0.16640625 0.07109375
0 0.75 0.7 0.16640625 0.07109375
0 0.91640625 0.7 0.16640625 0.07109375
0 0.08359375 0.77109375 0.16640625 0.07109375
0 0.25 0.77109375 0.16640625 0.07109375
0 0.41640625 0.77109375 0.16640625 0.07109375
0 0.58359375 0.77109375 0.16640625 0.07109375
0 0.75 0.77109375 0.16640625 0.07109375
0 0.91640625 0.77109375 0.16640625 0.07109375
0 0.08359375 0.84375 0.16640625 0.07109375
0 0.25 0.84375 0.16640625 0.07109375
0 0.41640625 0.84375 0.16640625 0.07109375
0 0.58359375 0.84375 0.16640625 0.07109375
0 0.75 0.84375 0.16640625 0.07109375
6 0.91640625 0.84375 0.16640625 0.07109375
0 0.08359375 0.91484375 0.16640625 0.07109375
0 0.25 0.91484375 0.16640625 0.07109375
0 0.41640625 0.91484375 0.16640625 0.07109375
0 0.58359375 0.91484375 0.16640625 0.07109375
0 0.75 0.91484375 0.16640625 0.07109375
0 0.91640625 0.91484375 0.16640625 0.07109375