13 0.25666666666666665 0.08984375 0.46 0.0234375
5 0.06 0.059375 0.09333333333333334 0.058333333333333334
13 0.15333333333333332 0.059375 0.08 0.028125
6 0.9533333333333334 0.059375 0.06666666666666667 0.05
3 0.4508333333333333 0.23489583333333333 0.035 0.030208333333333334
3 0.5 0.21927083333333333 0.06333333333333334 0.030208333333333334
13 0.5 0.23489583333333333 0.06 0.0010416666666666667
3 0.5 0.25052083333333336 0.055 0.030208333333333334
3 0.5491666666666667 0.23489583333333333 0.035 0.030208333333333334
5 0.96 0.18489583333333334 0.08 0.05
5 0.96 0.23489583333333333 0.08 0.05
5 0.96 0.28489583333333335 0.08 0.05
0 0.08333333333333333 0.41380208333333335 0.16666666666666666 0.07135416666666666
0 0.25 0.41380208333333335 0.16666666666666666 0.07135416666666666
0 0.4166666666666667 0.41380208333333335 0.16666666666666666 0.07135416666666666
0 0.5833333333333334 0.41380208333333335 0.16666666666666666 0.07135416666666666
0 0.75 0.41380208333333335 0.16666666666666666 0.07135416666666666
0 0.9166666666666666 0.41380208333333335 0.16666666666666666 0.07135416666666666
0 0.08333333333333333 0.48489583333333336 0.16666666666666666 0.07083333333333333
0 0.25 0.48489583333333336 0.16666666666666666 0.07083333333333333
0 0.4166666666666667 0.48489583333333336 0.16666666666666666 0.07083333333333333
0 0.5833333333333334 0.48489583333333336 0.16666666666666666 0.07083333333333333
0 0.75 0.48489583333333336 0.16666666666666666 0.07083333333333333
0 0.9166666666666666 0.48489583333333336 0.16666666666666666 0.07083333333333333
0 0.08333333333333333 0.55703125 0.16666666666666666 0.07135416666666666
0 0.25 0.55703125 0.16666666666666666 0.07135416666666666
0 0.4166666666666667 0.55703125 0.16666666666666666 0.07135416666666666
0 0.5833333333333334 0.55703125 0.16666666666666666 0.07135416666666666
0 0.75 0.55703125 0.16666666666666666 0.07135416666666666
0 0.9166666666666666 0.55703125 0.16666666666666666 0.07135416666666666
0 0.08333333333333333 0.628125 0.16666666666666666 0.07083333333333333
0 0.25 0.628125 0.16666666666666666 0.07083333333333333
0 0.4166666666666667 0.628125 0.16666666666666666 0.07083333333333333
0 0.5833333333333334 0.628125 0.16666666666666666 0.07083333333333333
0 0.75 0.628125 0.16666666666666666 0.07083333333333333
0 0.9166666666666666 0.628125 0.16666666666666666 0.07083333333333333
0 0.08333333333333333 0.7002604166666667 0.16666666666666666 0.07135416666666666
0 0.25 0.7002604166666667 0.16666666666666666 0.07135416666666666
0 0.4166666666666667 0.7002604166666667 0.16666666666666666 0.07135416666666666
0 0.5833333333333334 0.7002604166666667 0.16666666666666666 0.07135416666666666
0 0.75 0.7002604166666667 0.16666666666666666 0.07135416666666666
0 0.9166666666666666 0.7002604166666667 0.16666666666666666 0.07135416666666666
0 0.08333333333333333 0.7713541666666667 0.16666666666666666 0.07083333333333333
0 0.25 0.7713541666666667 0.16666666666666666 0.07083333333333333
0 0.4166666666666667 0.7713541666666667 0.16666666666666666 0.07083333333333333
0 0.5833333333333334 0.7713541666666667 0.16666666666666666 0.07083333333333333
0 0.75 0.7713541666666667 0.16666666666666666 0.07083333333333333
0 0.9166666666666666 0.7713541666666667 0.16666666666666666 0.07083333333333333
0 0.08333333333333333 0.8434895833333333 0.16666666666666666 0.07135416666666666
0 0.25 0.8434895833333333 0.16666666666666666 0.07135416666666666
0 0.4166666666666667 0.8434895833333333 0.16666666666666666 0.07135416666666666
0 0.5833333333333334 0.8434895833333333 0.16666666666666666 0.07135416666666666
0 0.75 0.8434895833333333 0.16666666666666666 0.07135416666666666
6 0.9166666666666666 0.8434895833333333 0.16666666666666666 0.07135416666666666
0 0.08333333333333333 0.9145833333333333 0.16666666666666666 0.07083333333333333
0 0.25 0.9145833333333333 0.16666666666666666 0.07083333333333333
0 0.4166666666666667 0.9145833333333333 0.16666666666666666 0.07083333333333333
0 0.5833333333333334 0.9145833333333333 0.16666666666666666 0.07083333333333333
0 0.75 0.9145833333333333 0.16666666666666666 0.07083333333333333
0 0.9166666666666666 0.9145833333333333 0.16666666666666666 0.07083333333333333