6 0.04921875 0.05078125 0.0609375 0.04296875
13 0.53984375 0.05078125 0.3171875 0.01953125
13 0.08125 0.09921875 0.1625 0.046875
13 0.24375 0.09921875 0.1625 0.046875
13 0.40625 0.09921875 0.1625 0.046875
13 0.56875 0.09921875 0.1625 0.046875
13 0.73203125 0.09921875 0.16328125 0.046875
13 0.90625 0.0984375 0.1875 0.046875
13 0.11015625 0.15625 0.1203125 0.02578125
6 0.2546875 0.2734375 0.4703125 0.17578125
13 0.06640625 0.37421875 0.09296875 0.01953125
13 0.05546875 0.3953125 0.071875 0.0171875
6 0.7453125 0.2734375 0.4703125 0.17578125
13 0.55703125 0.37421875 0.09296875 0.01953125
13 0.54609375 0.3953125 0.071875 0.0171875
6 0.2546875 0.50390625 0.4703125 0.17578125
13 0.06640625 0.6046875 0.09296875 0.01953125
13 0.05546875 0.625 0.071875 0.0171875
6 0.7453125 0.50390625 0.4703125 0.17578125
13 0.56796875 0.6046875 0.11640625 0.01953125
13 0.54609375 0.625 0.071875 0.0171875
13 0.11015625 0.6734375 0.1203125 0.02578125
6 0.2546875 0.790625 0.4703125 0.17578125
6 0.7453125 0.790625 0.4703125 0.17578125
7 0.5 0.83828125 1 0.003125
6 0.040625 0.86796875 0.028125 0.01953125
13 0.13515625 0.859375 0.09296875 0.01953125
13 0.140625 0.878125 0.1046875 0.0171875
6 0.7125 0.86796875 0.075 0.05703125
6 0.7875 0.86796875 0.075 0.05703125
6 0.8625 0.86796875 0.075 0.05703125
6 0.9375 0.86796875 0.075 0.05703125
8 0.16953125 0.92421875 0.33828125 0.05234375
8 0.5078125 0.92421875 0.33828125 0.05234375
8 0.83828125 0.92421875 0.3234375 0.05234375