3 0.3779166666666667 0.05182291666666667 0.5558333333333333 0.028645833333333332
6 0.36125 0.3703125 0.5808333333333333 0.5875
6 0.12958333333333333 0.8583333333333333 0.09416666666666666 0.05
6 0.23458333333333334 0.8588541666666667 0.0825 0.04791666666666667
6 0.34 0.8580729166666666 0.07666666666666666 0.05677083333333333
6 0.43916666666666665 0.8567708333333334 0.08 0.05
6 0.5366666666666666 0.8583333333333333 0.08833333333333333 0.042708333333333334
6 0.6383333333333333 0.8546875 0.08 0.05
6 0.74125 0.8580729166666666 0.08583333333333333 0.0640625
6 0.8675 0.11302083333333333 0.1 0.05520833333333333
6 0.9433333333333334 0.9177083333333333 0.09666666666666666 0.05520833333333333
6 0.8045833333333333 0.9158854166666667 0.0825 0.044270833333333336
6 0.035416666666666666 0.9161458333333333 0.05416666666666667 0.0375