13 0.49416666666666664 0.06927083333333334 0.37333333333333335 0.05
13 0.44333333333333336 0.2171875 0.29333333333333333 0.08541666666666667
13 0.705 0.21354166666666666 0.12833333333333333 0.06041666666666667
13 0.36875 0.35546875 0.25916666666666666 0.04114583333333333
13 0.4033333333333333 0.46822916666666664 0.3333333333333333 0.042708333333333334
13 0.42916666666666664 0.5770833333333333 0.385 0.042708333333333334
13 0.42916666666666664 0.6830729166666667 0.385 0.0515625
13 0.42583333333333334 0.80234375 0.37333333333333335 0.04114583333333333
13 0.735 0.35625 0.09666666666666666 0.035416666666666666
13 0.7145833333333333 0.46197916666666666 0.13083333333333333 0.0375
13 0.7166666666666667 0.575 0.12833333333333333 0.035416666666666666
13 0.7145833333333333 0.6908854166666667 0.13083333333333333 0.04635416666666667
13 0.7225 0.80234375 0.11666666666666667 0.033854166666666664
6 0.1525 0.06875 0.105 0.05520833333333333
6 0.20666666666666667 0.209375 0.15666666666666668 0.090625
6 0.18833333333333332 0.35625 0.06833333333333333 0.06041666666666667
6 0.17375 0.47630208333333335 0.07416666666666667 0.058854166666666666
6 0.18708333333333332 0.57890625 0.13416666666666666 0.0390625
6 0.17958333333333334 0.6854166666666667 0.08583333333333333 0.05
6 0.17958333333333334 0.7942708333333334 0.09083333333333334 0.05
6 0.8216666666666667 0.7869791666666667 0.04833333333333333 0.042708333333333334
6 0.8279166666666666 0.68359375 0.06583333333333333 0.04635416666666667
6 0.8233333333333334 0.5786458333333333 0.051666666666666666 0.042708333333333334
6 0.8316666666666667 0.47265625 0.06833333333333333 0.0515625
6 0.8279166666666666 0.35234375 0.06583333333333333 0.04635416666666667
6 0.82625 0.21380208333333334 0.0625 0.04635416666666667