6 0.013333333333333334 0.05520833333333333 0.02666666666666667 0.016666666666666666
6 0.060833333333333336 0.05520833333333333 0.08 0.05
13 0.22375 0.054947916666666666 0.2325 0.025520833333333333
6 0.7333333333333333 0.05520833333333333 0.10666666666666667 0.058333333333333334
13 0.84 0.05520833333333333 0.10666666666666667 0.058333333333333334
13 0.9466666666666667 0.05520833333333333 0.10666666666666667 0.058333333333333334
13 0.4995833333333333 0.10911458333333333 0.13416666666666666 0.0171875
6 0.018333333333333333 0.1640625 0.02 0.059375
13 0.52 0.15026041666666667 0.96 0.03177083333333333
13 0.52 0.17994791666666668 0.96 0.027604166666666666
6 0.018333333333333333 0.22447916666666667 0.02 0.059375
13 0.52 0.21067708333333332 0.96 0.03177083333333333
13 0.52 0.24036458333333333 0.96 0.027604166666666666
6 0.018333333333333333 0.28489583333333335 0.02 0.059375
13 0.52 0.27109375 0.96 0.03177083333333333
13 0.52 0.30078125 0.96 0.027604166666666666
6 0.018333333333333333 0.3453125 0.02 0.059375
13 0.52 0.33151041666666664 0.96 0.03177083333333333
13 0.52 0.3611979166666667 0.96 0.027604166666666666
6 0.018333333333333333 0.40572916666666664 0.02 0.059375
13 0.52 0.3919270833333333 0.96 0.03177083333333333
13 0.52 0.42161458333333335 0.96 0.027604166666666666
6 0.018333333333333333 0.4661458333333333 0.02 0.059375
13 0.52 0.45234375 0.96 0.03177083333333333
13 0.52 0.48203125 0.96 0.027604166666666666
6 0.018333333333333333 0.5265625 0.02 0.059375
13 0.52 0.5127604166666667 0.96 0.03177083333333333
13 0.52 0.5424479166666667 0.96 0.027604166666666666
6 0.018333333333333333 0.5869791666666667 0.02 0.059375
13 0.52 0.5731770833333333 0.96 0.03177083333333333
13 0.52 0.6028645833333334 0.96 0.027604166666666666
6 0.018333333333333333 0.6473958333333333 0.02 0.059375
13 0.52 0.63359375 0.96 0.03177083333333333
13 0.52 0.66328125 0.96 0.027604166666666666
6 0.018333333333333333 0.7078125 0.02 0.059375
13 0.52 0.6940104166666666 0.96 0.03177083333333333
13 0.52 0.7236979166666667 0.96 0.027604166666666666
6 0.018333333333333333 0.7682291666666666 0.02 0.059375
13 0.52 0.7544270833333333 0.96 0.03177083333333333
13 0.52 0.7841145833333333 0.96 0.027604166666666666
6 0.018333333333333333 0.8286458333333333 0.02 0.059375
13 0.52 0.81484375 0.96 0.03177083333333333
13 0.52 0.84453125 0.96 0.027604166666666666
6 0.018333333333333333 0.8890625 0.02 0.059375
13 0.52 0.8752604166666667 0.96 0.03177083333333333
13 0.52 0.9049479166666666 0.96 0.027604166666666666
6 0.018333333333333333 0.9494791666666667 0.02 0.059375
13 0.52 0.9356770833333333 0.96 0.03177083333333333