13 0.21125 0.06588541666666667 0.15416666666666667 0.04635416666666667
13 0.1825 0.17890625 0.3016666666666667 0.0265625
13 0.14958333333333335 0.2234375 0.25916666666666666 0.0375
13 0.15666666666666668 0.2786458333333333 0.22833333333333333 0.04791666666666667
13 0.17083333333333334 0.3234375 0.2966666666666667 0.019791666666666666
13 0.16583333333333333 0.3893229166666667 0.22833333333333333 0.058854166666666666
13 0.24208333333333334 0.45208333333333334 0.4041666666666667 0.017708333333333333
13 0.1525 0.5111979166666667 0.2816666666666667 0.04635416666666667
13 0.15791666666666668 0.5645833333333333 0.2708333333333333 0.035416666666666666
13 0.1225 0.6080729166666666 0.19333333333333333 0.033854166666666664
13 0.12541666666666668 0.6497395833333334 0.2225 0.0140625
13 0.12916666666666668 0.6908854166666667 0.21333333333333335 0.021354166666666667
13 0.08166666666666667 0.7354166666666667 0.14 0.03229166666666667
13 0.1625 0.7869791666666667 0.3016666666666667 0.042708333333333334
13 0.12958333333333333 0.8421875 0.1625 0.03229166666666667
13 0.17791666666666667 0.89375 0.2875 0.025
5 0.05375 0.05364583333333333 0.0625 0.05
0 0.36791666666666667 0.12213541666666666 0.25083333333333335 0.033854166666666664
0 0.6254166666666666 0.12552083333333333 0.23083333333333333 0.04791666666666667