6 0.01328125 0.05546875 0.0265625 0.01640625
6 0.0609375 0.05546875 0.0796875 0.05
13 0.2234375 0.0546875 0.2328125 0.02578125
6 0.73359375 0.05546875 0.10703125 0.05859375
13 0.83984375 0.05546875 0.10703125 0.05859375
13 0.94609375 0.0546875 0.1078125 0.059375
13 0.49921875 0.109375 0.134375 0.0171875
6 0.01796875 0.1640625 0.0203125 0.059375
13 0.51953125 0.14921875 0.9609375 0.0328125
13 0.51953125 0.17890625 0.9609375 0.0265625
6 0.01796875 0.22421875 0.0203125 0.059375
13 0.51953125 0.21015625 0.9609375 0.0328125
13 0.51953125 0.23984375 0.9609375 0.0265625
6 0.01796875 0.28515625 0.0203125 0.059375
13 0.51953125 0.2703125 0.9609375 0.03125
13 0.51953125 0.3 0.9609375 0.028125
6 0.01796875 0.3453125 0.0203125 0.059375
13 0.51953125 0.33046875 0.9609375 0.0328125
13 0.51953125 0.36015625 0.9609375 0.0265625
6 0.01796875 0.40546875 0.0203125 0.059375
13 0.51953125 0.39140625 0.9609375 0.0328125
13 0.51953125 0.42109375 0.9609375 0.0265625
6 0.01796875 0.46640625 0.0203125 0.059375
13 0.51953125 0.4515625 0.9609375 0.03125
13 0.51953125 0.48125 0.9609375 0.028125
6 0.01796875 0.5265625 0.0203125 0.059375
13 0.51953125 0.51171875 0.9609375 0.0328125
13 0.51953125 0.54140625 0.9609375 0.0265625
6 0.01796875 0.58671875 0.0203125 0.059375
13 0.51953125 0.57265625 0.9609375 0.0328125
13 0.51953125 0.60234375 0.9609375 0.0265625
6 0.01796875 0.64765625 0.0203125 0.059375
13 0.51953125 0.6328125 0.9609375 0.03125
13 0.51953125 0.6625 0.9609375 0.028125
6 0.01796875 0.7078125 0.0203125 0.059375
13 0.51953125 0.69296875 0.9609375 0.0328125
13 0.51953125 0.72265625 0.9609375 0.0265625
6 0.01796875 0.76796875 0.0203125 0.059375
13 0.51953125 0.75390625 0.9609375 0.0328125
13 0.51953125 0.78359375 0.9609375 0.0265625
6 0.01796875 0.82890625 0.0203125 0.059375
13 0.51953125 0.8140625 0.9609375 0.03125
13 0.51953125 0.84375 0.9609375 0.028125
6 0.01796875 0.8890625 0.0203125 0.059375
13 0.51953125 0.87421875 0.9609375 0.0328125
13 0.51953125 0.90390625 0.9609375 0.0265625
6 0.01796875 0.94921875 0.0203125 0.059375
13 0.51953125 0.93515625 0.9609375 0.0328125