6 0.013333333333333334 0.05520833333333333 0.02666666666666667 0.016666666666666666
6 0.060833333333333336 0.05520833333333333 0.08 0.05
13 0.20541666666666666 0.046614583333333334 0.19583333333333333 0.025520833333333333
13 0.14333333333333334 0.06666666666666667 0.07166666666666667 0.019791666666666666
13 0.9466666666666667 0.05520833333333333 0.10666666666666667 0.058333333333333334
13 0.34958333333333336 0.10911458333333333 0.04583333333333333 0.0171875
13 0.6516666666666666 0.10911458333333333 0.10333333333333333 0.0171875
13 0.10375 0.15963541666666667 0.2075 0.050520833333333334
13 0.10375 0.21119791666666668 0.2075 0.050520833333333334
13 0.10375 0.26276041666666666 0.2075 0.050520833333333334
13 0.10375 0.3143229166666667 0.2075 0.050520833333333334
13 0.10375 0.3658854166666667 0.2075 0.050520833333333334
13 0.10375 0.41744791666666664 0.2075 0.050520833333333334
13 0.10375 0.46901041666666665 0.2075 0.050520833333333334
13 0.10375 0.5205729166666667 0.2075 0.050520833333333334
13 0.10375 0.5721354166666667 0.2075 0.050520833333333334
13 0.10375 0.6236979166666666 0.2075 0.050520833333333334
13 0.10375 0.6752604166666667 0.2075 0.050520833333333334
13 0.10375 0.7268229166666667 0.2075 0.050520833333333334
13 0.10375 0.7783854166666667 0.2075 0.050520833333333334
13 0.10375 0.8299479166666667 0.2075 0.050520833333333334
13 0.10375 0.8815104166666666 0.2075 0.050520833333333334
5 0.24916666666666668 0.9239583333333333 0.08 0.05
5 0.7491666666666666 0.9239583333333333 0.08 0.05