6 0.01328125 0.05546875 0.0265625 0.01640625
6 0.0609375 0.05546875 0.0796875 0.05
13 0.20546875 0.046875 0.19609375 0.02578125
13 0.14296875 0.06640625 0.071875 0.01953125
13 0.94609375 0.0546875 0.1078125 0.059375
13 0.34921875 0.109375 0.04609375 0.0171875
13 0.6515625 0.109375 0.103125 0.0171875
13 0.10390625 0.159375 0.2078125 0.05078125
13 0.10390625 0.2109375 0.2078125 0.05078125
13 0.10390625 0.2625 0.2078125 0.05078125
13 0.10390625 0.3140625 0.2078125 0.05078125
13 0.10390625 0.365625 0.2078125 0.05078125
13 0.10390625 0.4171875 0.2078125 0.05078125
13 0.10390625 0.46875 0.2078125 0.05078125
13 0.10390625 0.5203125 0.2078125 0.05078125
13 0.10390625 0.571875 0.2078125 0.05078125
13 0.10390625 0.6234375 0.2078125 0.05078125
13 0.10390625 0.675 0.2078125 0.05078125
13 0.10390625 0.7265625 0.2078125 0.05078125
13 0.10390625 0.778125 0.2078125 0.05078125
13 0.10390625 0.8296875 0.2078125 0.05078125
13 0.10390625 0.88125 0.2078125 0.05078125
5 0.24921875 0.92421875 0.0796875 0.05
5 0.74921875 0.92421875 0.0796875 0.05