13 0.595 0.361328125 0.2225 0.13515625
13 0.073125 0.734375 0.12875 0.41875
13 0.55375 0.730859375 0.1625 0.42890625
13 0.898125 0.7328125 0.17125 0.4328125
6 0.31125 0.55234375 0.145 0.0640625
6 0.3325 0.625 0.1625 0.053125
6 0.30125 0.701953125 0.14 0.05703125
6 0.3275 0.778125 0.1425 0.0640625
6 0.3375 0.847265625 0.1675 0.05703125
6 0.330625 0.912890625 0.19375 0.06015625
6 0.12375 0.349609375 0.1625 0.13359375
13 0.34625 0.357421875 0.145 0.06015625
5 0.92 0.238671875 0.1025 0.05703125
5 0.056875 0.056640625 0.07375 0.04609375
5 0.875625 0.05625 0.04875 0.0375
5 0.944375 0.0515625 0.04875 0.0390625