13 0.5953125 0.3609375 0.22265625 0.13515625
13 0.0734375 0.734375 0.12890625 0.41875
13 0.55390625 0.73125 0.1625 0.42890625
13 0.8984375 0.7328125 0.17109375 0.4328125
6 0.3109375 0.55234375 0.1453125 0.0640625
6 0.3328125 0.625 0.1625 0.053125
6 0.3015625 0.7015625 0.13984375 0.05703125
6 0.32734375 0.778125 0.1421875 0.0640625
6 0.3375 0.846875 0.1671875 0.05703125
6 0.33046875 0.9125 0.19375 0.06015625
6 0.1234375 0.35 0.1625 0.13359375
13 0.34609375 0.3578125 0.1453125 0.06015625
5 0.9203125 0.2390625 0.10234375 0.05703125
5 0.05703125 0.05625 0.0734375 0.04609375
5 0.87578125 0.05625 0.0484375 0.0375
5 0.94453125 0.0515625 0.0484375 0.0390625