6 0.2579166666666667 0.12994791666666666 0.13416666666666666 0.08177083333333333
6 0.7504166666666666 0.1328125 0.1225 0.0875
6 0.25375 0.22161458333333334 0.13083333333333333 0.08385416666666666
6 0.755 0.2296875 0.14833333333333334 0.078125
6 0.25375 0.31223958333333335 0.15416666666666667 0.06927083333333334
6 0.7595833333333334 0.31484375 0.1625 0.05677083333333333
6 0.23958333333333334 0.39817708333333335 0.1425 0.0765625
6 0.7495833333333334 0.40520833333333334 0.13083333333333333 0.07291666666666667
6 0.23791666666666667 0.4903645833333333 0.17416666666666666 0.0765625
6 0.24125 0.57890625 0.13416666666666666 0.07135416666666666
6 0.24958333333333332 0.6765625 0.15083333333333335 0.08541666666666667
6 0.755 0.49140625 0.14833333333333334 0.08177083333333333
6 0.7520833333333333 0.58515625 0.1425 0.0765625
6 0.7504166666666666 0.6765625 0.1625 0.078125
0 0.50875 0.8580729166666666 0.3275 0.0390625
13 0.5045833333333334 0.04791666666666667 0.2225 0.035416666666666666