5 0.06015625 0.05546875 0.09296875 0.05859375
13 0.29609375 0.0546875 0.325 0.02265625
5 0.04765625 0.12421875 0.05859375 0.06640625
13 0.06328125 0.14296875 0.0265625 0.028125
11 0.44140625 0.12421875 0.71015625 0.06640625
13 0.43203125 0.1140625 0.66015625 0.01953125
13 0.43203125 0.1328125 0.66015625 0.01953125
5 0.8359375 0.12421875 0.05859375 0.06640625
5 0.89453125 0.12421875 0.05859375 0.06640625
5 0.95234375 0.12421875 0.05859375 0.06640625
5 0.04765625 0.19921875 0.05859375 0.05859375
11 0.44140625 0.19921875 0.71015625 0.05859375
13 0.40703125 0.1984375 0.61015625 0.03125
6 0.73671875 0.1984375 0.05 0.03125
5 0.8359375 0.19921875 0.05859375 0.05859375
5 0.89453125 0.19921875 0.05859375 0.05859375
5 0.95234375 0.19921875 0.05859375 0.05859375
5 0.90703125 0.88515625 0.13359375 0.09609375