6 0.2578125 0.1296875 0.134375 0.08203125
6 0.75078125 0.1328125 0.12265625 0.0875
6 0.25390625 0.221875 0.13046875 0.08359375
6 0.7546875 0.2296875 0.1484375 0.078125
6 0.25390625 0.3125 0.15390625 0.06953125
6 0.759375 0.31484375 0.1625 0.05703125
6 0.23984375 0.3984375 0.1421875 0.0765625
6 0.74921875 0.40546875 0.13046875 0.07265625
6 0.23828125 0.490625 0.17421875 0.0765625
6 0.24140625 0.57890625 0.134375 0.07109375
6 0.24921875 0.6765625 0.15078125 0.08515625
6 0.7546875 0.49140625 0.1484375 0.08203125
6 0.75234375 0.58515625 0.1421875 0.0765625
6 0.75078125 0.6765625 0.1625 0.078125
0 0.50859375 0.8578125 0.32734375 0.0390625
13 0.5046875 0.04765625 0.22265625 0.03515625