5 0.06 0.05520833333333333 0.09333333333333334 0.058333333333333334
13 0.29583333333333334 0.054947916666666666 0.325 0.022395833333333334
5 0.0475 0.12395833333333334 0.058333333333333334 0.06666666666666667
13 0.06333333333333334 0.14322916666666666 0.02666666666666667 0.028125
11 0.44166666666666665 0.12395833333333334 0.71 0.06666666666666667
13 0.43166666666666664 0.11380208333333333 0.66 0.019270833333333334
13 0.43166666666666664 0.13307291666666668 0.66 0.019270833333333334
5 0.8358333333333333 0.12395833333333334 0.058333333333333334 0.06666666666666667
5 0.8941666666666667 0.12395833333333334 0.058333333333333334 0.06666666666666667
5 0.9525 0.12395833333333334 0.058333333333333334 0.06666666666666667
5 0.0475 0.19895833333333332 0.058333333333333334 0.058333333333333334
11 0.44166666666666665 0.19895833333333332 0.71 0.058333333333333334
13 0.4066666666666667 0.1984375 0.61 0.03125
6 0.7366666666666667 0.1984375 0.05 0.03125
5 0.8358333333333333 0.19895833333333332 0.058333333333333334 0.058333333333333334
5 0.8941666666666667 0.19895833333333332 0.058333333333333334 0.058333333333333334
5 0.9525 0.19895833333333332 0.058333333333333334 0.058333333333333334
5 0.9066666666666666 0.8854166666666666 0.13333333333333333 0.09583333333333334