13 0.5 0.17552083333333332 0.9466666666666667 0.2989583333333333
0 0.5 0.36770833333333336 0.8933333333333333 0.052083333333333336
13 0.5 0.40859375 0.8933333333333333 0.0296875
3 0.5 0.45703125 0.8933333333333333 0.044270833333333336
13 0.1625 0.48776041666666664 0.205 0.0171875
3 0.27666666666666667 0.54140625 0.44666666666666666 0.044270833333333336
13 0.27666666666666667 0.5794270833333334 0.43333333333333335 0.03177083333333333
3 0.7233333333333334 0.54140625 0.44666666666666666 0.044270833333333336
13 0.7233333333333334 0.5794270833333334 0.43333333333333335 0.03177083333333333
13 0.5 0.6317708333333333 0.8933333333333333 0.05
1 0.27958333333333335 0.68125 0.43916666666666665 0.028125
1 0.7204166666666667 0.68125 0.43916666666666665 0.028125
3 0.5 0.7432291666666667 0.8933333333333333 0.05
5 0.9066666666666666 0.7432291666666667 0.08 0.05
13 0.26416666666666666 0.7768229166666667 0.4083333333333333 0.0171875
13 0.5 0.8234375 0.8933333333333333 0.053125
0 0.5 0.8916666666666667 0.8933333333333333 0.05
6 0.5 0.48802083333333335 1 0.9239583333333333