5 0.035 0.026041666666666668 0.05333333333333334 0.052083333333333336
5 0.9016666666666666 0.026041666666666668 0.05333333333333334 0.052083333333333336
5 0.9733333333333334 0.026041666666666668 0.05333333333333334 0.052083333333333336
5 0.04083333333333333 0.08333333333333333 0.065 0.052083333333333336
5 0.09333333333333334 0.08333333333333333 0.03666666666666667 0.052083333333333336
13 0.41041666666666665 0.08333333333333333 0.19416666666666665 0.052083333333333336
13 0.5704166666666667 0.08333333333333333 0.12583333333333332 0.052083333333333336
13 0.6595833333333333 0.08333333333333333 0.0525 0.052083333333333336
5 0.9066666666666666 0.08333333333333333 0.03666666666666667 0.052083333333333336
5 0.9591666666666666 0.08333333333333333 0.065 0.052083333333333336
13 0.5 0.14036458333333332 0.595 0.025520833333333333
6 0.5 0.425 0.82 0.5125
13 0.40166666666666667 0.7018229166666666 0.26666666666666666 0.030729166666666665
13 0.6066666666666667 0.70234375 0.14333333333333334 0.025520833333333333
6 0.705 0.7013020833333333 0.05333333333333334 0.04010416666666667
13 0.3433333333333333 0.7393229166666667 0.15166666666666667 0.025520833333333333
13 0.5758333333333333 0.7393229166666667 0.31333333333333335 0.025520833333333333
13 0.3433333333333333 0.76484375 0.15166666666666667 0.025520833333333333
13 0.5758333333333333 0.76484375 0.31333333333333335 0.025520833333333333
13 0.3433333333333333 0.7903645833333334 0.15166666666666667 0.025520833333333333
13 0.5758333333333333 0.7903645833333334 0.31333333333333335 0.025520833333333333
13 0.3433333333333333 0.8158854166666667 0.15166666666666667 0.025520833333333333
13 0.5758333333333333 0.8158854166666667 0.31333333333333335 0.025520833333333333
13 0.3433333333333333 0.84140625 0.15166666666666667 0.025520833333333333
13 0.5758333333333333 0.84140625 0.31333333333333335 0.025520833333333333
13 0.3433333333333333 0.8669270833333333 0.15166666666666667 0.025520833333333333
13 0.5558333333333333 0.8669270833333333 0.2733333333333333 0.025520833333333333
5 0.7125 0.8666666666666667 0.04 0.023958333333333335
13 0.0825 0.9239583333333333 0.06 0.019791666666666666
13 0.24916666666666668 0.9239583333333333 0.041666666666666664 0.019791666666666666
13 0.41583333333333333 0.9239583333333333 0.07833333333333334 0.019791666666666666
13 0.5825 0.9239583333333333 0.075 0.019791666666666666
13 0.7495833333333334 0.9239583333333333 0.03916666666666667 0.019791666666666666
13 0.9170833333333334 0.9239583333333333 0.0625 0.019791666666666666