5 0.034375 0.02578125 0.053125 0.0515625
5 0.9015625 0.02578125 0.053125 0.0515625
5 0.9734375 0.02578125 0.053125 0.0515625
5 0.040625 0.08359375 0.06484375 0.05234375
5 0.09296875 0.08359375 0.03671875 0.05234375
13 0.41015625 0.08359375 0.19453125 0.05234375
13 0.5703125 0.08359375 0.12578125 0.05234375
13 0.659375 0.08359375 0.05234375 0.05234375
5 0.90703125 0.08359375 0.03671875 0.05234375
5 0.959375 0.08359375 0.06484375 0.05234375
13 0.5 0.140625 0.5953125 0.02578125
6 0.5 0.425 0.8203125 0.5125
13 0.4015625 0.7015625 0.26640625 0.03046875
13 0.60703125 0.70234375 0.14296875 0.02578125
6 0.7046875 0.7015625 0.053125 0.03984375
13 0.34296875 0.7390625 0.1515625 0.02578125
13 0.57578125 0.7390625 0.31328125 0.02578125
13 0.34296875 0.76484375 0.1515625 0.02578125
13 0.57578125 0.76484375 0.31328125 0.02578125
13 0.34296875 0.790625 0.1515625 0.02578125
13 0.57578125 0.790625 0.31328125 0.02578125
13 0.34296875 0.815625 0.1515625 0.02578125
13 0.57578125 0.815625 0.31328125 0.02578125
13 0.34296875 0.84140625 0.1515625 0.02578125
13 0.57578125 0.84140625 0.31328125 0.02578125
13 0.34296875 0.8671875 0.1515625 0.02578125
13 0.55546875 0.8671875 0.2734375 0.02578125
5 0.7125 0.86640625 0.03984375 0.02421875
13 0.0828125 0.92421875 0.06015625 0.01953125
13 0.24921875 0.92421875 0.04140625 0.01953125
13 0.415625 0.92421875 0.078125 0.01953125
13 0.5828125 0.92421875 0.075 0.01953125
13 0.74921875 0.92421875 0.0390625 0.01953125
13 0.9171875 0.92421875 0.0625 0.01953125