5 0.06015625 0.059375 0.09296875 0.06640625
3 0.49296875 0.059375 0.746875 0.03671875
6 0.9203125 0.059375 0.10703125 0.06640625
6 0.25 0.16328125 0.03984375 0.025
13 0.24921875 0.1921875 0.084375 0.0171875
6 0.75 0.16328125 0.03984375 0.025
13 0.74921875 0.1921875 0.11953125 0.0171875
13 0.5 0.23984375 1 0.05859375
13 0.5 0.29765625 1 0.05859375
13 0.5 0.35625 1 0.05859375
13 0.5 0.171875 1 0.05859375
13 0.5 0.23046875 1 0.05859375
13 0.5 0.28828125 1 0.05859375
13 0.5 0.346875 1 0.05859375
13 0.5 0.40546875 1 0.05859375
13 0.5 0.4625 0.946875 0.02265625
13 0.05390625 0.4875 0.05390625 0.01953125
13 0.45390625 0.51171875 0.8546875 0.01953125
13 0.934375 0.51171875 0.078125 0.01953125
13 0.5 0.565625 0.946875 0.02265625
13 0.06484375 0.59140625 0.07578125 0.01953125
13 0.4609375 0.61484375 0.86796875 0.01953125
13 0.940625 0.61484375 0.06484375 0.01953125
13 0.5 0.66953125 0.946875 0.02265625
13 0.06484375 0.69453125 0.07578125 0.01953125
13 0.4609375 0.71875 0.86796875 0.01953125
13 0.940625 0.71875 0.06484375 0.01953125
13 0.5 0.7734375 0.946875 0.02265625
13 0.046875 0.7984375 0.03984375 0.01953125
13 0.440625 0.82265625 0.828125 0.01953125
13 0.92109375 0.82265625 0.1046875 0.01953125
13 0.5 0.8765625 0.946875 0.02265625
13 0.0578125 0.90234375 0.0625 0.01953125
13 0.46015625 0.92578125 0.86640625 0.01953125
13 0.93984375 0.92578125 0.06640625 0.01953125