5 0.06 0.059375 0.09333333333333334 0.06666666666666667
3 0.49333333333333335 0.059375 0.7466666666666667 0.036458333333333336
6 0.92 0.059375 0.10666666666666667 0.06666666666666667
6 0.25 0.16302083333333334 0.04 0.025
13 0.24958333333333332 0.19244791666666666 0.08416666666666667 0.0171875
6 0.75 0.16302083333333334 0.04 0.025
13 0.7495833333333334 0.19244791666666666 0.11916666666666667 0.0171875
13 0.5 0.23958333333333334 1 0.058333333333333334
13 0.5 0.29791666666666666 1 0.058333333333333334
13 0.5 0.35625 1 0.058333333333333334
13 0.5 0.171875 1 0.058333333333333334
13 0.5 0.23020833333333332 1 0.058333333333333334
13 0.5 0.28854166666666664 1 0.058333333333333334
13 0.5 0.346875 1 0.058333333333333334
13 0.5 0.40520833333333334 1 0.058333333333333334
13 0.5 0.4622395833333333 0.9466666666666667 0.022395833333333334
13 0.05375 0.4875 0.05416666666666667 0.019791666666666666
13 0.45416666666666666 0.5114583333333333 0.855 0.019791666666666666
13 0.9341666666666667 0.5114583333333333 0.07833333333333334 0.019791666666666666
13 0.5 0.5658854166666667 0.9466666666666667 0.022395833333333334
13 0.06458333333333334 0.5911458333333334 0.07583333333333334 0.019791666666666666
13 0.4608333333333333 0.6151041666666667 0.8683333333333333 0.019791666666666666
13 0.9408333333333333 0.6151041666666667 0.065 0.019791666666666666
13 0.5 0.66953125 0.9466666666666667 0.022395833333333334
13 0.06458333333333334 0.6947916666666667 0.07583333333333334 0.019791666666666666
13 0.4608333333333333 0.71875 0.8683333333333333 0.019791666666666666
13 0.9408333333333333 0.71875 0.065 0.019791666666666666
13 0.5 0.7731770833333333 0.9466666666666667 0.022395833333333334
13 0.04666666666666667 0.7984375 0.04 0.019791666666666666
13 0.44083333333333335 0.8223958333333333 0.8283333333333334 0.019791666666666666
13 0.9208333333333333 0.8223958333333333 0.105 0.019791666666666666
13 0.5 0.8768229166666667 0.9466666666666667 0.022395833333333334
13 0.057916666666666665 0.9020833333333333 0.0625 0.019791666666666666
13 0.46 0.9260416666666667 0.8666666666666667 0.019791666666666666
13 0.94 0.9260416666666667 0.06666666666666667 0.019791666666666666