13 0.5 0.0515625 0.36833333333333335 0.019791666666666666
8 0.40541666666666665 0.11458333333333333 0.12083333333333333 0.03333333333333333
8 0.5854166666666667 0.11458333333333333 0.13916666666666666 0.03333333333333333
13 0.5041666666666667 0.17369791666666667 0.9916666666666667 0.022395833333333334
5 0.9283333333333333 0.8927083333333333 0.11 0.07291666666666667
5 0.041666666666666664 0.028125 0.08333333333333333 0.05625
6 0.041666666666666664 0.028385416666666666 0.02666666666666667 0.0171875
13 0.9320833333333334 0.30130208333333336 0.11916666666666667 0.0171875
13 0.16125 0.39140625 0.05583333333333333 0.033854166666666664
13 0.16166666666666665 0.41692708333333334 0.04 0.0171875
0 0.07 0.4588541666666667 0.06666666666666667 0.041666666666666664
0 0.25333333333333335 0.4588541666666667 0.06666666666666667 0.041666666666666664
13 0.44125 0.37786458333333334 0.12916666666666668 0.0171875
13 0.895 0.37786458333333334 0.10333333333333333 0.0171875
0 0.44333333333333336 0.428125 0.13333333333333333 0.08333333333333333
0 0.88 0.428125 0.13333333333333333 0.08333333333333333
13 0.44333333333333336 0.4796875 0.13333333333333333 0.019791666666666666
13 0.88 0.4796875 0.13333333333333333 0.019791666666666666
13 0.1075 0.57734375 0.10833333333333334 0.021354166666666667
13 0.4995833333333333 0.57734375 0.04416666666666667 0.021354166666666667
13 0.8995833333333333 0.57734375 0.09416666666666666 0.021354166666666667
13 0.0925 0.6049479166666667 0.07833333333333334 0.033854166666666664
13 0.14916666666666667 0.6119791666666666 0.025 0.019791666666666666
13 0.5 0.6049479166666667 0.07833333333333334 0.033854166666666664
13 0.8804166666666666 0.6049479166666667 0.05583333333333333 0.033854166666666664
13 0.93 0.6119791666666666 0.03333333333333333 0.019791666666666666
13 0.1075 0.6317708333333333 0.10833333333333334 0.019791666666666666
13 0.8995833333333333 0.6317708333333333 0.09416666666666666 0.019791666666666666
0 0.14166666666666666 0.7239583333333334 0.058333333333333334 0.036458333333333336
0 0.07 0.7630208333333334 0.06666666666666667 0.041666666666666664
0 0.21333333333333335 0.7630208333333334 0.06666666666666667 0.041666666666666664
3 0.5958333333333333 0.7302083333333333 0.535 0.03333333333333333
0 0.9216666666666666 0.734375 0.06666666666666667 0.041666666666666664
13 0.19083333333333333 0.85 0.30833333333333335 0.019791666666666666
13 0.4995833333333333 0.85 0.30916666666666665 0.019791666666666666
13 0.80875 0.85 0.30916666666666665 0.019791666666666666
7 0.19083333333333333 0.8703125 0.30833333333333335 0.010416666666666666
7 0.4995833333333333 0.8703125 0.30916666666666665 0.010416666666666666
7 0.80875 0.8703125 0.30916666666666665 0.010416666666666666
13 0.19083333333333333 0.89453125 0.30833333333333335 0.0171875
13 0.4995833333333333 0.89453125 0.30916666666666665 0.0171875
13 0.80875 0.89453125 0.30916666666666665 0.0171875
5 0.9583333333333334 0.028125 0.08333333333333333 0.05625
6 0.9583333333333334 0.028125 0.04 0.025
5 0.041666666666666664 0.11145833333333334 0.08333333333333333 0.05625
5 0.9583333333333334 0.11145833333333334 0.08333333333333333 0.05625
5 0.041666666666666664 0.19479166666666667 0.08333333333333333 0.05625