13 0.5 0.0515625 0.36796875 0.01953125
8 0.40546875 0.11484375 0.12109375 0.03359375
8 0.58515625 0.11484375 0.1390625 0.03359375
13 0.50390625 0.1734375 0.99140625 0.02265625
5 0.928125 0.89296875 0.11015625 0.07265625
5 0.04140625 0.028125 0.0828125 0.05625
6 0.04140625 0.028125 0.0265625 0.0171875
13 0.93203125 0.3015625 0.11953125 0.0171875
13 0.1609375 0.39140625 0.05546875 0.03359375
13 0.16171875 0.4171875 0.03984375 0.0171875
0 0.0703125 0.45859375 0.06640625 0.04140625
0 0.253125 0.45859375 0.06640625 0.04140625
13 0.44140625 0.378125 0.12890625 0.0171875
13 0.8953125 0.378125 0.103125 0.0171875
0 0.44296875 0.428125 0.13359375 0.08359375
0 0.8796875 0.428125 0.13359375 0.08359375
13 0.44296875 0.4796875 0.13359375 0.01953125
13 0.8796875 0.4796875 0.13359375 0.01953125
13 0.1078125 0.57734375 0.10859375 0.02109375
13 0.49921875 0.57734375 0.04453125 0.02109375
13 0.89921875 0.57734375 0.09453125 0.02109375
13 0.0921875 0.6046875 0.078125 0.03359375
13 0.14921875 0.61171875 0.025 0.01953125
13 0.5 0.6046875 0.078125 0.03359375
13 0.88046875 0.6046875 0.05546875 0.03359375
13 0.9296875 0.61171875 0.03359375 0.01953125
13 0.1078125 0.63203125 0.10859375 0.01953125
13 0.89921875 0.63203125 0.09453125 0.01953125
0 0.14140625 0.72421875 0.05859375 0.03671875
0 0.0703125 0.76328125 0.06640625 0.04140625
0 0.21328125 0.76328125 0.06640625 0.04140625
3 0.59609375 0.73046875 0.53515625 0.03359375
0 0.921875 0.734375 0.06640625 0.04140625
13 0.190625 0.85 0.30859375 0.01953125
13 0.49921875 0.85 0.309375 0.01953125
13 0.80859375 0.85 0.309375 0.01953125
7 0.190625 0.8703125 0.30859375 0.01015625
7 0.49921875 0.8703125 0.309375 0.01015625
7 0.80859375 0.8703125 0.309375 0.01015625
13 0.190625 0.89453125 0.30859375 0.0171875
13 0.49921875 0.89453125 0.309375 0.0171875
13 0.80859375 0.89453125 0.309375 0.0171875
5 0.9578125 0.028125 0.084375 0.05625
6 0.95859375 0.028125 0.03984375 0.025
5 0.04140625 0.1109375 0.0828125 0.05625
5 0.9578125 0.1109375 0.084375 0.05625
5 0.04140625 0.19375 0.0828125 0.05625