13 0.36791666666666667 0.4388020833333333 0.19083333333333333 0.025520833333333333
13 0.4170833333333333 0.4861979166666667 0.2941666666666667 0.028645833333333332
13 0.55 0.5419270833333333 0.08 0.025520833333333333
13 0.6791666666666667 0.5450520833333333 0.09333333333333334 0.0203125
13 0.505 0.32421875 0.49 0.03177083333333333
13 0.17125 0.3763020833333333 0.12416666666666666 0.025520833333333333
13 0.17125 0.44817708333333334 0.13083333333333333 0.028645833333333332
13 0.2 0.6065104166666667 0.315 0.0265625
13 0.5058333333333334 0.6690104166666667 0.07333333333333333 0.028645833333333332
13 0.3779166666666667 0.9190104166666667 0.11583333333333333 0.0140625
13 0.8704166666666666 0.9190104166666667 0.1075 0.0203125
6 0.06208333333333333 0.38984375 0.0525 0.033854166666666664
6 0.06375 0.46015625 0.0425 0.0296875
6 0.06291666666666666 0.5440104166666667 0.050833333333333335 0.0296875
6 0.4975 0.1078125 0.10333333333333333 0.05
6 0.12708333333333333 0.8919270833333334 0.060833333333333336 0.03177083333333333
6 0.62375 0.89140625 0.05416666666666667 0.0265625
5 0.95125 0.05703125 0.04583333333333333 0.028645833333333332
12 0.9408333333333333 0.38619791666666664 0.07166666666666667 0.0265625
12 0.9325 0.54921875 0.10333333333333333 0.028645833333333332