13 0.36796875 0.4390625 0.190625 0.02578125
13 0.4171875 0.4859375 0.29453125 0.02890625
13 0.55 0.5421875 0.0796875 0.02578125
13 0.67890625 0.5453125 0.09296875 0.0203125
13 0.5046875 0.32421875 0.48984375 0.03203125
13 0.17109375 0.3765625 0.12421875 0.02578125
13 0.17109375 0.4484375 0.13046875 0.02890625
13 0.2 0.60625 0.31484375 0.0265625
13 0.50546875 0.66875 0.0734375 0.02890625
13 0.378125 0.91875 0.115625 0.0140625
13 0.8703125 0.91875 0.1078125 0.0203125
6 0.06171875 0.38984375 0.05234375 0.03359375
6 0.0640625 0.46015625 0.0421875 0.0296875
6 0.06328125 0.54375 0.05078125 0.0296875
6 0.49765625 0.1078125 0.103125 0.05
6 0.12734375 0.8921875 0.0609375 0.03203125
6 0.6234375 0.89140625 0.05390625 0.0265625
5 0.9515625 0.05703125 0.04609375 0.02890625
12 0.940625 0.3859375 0.071875 0.0265625
12 0.9328125 0.54921875 0.103125 0.02890625