13 0.1625 0.061197916666666664 0.06833333333333333 0.033854166666666664
13 0.5095833333333334 0.11744791666666667 0.19916666666666666 0.05677083333333333
13 0.21791666666666668 0.16666666666666666 0.2475 0.04791666666666667
13 0.14291666666666666 0.22057291666666667 0.11416666666666667 0.04635416666666667
13 0.9170833333333334 0.18072916666666666 0.15916666666666668 0.05520833333333333
13 0.09458333333333334 0.8513020833333333 0.15416666666666667 0.08177083333333333
13 0.8191666666666667 0.84296875 0.345 0.08385416666666666
5 0.06 0.05703125 0.06833333333333333 0.0390625
5 0.87625 0.059895833333333336 0.07083333333333333 0.0375
5 0.9541666666666667 0.0625 0.04 0.042708333333333334
5 0.05125 0.1171875 0.04583333333333333 0.035416666666666666
5 0.9379166666666666 0.11770833333333333 0.08583333333333333 0.042708333333333334
5 0.04541666666666667 0.17526041666666667 0.08583333333333333 0.0515625