5 0.06 0.059375 0.09333333333333334 0.06666666666666667
13 0.23375 0.059375 0.24083333333333334 0.028125
13 0.8779166666666667 0.059375 0.2175 0.05
13 0.5 0.10911458333333333 1 0.022395833333333334
13 0.5 0.13151041666666666 1 0.022395833333333334
13 0.45375 0.17291666666666666 0.0475 0.019791666666666666
13 0.54375 0.17291666666666666 0.0525 0.019791666666666666
6 0.5 0.38359375 0.9666666666666667 0.3567708333333333
13 0.41625 0.23880208333333333 0.7458333333333333 0.033854166666666664
13 0.16125 0.2677083333333333 0.23583333333333334 0.019791666666666666
13 0.09125 0.2875 0.09583333333333334 0.019791666666666666
9 0.09333333333333334 0.3078125 0.1 0.010416666666666666
13 0.18125 0.30807291666666664 0.07583333333333334 0.021354166666666667
13 0.8404166666666667 0.49322916666666666 0.20583333333333334 0.019791666666666666
13 0.8558333333333333 0.5200520833333333 0.07 0.033854166666666664
13 0.9204166666666667 0.5239583333333333 0.04583333333333333 0.019791666666666666
6 0.5 0.7549479166666667 0.9666666666666667 0.3567708333333333
13 0.34833333333333333 0.61015625 0.61 0.033854166666666664
13 0.16125 0.6390625 0.23583333333333334 0.019791666666666666
13 0.09125 0.6588541666666666 0.09583333333333334 0.019791666666666666
9 0.09333333333333334 0.6791666666666667 0.1 0.010416666666666666
13 0.18125 0.6794270833333333 0.07583333333333334 0.021354166666666667
13 0.8404166666666667 0.8645833333333334 0.20583333333333334 0.019791666666666666
13 0.8558333333333333 0.89140625 0.07 0.033854166666666664
13 0.9204166666666667 0.8953125 0.04583333333333333 0.019791666666666666
6 0.5 0.9739583333333334 0.9666666666666667 0.052083333333333336