5 0.06015625 0.059375 0.09296875 0.06640625
13 0.23359375 0.059375 0.240625 0.028125
13 0.878125 0.059375 0.2171875 0.05
13 0.5 0.109375 1 0.02265625
13 0.5 0.13125 1 0.02265625
13 0.45390625 0.17265625 0.04765625 0.01953125
13 0.54375 0.17265625 0.05234375 0.01953125
6 0.5 0.38359375 0.96640625 0.35703125
13 0.41640625 0.2390625 0.74609375 0.03359375
13 0.1609375 0.26796875 0.2359375 0.01953125
13 0.09140625 0.2875 0.09609375 0.01953125
9 0.09296875 0.3078125 0.1 0.01015625
13 0.18125 0.3078125 0.07578125 0.02109375
13 0.840625 0.49296875 0.20546875 0.01953125
13 0.85546875 0.5203125 0.0703125 0.03359375
13 0.9203125 0.52421875 0.04609375 0.01953125
6 0.5 0.7546875 0.96640625 0.35703125
13 0.3484375 0.61015625 0.61015625 0.03359375
13 0.1609375 0.6390625 0.2359375 0.01953125
13 0.09140625 0.65859375 0.09609375 0.01953125
9 0.09296875 0.67890625 0.1 0.01015625
13 0.18125 0.6796875 0.07578125 0.02109375
13 0.840625 0.86484375 0.20546875 0.01953125
13 0.85546875 0.89140625 0.0703125 0.03359375
13 0.9203125 0.8953125 0.04609375 0.01953125
6 0.49921875 0.9734375 0.9671875 0.053125