3 0.35078125 0.06328125 0.62109375 0.0515625
13 0.19765625 0.13046875 0.20234375 0.040625
13 0.6609375 0.134375 0.25625 0.0625
13 0.2375 0.2234375 0.1671875 0.04453125
13 0.2515625 0.3453125 0.25390625 0.05703125
13 0.23359375 0.4671875 0.1875 0.05546875
13 0.259375 0.5859375 0.21640625 0.053125
13 0.2359375 0.68984375 0.2140625 0.040625
13 0.23515625 0.81015625 0.1796875 0.05
13 0.24453125 0.9265625 0.21640625 0.03203125
13 0.69296875 0.22890625 0.25859375 0.0875
13 0.71640625 0.3578125 0.2421875 0.053125
13 0.790625 0.459375 0.21875 0.06796875
13 0.62109375 0.5796875 0.3421875 0.0625
13 0.67578125 0.709375 0.29609375 0.08046875
13 0.68359375 0.809375 0.2625 0.09765625
13 0.6484375 0.9125 0.3046875 0.08203125
13 0.93125 0.6078125 0.125 0.49140625
13 0.07109375 0.234375 0.0453125 0.04453125
13 0.07265625 0.34375 0.1 0.04296875
13 0.04921875 0.46171875 0.05390625 0.065625
13 0.0515625 0.575 0.0625 0.0390625
13 0.059375 0.690625 0.09609375 0.04609375
13 0.075 0.815625 0.12265625 0.04609375
13 0.0578125 0.921875 0.0625 0.04453125
5 0.90859375 0.0640625 0.0796875 0.05