6 0.06015625 0.0546875 0.1203125 0.0375
6 0.115625 0.05546875 0.00078125 0.00078125
13 0.2890625 0.0546875 0.33359375 0.02578125
13 0.25 0.10546875 0.5 0.04140625
13 0.75 0.10546875 0.5 0.04140625
13 0.5 0.14609375 0.96640625 0.01953125
6 0.08671875 0.22109375 0.0796875 0.05
13 0.48671875 0.2203125 0.69296875 0.02265625
13 0.88671875 0.22109375 0.10703125 0.025
6 0.08671875 0.30859375 0.0796875 0.05
13 0.48671875 0.3078125 0.69296875 0.02265625
13 0.88671875 0.30859375 0.10703125 0.025
6 0.08671875 0.39609375 0.0796875 0.05
13 0.48671875 0.3953125 0.69296875 0.02265625
13 0.88671875 0.39609375 0.10703125 0.025
6 0.08671875 0.48359375 0.0796875 0.05
13 0.48671875 0.4828125 0.69296875 0.02265625
13 0.88671875 0.48359375 0.10703125 0.025
6 0.08671875 0.57109375 0.0796875 0.05
13 0.48671875 0.5703125 0.69296875 0.02265625
13 0.88671875 0.57109375 0.10703125 0.025
6 0.08671875 0.65859375 0.0796875 0.05
13 0.48671875 0.6578125 0.69296875 0.02265625
13 0.88671875 0.65859375 0.10703125 0.025
0 0.5 0.91640625 0.9734375 0.05