6 0.5 0.19296875 1 0.22890625
13 0.5 0.334375 0.58359375 0.03359375
13 0.5 0.38359375 0.88671875 0.04453125
13 0.27890625 0.54765625 0.440625 0.04296875
13 0.72109375 0.54765625 0.440625 0.04296875
13 0.240625 0.61171875 0.43203125 0.02109375
13 0.5859375 0.61171875 0.259375 0.025
13 0.8453125 0.61171875 0.259375 0.025
13 0.2328125 0.66171875 0.4234375 0.02734375
13 0.5859375 0.66171875 0.259375 0.02734375
13 0.8453125 0.66171875 0.259375 0.02421875
13 0.2328125 0.69921875 0.4234375 0.02734375
13 0.5859375 0.69921875 0.259375 0.02734375
13 0.8453125 0.69921875 0.259375 0.02421875
13 0.2328125 0.73671875 0.4234375 0.02734375
13 0.5859375 0.73671875 0.259375 0.02734375
13 0.8453125 0.73671875 0.259375 0.02421875
13 0.2328125 0.77421875 0.4234375 0.02734375
13 0.5859375 0.77421875 0.259375 0.02734375
13 0.8453125 0.77421875 0.259375 0.02421875
13 0.2328125 0.81171875 0.4234375 0.02734375
13 0.5859375 0.81171875 0.259375 0.02734375
13 0.8453125 0.81171875 0.259375 0.02421875
13 0.2328125 0.84921875 0.4234375 0.02734375
13 0.5859375 0.84921875 0.259375 0.02734375
13 0.8453125 0.84921875 0.259375 0.02421875
13 0.2328125 0.88671875 0.4234375 0.02734375
13 0.5859375 0.88671875 0.259375 0.02734375
13 0.8453125 0.88671875 0.259375 0.02421875
13 0.2328125 0.92421875 0.4234375 0.02734375
13 0.5859375 0.92421875 0.259375 0.02734375
13 0.8453125 0.92421875 0.259375 0.02421875
13 0.2328125 0.96171875 0.4234375 0.02734375
13 0.5859375 0.96171875 0.259375 0.02734375
13 0.8453125 0.96171875 0.259375 0.02421875
6 0.03984375 0.05078125 0.0796875 0.05
6 0.11328125 0.05078125 0.06640625 0.05