6 0.5 0.19270833333333334 1 0.22916666666666666
13 0.5 0.334375 0.5833333333333334 0.03333333333333333
13 0.5 0.38385416666666666 0.8866666666666667 0.04479166666666667
13 0.27875 0.5473958333333333 0.44083333333333335 0.042708333333333334
13 0.72125 0.5473958333333333 0.44083333333333335 0.042708333333333334
13 0.24083333333333334 0.6114583333333333 0.43166666666666664 0.020833333333333332
13 0.58625 0.6114583333333333 0.25916666666666666 0.025
13 0.8454166666666667 0.6114583333333333 0.25916666666666666 0.025
13 0.2325 0.6614583333333334 0.42333333333333334 0.027083333333333334
13 0.58625 0.6614583333333334 0.25916666666666666 0.027083333333333334
13 0.8454166666666667 0.6614583333333334 0.25916666666666666 0.023958333333333335
13 0.2325 0.6989583333333333 0.42333333333333334 0.027083333333333334
13 0.58625 0.6989583333333333 0.25916666666666666 0.027083333333333334
13 0.8454166666666667 0.6989583333333333 0.25916666666666666 0.023958333333333335
13 0.2325 0.7364583333333333 0.42333333333333334 0.027083333333333334
13 0.58625 0.7364583333333333 0.25916666666666666 0.027083333333333334
13 0.8454166666666667 0.7364583333333333 0.25916666666666666 0.023958333333333335
13 0.2325 0.7739583333333333 0.42333333333333334 0.027083333333333334
13 0.58625 0.7739583333333333 0.25916666666666666 0.027083333333333334
13 0.8454166666666667 0.7739583333333333 0.25916666666666666 0.023958333333333335
13 0.2325 0.8114583333333333 0.42333333333333334 0.027083333333333334
13 0.58625 0.8114583333333333 0.25916666666666666 0.027083333333333334
13 0.8454166666666667 0.8114583333333333 0.25916666666666666 0.023958333333333335
13 0.2325 0.8489583333333334 0.42333333333333334 0.027083333333333334
13 0.58625 0.8489583333333334 0.25916666666666666 0.027083333333333334
13 0.8454166666666667 0.8489583333333334 0.25916666666666666 0.023958333333333335
13 0.2325 0.8864583333333333 0.42333333333333334 0.027083333333333334
13 0.58625 0.8864583333333333 0.25916666666666666 0.027083333333333334
13 0.8454166666666667 0.8864583333333333 0.25916666666666666 0.023958333333333335
13 0.2325 0.9239583333333333 0.42333333333333334 0.027083333333333334
13 0.58625 0.9239583333333333 0.25916666666666666 0.027083333333333334
13 0.8454166666666667 0.9239583333333333 0.25916666666666666 0.023958333333333335
13 0.2325 0.9614583333333333 0.42333333333333334 0.027083333333333334
13 0.58625 0.9614583333333333 0.25916666666666666 0.027083333333333334
13 0.8454166666666667 0.9614583333333333 0.25916666666666666 0.023958333333333335
6 0.04 0.051041666666666666 0.08 0.05
6 0.11333333333333333 0.051041666666666666 0.06666666666666667 0.05