6 0.5 0.24427083333333333 0.55 0.10416666666666667
3 0.5 0.34348958333333335 0.5 0.0359375
3 0.5 0.38776041666666666 0.5 0.0359375
1 0.5 0.4265625 0.195 0.020833333333333332
13 0.5 0.45859375 0.22166666666666668 0.0328125
13 0.5 0.49140625 0.20333333333333334 0.0328125
0 0.5 0.5385416666666667 0.6 0.04479166666666667
13 0.4995833333333333 0.6192708333333333 0.10416666666666667 0.019791666666666666
13 0.315 0.6604166666666667 0.11 0.030208333333333334
13 0.3854166666666667 0.6604166666666667 0.024166666666666666 0.030208333333333334
13 0.49875 0.6604166666666667 0.19583333333333333 0.030208333333333334
13 0.6120833333333333 0.6604166666666667 0.024166666666666666 0.030208333333333334
13 0.6716666666666666 0.6604166666666667 0.08833333333333333 0.030208333333333334
13 0.4995833333333333 0.690625 0.17916666666666667 0.030208333333333334
13 0.5 0.7192708333333333 0.5 0.025
6 0.5 0.765625 0.6166666666666667 0.046875