6 0.5 0.24453125 0.55 0.10390625
3 0.5 0.34375 0.5 0.0359375
3 0.5 0.3875 0.5 0.0359375
1 0.5 0.4265625 0.1953125 0.02109375
13 0.5 0.45859375 0.221875 0.0328125
13 0.5 0.49140625 0.203125 0.0328125
0 0.5 0.53828125 0.6 0.04453125
13 0.49921875 0.61953125 0.10390625 0.01953125
13 0.31484375 0.66015625 0.11015625 0.03046875
13 0.38515625 0.66015625 0.02421875 0.03046875
13 0.4984375 0.66015625 0.19609375 0.03046875
13 0.61171875 0.66015625 0.02421875 0.03046875
13 0.671875 0.66015625 0.08828125 0.03046875
13 0.49921875 0.690625 0.17890625 0.03046875
13 0.5 0.71953125 0.5 0.025
6 0.5 0.765625 0.61640625 0.046875