13 0.18125 0.06484375 0.305 0.040625
13 0.155625 0.108984375 0.15625 0.03203125
13 0.518125 0.116796875 0.23875 0.04453125
13 0.81875 0.114453125 0.1225 0.01953125
13 0.300625 0.21015625 0.31625 0.05
13 0.22875 0.284375 0.185 0.0375
13 0.249375 0.371875 0.23625 0.0640625
13 0.255625 0.44140625 0.23125 0.0359375
13 0.27875 0.515234375 0.245 0.05859375
13 0.299375 0.5890625 0.31375 0.053125
13 0.261875 0.66171875 0.25125 0.0484375
13 0.269375 0.741796875 0.25875 0.03359375
13 0.23375 0.79296875 0.41 0.0515625
13 0.3725 0.9078125 0.6925 0.0890625
5 0.933125 0.902734375 0.12875 0.08203125
6 0.07125 0.20546875 0.12 0.065625
6 0.07 0.290234375 0.1225 0.06796875
6 0.0725 0.366796875 0.1225 0.07109375
6 0.073125 0.442578125 0.13375 0.05546875
6 0.07 0.512890625 0.1225 0.06015625
6 0.070625 0.587109375 0.11375 0.06953125
6 0.070625 0.66171875 0.12875 0.0625
6 0.08 0.74453125 0.08 0.0640625
5 0.7975 0.05859375 0.0625 0.025
5 0.88625 0.05390625 0.0575 0.040625
5 0.945 0.05625 0.06 0.040625