5 0.06 0.059375 0.09333333333333334 0.06666666666666667
13 0.17833333333333334 0.059375 0.09 0.028125
13 0.8666666666666667 0.059375 0.08 0.05
13 0.9466666666666667 0.059375 0.08 0.05
13 0.16625 0.11171875 0.1175 0.022395833333333334
13 0.4995833333333333 0.11171875 0.09416666666666666 0.022395833333333334
13 0.8329166666666666 0.11171875 0.10083333333333333 0.022395833333333334
6 0.17958333333333334 0.22447916666666667 0.13916666666666666 0.15520833333333334
13 0.27666666666666667 0.2875 0.11666666666666667 0.029166666666666667
13 0.18 0.32109375 0.12833333333333333 0.022395833333333334
6 0.5 0.22421875 0.31 0.10885416666666667
13 0.5966666666666667 0.2875 0.11666666666666667 0.029166666666666667
13 0.4995833333333333 0.32109375 0.14583333333333334 0.022395833333333334
6 0.82 0.22421875 0.31 0.10885416666666667
13 0.9166666666666666 0.2875 0.11666666666666667 0.029166666666666667
13 0.8195833333333333 0.32109375 0.21083333333333334 0.022395833333333334
6 0.17958333333333334 0.4328125 0.13916666666666666 0.15520833333333334
13 0.27666666666666667 0.49583333333333335 0.11666666666666667 0.029166666666666667
13 0.18 0.5294270833333333 0.15166666666666667 0.022395833333333334
6 0.4995833333333333 0.4328125 0.13916666666666666 0.15520833333333334
13 0.5966666666666667 0.49583333333333335 0.11666666666666667 0.029166666666666667
13 0.4995833333333333 0.5294270833333333 0.08083333333333333 0.022395833333333334
6 0.82 0.43255208333333334 0.31 0.10885416666666667
13 0.9166666666666666 0.49583333333333335 0.11666666666666667 0.029166666666666667
13 0.8195833333333333 0.5294270833333333 0.030833333333333334 0.022395833333333334
5 0.9 0.88125 0.13333333333333333 0.09583333333333334