12 0.0390625 0.11796875 0.078125 0.028125
11 0.22265625 0.11796875 0.28828125 0.05
2 0.11640625 0.11796875 0.07578125 0.05
10 0.5 0.15703125 1 0.02890625
10 0.05703125 0.53828125 0.11328125 0.73359375
13 0.05625 0.9140625 0.05078125 0.0171875
13 0.05703125 0.93125 0.06171875 0.0171875
10 0.1703125 0.53828125 0.11328125 0.73359375
13 0.16953125 0.9140625 0.05078125 0.0171875
13 0.16953125 0.93125 0.05546875 0.0171875
10 0.28359375 0.53828125 0.11328125 0.73359375
13 0.28359375 0.9140625 0.06171875 0.0171875
13 0.2828125 0.93125 0.05546875 0.0171875
10 0.396875 0.53828125 0.11328125 0.73359375
13 0.396875 0.9140625 0.06171875 0.0171875
13 0.39609375 0.93125 0.05546875 0.0171875
10 0.51015625 0.53828125 0.11328125 0.73359375
13 0.51015625 0.9140625 0.06171875 0.0171875
13 0.509375 0.93125 0.05546875 0.0171875
10 0.6234375 0.53828125 0.11328125 0.73359375
13 0.6234375 0.9140625 0.05 0.0171875
13 0.62265625 0.93125 0.05546875 0.0171875
10 0.73671875 0.53828125 0.11328125 0.73359375
13 0.73671875 0.9140625 0.05 0.0171875
13 0.7359375 0.93125 0.05546875 0.0171875
10 0.85 0.53828125 0.11328125 0.73359375
13 0.85 0.9140625 0.05 0.0171875
13 0.84921875 0.93125 0.05546875 0.0171875
10 0.953125 0.53828125 0.09296875 0.73359375
13 0.96328125 0.9140625 0.05 0.0171875
13 0.96328125 0.93125 0.05546875 0.0171875
5 0.06015625 0.059375 0.09296875 0.06640625
13 0.20234375 0.059375 0.13828125 0.028125