13 0.13203125 0.059375 0.2109375 0.028125
6 0.5 0.259375 1 0.33359375
13 0.13515625 0.46484375 0.2171875 0.01953125
6 0.2578125 0.64609375 0.45859375 0.28671875
6 0.7375 0.64609375 0.45859375 0.28671875
6 0.99296875 0.64609375 0.01328125 0.28671875
13 0.13828125 0.828125 0.22265625 0.01953125
0 0.8890625 0.828125 0.15234375 0.04140625
13 0.96640625 0.82734375 0.0140625 0.02265625
6 0.25703125 0.9328125 0.4578125 0.134375
6 0.73671875 0.9328125 0.4578125 0.134375
6 0.9921875 0.9328125 0.0125 0.134375
6 0.5 0.8828125 1 0.00078125
6 0.125 0.909375 0.04140625 0.02578125
13 0.125 0.9296875 0.103125 0.01484375
6 0.375 0.909375 0.04140625 0.02578125
13 0.37421875 0.9296875 0.04921875 0.01484375
6 0.625 0.909375 0.04140625 0.02578125
13 0.62421875 0.9296875 0.10546875 0.01484375
6 0.875 0.909375 0.04140625 0.02578125
13 0.875 0.9296875 0.06015625 0.01484375