13 0.13208333333333333 0.059375 0.21083333333333334 0.028125
6 0.5 0.259375 1 0.3333333333333333
13 0.13541666666666666 0.46458333333333335 0.2175 0.019791666666666666
6 0.2575 0.6463541666666667 0.4583333333333333 0.2864583333333333
6 0.7375 0.6463541666666667 0.4583333333333333 0.2864583333333333
6 0.9933333333333333 0.6463541666666667 0.013333333333333334 0.2864583333333333
13 0.13791666666666666 0.828125 0.2225 0.019791666666666666
0 0.88875 0.828125 0.1525 0.041666666666666664
13 0.96625 0.82734375 0.014166666666666666 0.022395833333333334
6 0.2575 0.9333333333333333 0.4583333333333333 0.13333333333333333
6 0.7375 0.9333333333333333 0.4583333333333333 0.13333333333333333
6 0.9933333333333333 0.9333333333333333 0.013333333333333334 0.13333333333333333
6 0.5 0.8828125 1 0.0010416666666666667
6 0.125 0.909375 0.041666666666666664 0.026041666666666668
13 0.125 0.9296875 0.10333333333333333 0.014583333333333334
6 0.375 0.909375 0.041666666666666664 0.026041666666666668
13 0.3745833333333333 0.9296875 0.049166666666666664 0.014583333333333334
6 0.625 0.909375 0.041666666666666664 0.026041666666666668
13 0.6245833333333334 0.9296875 0.10583333333333333 0.014583333333333334
6 0.875 0.909375 0.041666666666666664 0.026041666666666668
13 0.875 0.9296875 0.06 0.014583333333333334