5 0.06015625 0.059375 0.09296875 0.05859375
13 0.15859375 0.059375 0.08984375 0.028125
13 0.946875 0.059375 0.0796875 0.05
13 0.09765625 0.1203125 0.12890625 0.02265625
0 0.253125 0.16953125 0.49296875 0.06640625
0 0.746875 0.16953125 0.49296875 0.06640625
13 0.096875 0.23125 0.12734375 0.02265625
13 0.2328125 0.2328125 0.10390625 0.0171875
0 0.253125 0.28046875 0.49296875 0.06640625
0 0.746875 0.28046875 0.49296875 0.06640625
0 0.253125 0.35078125 0.49296875 0.06640625
0 0.746875 0.35078125 0.49296875 0.06640625
13 0.17734375 0.634375 0.3015625 0.02265625
0 0.9171875 0.634375 0.15234375 0.05
6 0.16875 0.7609375 0.32421875 0.203125
6 0.49921875 0.7609375 0.32421875 0.203125
6 0.83046875 0.7609375 0.325 0.203125
6 0.5 0.9125 0.33359375 0.04140625