13 0.5 0.04921875 1 0.046875
6 0.02890625 0.0484375 0.0578125 0.046875
6 0.96640625 0.04921875 0.06640625 0.046875
13 0.125 0.1171875 0.25 0.046875
13 0.375 0.1171875 0.25 0.046875
13 0.625 0.1171875 0.25 0.046875
13 0.875 0.1171875 0.25 0.046875
13 0.5 0.1703125 0.96640625 0.03046875
13 0.5 0.20859375 0.96640625 0.025
8 0.5 0.24765625 0.96640625 0.03359375
8 0.5 0.29140625 0.96640625 0.03359375
8 0.5 0.33515625 0.96640625 0.03359375
8 0.5 0.37890625 0.96640625 0.03359375
13 0.5 0.42734375 0.16640625 0.04140625