13 0.5 0.049479166666666664 1 0.046875
6 0.029166666666666667 0.049479166666666664 0.058333333333333334 0.046875
6 0.9666666666666667 0.049479166666666664 0.06666666666666667 0.046875
13 0.125 0.1171875 0.25 0.046875
13 0.375 0.1171875 0.25 0.046875
13 0.625 0.1171875 0.25 0.046875
13 0.875 0.1171875 0.25 0.046875
13 0.5 0.1703125 0.9666666666666667 0.030208333333333334
13 0.5 0.20833333333333334 0.9666666666666667 0.025
8 0.5 0.24791666666666667 0.9666666666666667 0.03333333333333333
8 0.5 0.2916666666666667 0.9666666666666667 0.03333333333333333
8 0.5 0.33541666666666664 0.9666666666666667 0.03333333333333333
8 0.5 0.37916666666666665 0.9666666666666667 0.03333333333333333
13 0.5 0.4270833333333333 0.16666666666666666 0.041666666666666664