5 0.06 0.059375 0.09333333333333334 0.06666666666666667
13 0.5133333333333333 0.059375 0.76 0.06666666666666667
13 0.9466666666666667 0.059375 0.08 0.05
13 0.48 0.12083333333333333 0.9366666666666666 0.05625
6 0.9058333333333334 0.12083333333333333 0.075 0.046875
13 0.48 0.17708333333333334 0.9366666666666666 0.05625
6 0.9058333333333334 0.17708333333333334 0.075 0.046875
13 0.48 0.23333333333333334 0.9366666666666666 0.05625
6 0.9058333333333334 0.23333333333333334 0.075 0.046875
13 0.48 0.28958333333333336 0.9366666666666666 0.05625
6 0.9058333333333334 0.28958333333333336 0.075 0.046875
13 0.48 0.3458333333333333 0.9366666666666666 0.05625
6 0.9058333333333334 0.3458333333333333 0.075 0.046875
13 0.48 0.40208333333333335 0.9366666666666666 0.05625
6 0.9058333333333334 0.40208333333333335 0.075 0.046875
13 0.48 0.4583333333333333 0.9366666666666666 0.05625
6 0.9058333333333334 0.4583333333333333 0.075 0.046875
13 0.48 0.5145833333333333 0.9366666666666666 0.05625
6 0.9058333333333334 0.5145833333333333 0.075 0.046875
13 0.48 0.5708333333333333 0.9366666666666666 0.05625
6 0.9058333333333334 0.5708333333333333 0.075 0.046875
13 0.48 0.6270833333333333 0.9366666666666666 0.05625
6 0.9058333333333334 0.6270833333333333 0.075 0.046875
13 0.48 0.6833333333333333 0.9366666666666666 0.05625
6 0.9058333333333334 0.6833333333333333 0.075 0.046875
13 0.48 0.7395833333333334 0.9366666666666666 0.05625
6 0.9058333333333334 0.7395833333333334 0.075 0.046875
13 0.48 0.7958333333333333 0.9366666666666666 0.05625
6 0.9058333333333334 0.7958333333333333 0.075 0.046875
13 0.48 0.8520833333333333 0.9366666666666666 0.05625
6 0.9058333333333334 0.8520833333333333 0.075 0.046875
13 0.48 0.9083333333333333 0.9366666666666666 0.05625
6 0.9058333333333334 0.9083333333333333 0.075 0.046875