5 0.06015625 0.059375 0.09296875 0.06640625
13 0.51328125 0.059375 0.76015625 0.06640625
13 0.946875 0.059375 0.0796875 0.05
13 0.4796875 0.12109375 0.93671875 0.05625
6 0.90546875 0.12109375 0.075 0.046875
13 0.4796875 0.17734375 0.93671875 0.05625
6 0.90546875 0.17734375 0.075 0.046875
13 0.4796875 0.23359375 0.93671875 0.05625
6 0.90546875 0.23359375 0.075 0.046875
13 0.4796875 0.28984375 0.93671875 0.05625
6 0.90546875 0.28984375 0.075 0.046875
13 0.4796875 0.34609375 0.93671875 0.05625
6 0.90546875 0.34609375 0.075 0.046875
13 0.4796875 0.40234375 0.93671875 0.05625
6 0.90546875 0.40234375 0.075 0.046875
13 0.4796875 0.45859375 0.93671875 0.05625
6 0.90546875 0.45859375 0.075 0.046875
13 0.4796875 0.51484375 0.93671875 0.05625
6 0.90546875 0.51484375 0.075 0.046875
13 0.4796875 0.57109375 0.93671875 0.05625
6 0.90546875 0.57109375 0.075 0.046875
13 0.4796875 0.62734375 0.93671875 0.05625
6 0.90546875 0.62734375 0.075 0.046875
13 0.4796875 0.68359375 0.93671875 0.05625
6 0.90546875 0.68359375 0.075 0.046875
13 0.4796875 0.73984375 0.93671875 0.05625
6 0.90546875 0.73984375 0.075 0.046875
13 0.4796875 0.79609375 0.93671875 0.05625
6 0.90546875 0.79609375 0.075 0.046875
13 0.4796875 0.85234375 0.93671875 0.05625
6 0.90546875 0.85234375 0.075 0.046875
13 0.4796875 0.90859375 0.93671875 0.05625
6 0.90546875 0.90859375 0.075 0.046875