13 0.211875 0.048828125 0.11125 0.03046875
13 0.52875 0.040234375 0.105 0.03359375
13 0.8225 0.0453125 0.02 0.0484375
13 0.54875 0.178125 0.305 0.1140625
13 0.325625 0.391796875 0.36125 0.04296875
13 0.225625 0.442578125 0.13125 0.03359375
13 0.24875 0.524609375 0.225 0.04453125
13 0.24875 0.58203125 0.185 0.0390625
13 0.30375 0.66015625 0.3225 0.053125
13 0.225 0.718359375 0.125 0.01953125
6 0.098125 0.19765625 0.19625 0.125
6 0.065 0.045703125 0.085 0.05546875
6 0.37625 0.0359375 0.125 0.0640625
6 0.68625 0.052734375 0.045 0.05546875
6 0.79625 0.4125 0.14 0.0765625
6 0.789375 0.548828125 0.13125 0.08203125
6 0.7925 0.68671875 0.16 0.0765625
6 0.240625 0.8171875 0.17375 0.1
6 0.501875 0.82421875 0.19375 0.1171875
6 0.749375 0.830078125 0.17625 0.09609375