6 0.03828125 0.05234375 0.04296875 0.05234375
13 0.5 0.05234375 0.2453125 0.05234375
13 0.25 0.1046875 0.5 0.053125
13 0.75 0.1046875 0.5 0.053125
13 0.5 0.1890625 0.36484375 0.0328125
13 0.5 0.2296875 0.9 0.04765625
3 0.46171875 0.296875 0.8234375 0.034375
6 0.8828125 0.296875 0.0015625 0.025
6 0.91640625 0.296875 0.05 0.03125
3 0.46171875 0.36328125 0.8234375 0.034375
6 0.8828125 0.36328125 0.0015625 0.025
6 0.91640625 0.36328125 0.05 0.03125
3 0.46171875 0.43046875 0.8234375 0.034375
6 0.8828125 0.43046875 0.0015625 0.025
6 0.91640625 0.43046875 0.05 0.03125
13 0.5 0.49140625 0.703125 0.034375
0 0.49921875 0.55546875 0.265625 0.053125