6 0.03833333333333333 0.052083333333333336 0.043333333333333335 0.052083333333333336
13 0.5 0.052083333333333336 0.245 0.052083333333333336
13 0.25 0.1046875 0.5 0.053125
13 0.75 0.1046875 0.5 0.053125
13 0.5 0.18932291666666667 0.365 0.0328125
13 0.5 0.22942708333333334 0.9 0.04739583333333333
3 0.46166666666666667 0.296875 0.8233333333333334 0.034375
6 0.8825 0.296875 0.0016666666666666668 0.025
6 0.9166666666666666 0.296875 0.05 0.03125
3 0.46166666666666667 0.36354166666666665 0.8233333333333334 0.034375
6 0.8825 0.36354166666666665 0.0016666666666666668 0.025
6 0.9166666666666666 0.36354166666666665 0.05 0.03125
3 0.46166666666666667 0.43020833333333336 0.8233333333333334 0.034375
6 0.8825 0.43020833333333336 0.0016666666666666668 0.025
6 0.9166666666666666 0.43020833333333336 0.05 0.03125
13 0.5 0.49114583333333334 0.7033333333333334 0.034375
0 0.4995833333333333 0.5557291666666667 0.2658333333333333 0.053125