13 0.4484375 0.0484375 0.32265625 0.03046875
13 0.50859375 0.090625 0.63515625 0.01796875
13 0.4953125 0.19375 0.9859375 0.18671875
5 0.04375 0.05 0.06015625 0.028125
5 0.8328125 0.0515625 0.03984375 0.053125
5 0.9015625 0.05234375 0.0421875 0.0515625
5 0.96484375 0.05 0.06015625 0.04296875
5 0.03125 0.921875 0.0453125 0.04453125
5 0.09296875 0.9171875 0.0484375 0.06953125
5 0.15703125 0.92265625 0.0734375 0.05
5 0.23515625 0.91875 0.07734375 0.04609375
5 0.7734375 0.92890625 0.06015625 0.0375
5 0.8515625 0.92109375 0.06875 0.0359375
5 0.9109375 0.91953125 0.03125 0.0375
5 0.9640625 0.921875 0.0484375 0.03359375