13 0.44875 0.048828125 0.3225 0.03046875
13 0.50875 0.091015625 0.635 0.01796875
13 0.495625 0.193359375 0.98625 0.18671875
5 0.04375 0.05 0.06 0.028125
5 0.8325 0.0515625 0.04 0.053125
5 0.90125 0.05234375 0.0425 0.0515625
5 0.965 0.049609375 0.06 0.04296875
5 0.03125 0.921484375 0.045 0.04453125
5 0.093125 0.917578125 0.04875 0.06953125
5 0.156875 0.92265625 0.07375 0.05
5 0.235 0.918359375 0.0775 0.04609375
5 0.77375 0.92890625 0.06 0.0375
5 0.851875 0.92109375 0.06875 0.0359375
5 0.910625 0.91953125 0.03125 0.0375
5 0.964375 0.921484375 0.04875 0.03359375