6 0.01 0.05520833333333333 0.02 0.0125
6 0.05416666666666667 0.05520833333333333 0.08 0.05
13 0.14833333333333334 0.054947916666666666 0.095 0.025520833333333333
6 0.84 0.05520833333333333 0.10666666666666667 0.058333333333333334
5 0.9466666666666667 0.05520833333333333 0.10666666666666667 0.058333333333333334
13 0.24958333333333332 0.11328125 0.11916666666666667 0.0171875
13 0.7504166666666666 0.11328125 0.17083333333333334 0.0171875
6 0.16208333333333333 0.27291666666666664 0.32083333333333336 0.25
13 0.16208333333333333 0.41067708333333336 0.31083333333333335 0.025520833333333333
6 0.4995833333333333 0.27291666666666664 0.32083333333333336 0.25
13 0.4995833333333333 0.41067708333333336 0.31083333333333335 0.025520833333333333
6 0.8370833333333333 0.27291666666666664 0.32083333333333336 0.25
13 0.8370833333333333 0.41067708333333336 0.31083333333333335 0.025520833333333333
6 0.16208333333333333 0.5916666666666667 0.32083333333333336 0.25
13 0.16208333333333333 0.7403645833333333 0.31083333333333335 0.04739583333333333
6 0.4995833333333333 0.5916666666666667 0.32083333333333336 0.25
13 0.4995833333333333 0.7294270833333333 0.31083333333333335 0.025520833333333333
6 0.8370833333333333 0.5916666666666667 0.32083333333333336 0.25
13 0.8370833333333333 0.7403645833333333 0.31083333333333335 0.04739583333333333
6 0.16208333333333333 0.8927083333333333 0.32083333333333336 0.21458333333333332
6 0.4995833333333333 0.8927083333333333 0.32083333333333336 0.21458333333333332
6 0.8370833333333333 0.8927083333333333 0.32083333333333336 0.21458333333333332