6 0.01015625 0.05546875 0.0203125 0.0125
6 0.05390625 0.05546875 0.0796875 0.05
13 0.1484375 0.0546875 0.0953125 0.02578125
6 0.83984375 0.05546875 0.10703125 0.05859375
5 0.94609375 0.0546875 0.1078125 0.059375
13 0.24921875 0.11328125 0.11953125 0.0171875
13 0.75078125 0.11328125 0.17109375 0.0171875
6 0.16171875 0.27265625 0.32109375 0.25
13 0.16171875 0.4109375 0.3109375 0.02578125
6 0.49921875 0.27265625 0.32109375 0.25
13 0.49921875 0.4109375 0.3109375 0.02578125
6 0.83671875 0.27265625 0.32109375 0.25
13 0.83671875 0.4109375 0.3109375 0.02578125
6 0.16171875 0.59140625 0.32109375 0.25
13 0.16171875 0.740625 0.3109375 0.04765625
6 0.49921875 0.59140625 0.32109375 0.25
13 0.49921875 0.7296875 0.3109375 0.02578125
6 0.83671875 0.59140625 0.32109375 0.25
13 0.83671875 0.740625 0.3109375 0.04765625
6 0.1609375 0.8921875 0.321875 0.215625
6 0.4984375 0.8921875 0.321875 0.215625
6 0.8359375 0.8921875 0.321875 0.215625