5 0.06 0.059375 0.09333333333333334 0.06666666666666667
13 0.24875 0.059375 0.23083333333333333 0.028125
13 0.9291666666666667 0.059375 0.115 0.05
13 0.13416666666666666 0.18072916666666666 0.215 0.028125
13 0.38208333333333333 0.2046875 0.7108333333333333 0.019791666666666666
3 0.5 0.24973958333333332 0.9466666666666667 0.0390625
13 0.15375 0.2916666666666667 0.25416666666666665 0.028125
13 0.39 0.315625 0.7266666666666667 0.019791666666666666
3 0.5 0.3763020833333333 0.9466666666666667 0.0390625
5 0.9333333333333333 0.3765625 0.08 0.05
3 0.5 0.44609375 0.9466666666666667 0.0390625
5 0.9333333333333333 0.44635416666666666 0.08 0.05
13 0.07541666666666667 0.5291666666666667 0.0975 0.028125
3 0.5 0.5783854166666667 0.9466666666666667 0.0390625
3 0.5 0.6330729166666667 0.9466666666666667 0.0390625
3 0.15166666666666667 0.6877604166666667 0.25 0.0390625
0 0.5 0.7661458333333333 0.8933333333333333 0.05