5 0.06015625 0.059375 0.09296875 0.06640625
13 0.2484375 0.059375 0.23046875 0.028125
13 0.92890625 0.059375 0.11484375 0.05
13 0.134375 0.18046875 0.21484375 0.028125
13 0.38203125 0.2046875 0.7109375 0.01953125
3 0.5 0.25 0.946875 0.0390625
13 0.15390625 0.29140625 0.25390625 0.028125
13 0.38984375 0.315625 0.7265625 0.01953125
3 0.5 0.3765625 0.946875 0.0390625
5 0.93359375 0.3765625 0.0796875 0.05
3 0.5 0.44609375 0.946875 0.0390625
5 0.93359375 0.44609375 0.0796875 0.05
13 0.07578125 0.52890625 0.09765625 0.028125
3 0.5 0.578125 0.946875 0.0390625
3 0.5 0.6328125 0.946875 0.0390625
3 0.1515625 0.6875 0.25 0.0390625
0 0.5 0.76640625 0.89296875 0.05