5 0.06 0.059375 0.09333333333333334 0.06666666666666667
6 0.8683333333333333 0.059375 0.1 0.05
6 0.9525 0.059375 0.06833333333333333 0.0375
3 0.25583333333333336 0.41458333333333336 0.2783333333333333 0.035416666666666666
3 0.625 0.41458333333333336 0.28 0.035416666666666666
3 0.25583333333333336 0.46458333333333335 0.2783333333333333 0.035416666666666666
3 0.625 0.46458333333333335 0.28 0.035416666666666666
3 0.25583333333333336 0.5145833333333333 0.2783333333333333 0.035416666666666666
3 0.625 0.5145833333333333 0.28 0.035416666666666666
3 0.25583333333333336 0.5645833333333333 0.2783333333333333 0.035416666666666666
3 0.625 0.5645833333333333 0.28 0.035416666666666666
0 0.32916666666666666 0.9927083333333333 0.45166666666666666 0.014583333333333334