13 0.3078125 0.209375 0.5703125 0.06015625
13 0.23359375 0.30625 0.46484375 0.0375
5 0.79765625 0.0625 0.0796875 0.04921875
11 0.5015625 0.484375 0.06875 0.0421875
13 0.3296875 0.065625 0.3984375 0.0421875
5 0.06953125 0.0609375 0.08125 0.03828125
5 0.9328125 0.0640625 0.0875 0.05390625
5 0.1015625 0.915625 0.08984375 0.04921875
5 0.30078125 0.91328125 0.0890625 0.053125
5 0.70234375 0.915625 0.0953125 0.05390625
5 0.9 0.915625 0.0953125 0.05390625
13 0.3453125 0.7421875 0.68515625 0.07109375
13 0.32578125 0.8421875 0.6109375 0.0390625