5 0.06 0.05520833333333333 0.09333333333333334 0.058333333333333334
13 0.22541666666666665 0.054947916666666666 0.18416666666666667 0.025520833333333333
6 0.8116666666666666 0.05520833333333333 0.05 0.03125
6 0.9158333333333334 0.05520833333333333 0.125 0.03125
6 0.3416666666666667 0.31536458333333334 0.6833333333333333 0.46197916666666666
6 0.125 0.5723958333333333 0.2 0.052083333333333336
6 0.6125 0.5802083333333333 0.775 0.046875
13 0.8329166666666666 0.2890625 0.12416666666666666 0.06979166666666667
13 0.8333333333333334 0.3338541666666667 0.11666666666666667 0.019791666666666666
13 0.8333333333333334 0.35104166666666664 0.08666666666666667 0.014583333333333334
13 0.7466666666666667 0.5403645833333334 0.12666666666666668 0.0171875
6 0.8333333333333334 0.540625 0.04 0.025
13 0.92 0.5403645833333334 0.12666666666666668 0.0171875
13 0.2633333333333333 0.5645833333333333 0.07666666666666666 0.014583333333333334
13 0.35208333333333336 0.5825520833333333 0.25416666666666665 0.022395833333333334
6 0.9633333333333334 0.57578125 0.07333333333333333 0.0359375
6 0.9558333333333333 0.109375 0.041666666666666664 0.03333333333333333
13 0.9833333333333333 0.1046875 0.013333333333333334 0.019791666666666666
13 0.10375 0.6119791666666666 0.04083333333333333 0.026041666666666668
6 0.10416666666666667 0.7182291666666667 0.19166666666666668 0.18645833333333334
13 0.10041666666666667 0.8114583333333333 0.10583333333333333 0.019791666666666666
13 0.10416666666666667 0.8341145833333333 0.04666666666666667 0.025520833333333333
13 0.10416666666666667 0.8596354166666667 0.04666666666666667 0.025520833333333333
13 0.10416666666666667 0.8809895833333333 0.04833333333333333 0.0171875
13 0.23541666666666666 0.6125 0.0525 0.014583333333333334
6 0.2704166666666667 0.6119791666666666 0.0175 0.023958333333333335
13 0.3258333333333333 0.6125 0.09333333333333334 0.014583333333333334
6 0.38125 0.6119791666666666 0.0175 0.023958333333333335
13 0.42125 0.6125 0.0625 0.014583333333333334
6 0.46166666666666667 0.6119791666666666 0.018333333333333333 0.023958333333333335
13 0.4925 0.6125 0.043333333333333335 0.014583333333333334
13 0.2425 0.63359375 0.06666666666666667 0.0171875
6 0.32416666666666666 0.6354166666666666 0.09666666666666666 0.020833333333333332
13 0.4058333333333333 0.63359375 0.06666666666666667 0.0171875
13 0.4766666666666667 0.63359375 0.075 0.0171875
13 0.2425 0.6544270833333333 0.06666666666666667 0.0171875
6 0.32416666666666666 0.65625 0.09666666666666666 0.020833333333333332
13 0.4058333333333333 0.6544270833333333 0.06666666666666667 0.0171875
13 0.4766666666666667 0.6544270833333333 0.075 0.0171875
13 0.2425 0.6752604166666667 0.06666666666666667 0.0171875
6 0.32416666666666666 0.6770833333333334 0.09666666666666666 0.020833333333333332
13 0.4058333333333333 0.6752604166666667 0.06666666666666667 0.0171875
13 0.4766666666666667 0.6752604166666667 0.075 0.0171875
13 0.2425 0.69609375 0.06666666666666667 0.0171875
6 0.32416666666666666 0.6979166666666666 0.09666666666666666 0.020833333333333332
13 0.4058333333333333 0.69609375 0.06666666666666667 0.0171875
13 0.4766666666666667 0.69609375 0.075 0.0171875
13 0.2425 0.7169270833333333 0.06666666666666667 0.0171875
6 0.32416666666666666 0.71875 0.09666666666666666 0.020833333333333332
13 0.4058333333333333 0.7169270833333333 0.06666666666666667 0.0171875
13 0.4766666666666667 0.7169270833333333 0.075 0.0171875
13 0.2425 0.7377604166666667 0.06666666666666667 0.0171875
6 0.32416666666666666 0.7395833333333334 0.09666666666666666 0.020833333333333332
13 0.4058333333333333 0.7377604166666667 0.06666666666666667 0.0171875
13 0.4766666666666667 0.7377604166666667 0.075 0.0171875
13 0.2425 0.75859375 0.06666666666666667 0.0171875
6 0.32416666666666666 0.7604166666666666 0.09666666666666666 0.020833333333333332
13 0.4058333333333333 0.75859375 0.06666666666666667 0.0171875
13 0.4766666666666667 0.75859375 0.075 0.0171875
13 0.2425 0.7794270833333333 0.06666666666666667 0.0171875
6 0.32416666666666666 0.78125 0.09666666666666666 0.020833333333333332
13 0.4058333333333333 0.7794270833333333 0.06666666666666667 0.0171875
13 0.4766666666666667 0.7794270833333333 0.075 0.0171875
13 0.2425 0.8002604166666667 0.06666666666666667 0.0171875
6 0.32416666666666666 0.8020833333333334 0.09666666666666666 0.020833333333333332
13 0.4058333333333333 0.8002604166666667 0.06666666666666667 0.0171875
13 0.4766666666666667 0.8002604166666667 0.075 0.0171875
13 0.2425 0.82109375 0.06666666666666667 0.0171875
6 0.32416666666666666 0.8229166666666666 0.09666666666666666 0.020833333333333332
13 0.4058333333333333 0.82109375 0.06666666666666667 0.0171875
13 0.4766666666666667 0.82109375 0.075 0.0171875
13 0.2425 0.8419270833333333 0.06666666666666667 0.0171875
6 0.32416666666666666 0.84375 0.09666666666666666 0.020833333333333332
13 0.4058333333333333 0.8419270833333333 0.06666666666666667 0.0171875
13 0.4766666666666667 0.8419270833333333 0.075 0.0171875
13 0.2425 0.8627604166666667 0.06666666666666667 0.0171875
6 0.32416666666666666 0.8645833333333334 0.09666666666666666 0.020833333333333332
13 0.4058333333333333 0.8627604166666667 0.06666666666666667 0.0171875
13 0.4766666666666667 0.8627604166666667 0.075 0.0171875
13 0.2425 0.88359375 0.06666666666666667 0.0171875
6 0.32416666666666666 0.8854166666666666 0.09666666666666666 0.020833333333333332
13 0.4058333333333333 0.88359375 0.06666666666666667 0.0171875
13 0.4766666666666667 0.88359375 0.075 0.0171875
13 0.6316666666666667 0.6119791666666666 0.045 0.026041666666666668
6 0.6316666666666667 0.7182291666666667 0.19166666666666668 0.18645833333333334
13 0.6279166666666667 0.8114583333333333 0.04416666666666667 0.019791666666666666
13 0.6316666666666667 0.8341145833333333 0.04666666666666667 0.025520833333333333
13 0.6316666666666667 0.8596354166666667 0.04666666666666667 0.025520833333333333
13 0.83125 0.6119791666666666 0.049166666666666664 0.026041666666666668
6 0.8316666666666667 0.7182291666666667 0.19166666666666668 0.18645833333333334
13 0.8279166666666666 0.8114583333333333 0.10583333333333333 0.019791666666666666
13 0.8316666666666667 0.8341145833333333 0.04666666666666667 0.025520833333333333
13 0.8316666666666667 0.8596354166666667 0.04666666666666667 0.025520833333333333
6 0.9679166666666666 0.7182291666666667 0.06416666666666666 0.18645833333333334
13 0.9933333333333333 0.8114583333333333 0.013333333333333334 0.019791666666666666
13 0.05 0.9239583333333333 0.1 0.052083333333333336
6 0.10208333333333333 0.9239583333333333 0.004166666666666667 0.052083333333333336
13 0.15375 0.9239583333333333 0.09916666666666667 0.052083333333333336
6 0.20541666666666666 0.9239583333333333 0.004166666666666667 0.052083333333333336
13 0.2725 0.9239583333333333 0.13 0.052083333333333336
6 0.33958333333333335 0.9239583333333333 0.004166666666666667 0.052083333333333336
13 0.41541666666666666 0.9239583333333333 0.1475 0.052083333333333336
6 0.49125 0.9239583333333333 0.004166666666666667 0.052083333333333336
13 0.5420833333333334 0.9239583333333333 0.0975 0.052083333333333336
6 0.5929166666666666 0.9239583333333333 0.004166666666666667 0.052083333333333336
13 0.645 0.9239583333333333 0.1 0.052083333333333336
6 0.6970833333333334 0.9239583333333333 0.004166666666666667 0.052083333333333336
13 0.7504166666666666 0.9239583333333333 0.1025 0.052083333333333336