5 0.06015625 0.05546875 0.09296875 0.05859375
13 0.22578125 0.0546875 0.184375 0.02578125
6 0.81171875 0.05546875 0.05 0.03125
6 0.915625 0.05546875 0.125 0.03125
6 0.34140625 0.31484375 0.6828125 0.4609375
6 0.125 0.57265625 0.2 0.05234375
6 0.6125 0.58046875 0.775 0.046875
13 0.8328125 0.2890625 0.12421875 0.06953125
13 0.83359375 0.33359375 0.11640625 0.01953125
13 0.83359375 0.35078125 0.08671875 0.01484375
13 0.746875 0.540625 0.1265625 0.0171875
6 0.83359375 0.540625 0.03984375 0.025
13 0.9203125 0.540625 0.1265625 0.0171875
13 0.26328125 0.56484375 0.0765625 0.01484375
13 0.35234375 0.5828125 0.25390625 0.02265625
6 0.96328125 0.57578125 0.0734375 0.0359375
6 0.95546875 0.109375 0.04140625 0.03359375
13 0.98359375 0.1046875 0.01328125 0.01953125
13 0.10390625 0.61171875 0.040625 0.02578125
6 0.10390625 0.71796875 0.19140625 0.18671875
13 0.10078125 0.81171875 0.10546875 0.01953125
13 0.10390625 0.834375 0.046875 0.02578125
13 0.10390625 0.859375 0.046875 0.02578125
13 0.10390625 0.88125 0.0484375 0.0171875
13 0.23515625 0.6125 0.05234375 0.01484375
6 0.2703125 0.61171875 0.0171875 0.02421875
13 0.32578125 0.6125 0.09296875 0.01484375
6 0.38125 0.61171875 0.0171875 0.02421875
13 0.42109375 0.6125 0.0625 0.01484375
6 0.46171875 0.61171875 0.01796875 0.02421875
13 0.4921875 0.6125 0.04296875 0.01484375
13 0.2421875 0.63359375 0.06640625 0.0171875
6 0.32421875 0.63515625 0.096875 0.02109375
13 0.40546875 0.63359375 0.06640625 0.0171875
13 0.4765625 0.63359375 0.075 0.0171875
13 0.2421875 0.6546875 0.06640625 0.0171875
6 0.32421875 0.65625 0.096875 0.02109375
13 0.40546875 0.6546875 0.06640625 0.0171875
13 0.4765625 0.6546875 0.075 0.0171875
13 0.2421875 0.675 0.06640625 0.0171875
6 0.32421875 0.67734375 0.096875 0.02109375
13 0.40546875 0.675 0.06640625 0.0171875
13 0.4765625 0.675 0.075 0.0171875
13 0.2421875 0.69609375 0.06640625 0.0171875
6 0.32421875 0.69765625 0.096875 0.02109375
13 0.40546875 0.69609375 0.06640625 0.0171875
13 0.4765625 0.69609375 0.075 0.0171875
13 0.2421875 0.7171875 0.06640625 0.0171875
6 0.32421875 0.71875 0.096875 0.02109375
13 0.40546875 0.7171875 0.06640625 0.0171875
13 0.4765625 0.7171875 0.075 0.0171875
13 0.2421875 0.7375 0.06640625 0.0171875
6 0.32421875 0.73984375 0.096875 0.02109375
13 0.40546875 0.7375 0.06640625 0.0171875
13 0.4765625 0.7375 0.075 0.0171875
13 0.2421875 0.75859375 0.06640625 0.0171875
6 0.32421875 0.76015625 0.096875 0.02109375
13 0.40546875 0.75859375 0.06640625 0.0171875
13 0.4765625 0.75859375 0.075 0.0171875
13 0.2421875 0.7796875 0.06640625 0.0171875
6 0.32421875 0.78125 0.096875 0.02109375
13 0.40546875 0.7796875 0.06640625 0.0171875
13 0.4765625 0.7796875 0.075 0.0171875
13 0.2421875 0.8 0.06640625 0.0171875
6 0.32421875 0.80234375 0.096875 0.02109375
13 0.40546875 0.8 0.06640625 0.0171875
13 0.4765625 0.8 0.075 0.0171875
13 0.2421875 0.82109375 0.06640625 0.0171875
6 0.32421875 0.82265625 0.096875 0.02109375
13 0.40546875 0.82109375 0.06640625 0.0171875
13 0.4765625 0.82109375 0.075 0.0171875
13 0.2421875 0.8421875 0.06640625 0.0171875
6 0.32421875 0.84375 0.096875 0.02109375
13 0.40546875 0.8421875 0.06640625 0.0171875
13 0.4765625 0.8421875 0.075 0.0171875
13 0.2421875 0.8625 0.06640625 0.0171875
6 0.32421875 0.86484375 0.096875 0.02109375
13 0.40546875 0.8625 0.06640625 0.0171875
13 0.4765625 0.8625 0.075 0.0171875
13 0.2421875 0.88359375 0.06640625 0.0171875
6 0.32421875 0.88515625 0.096875 0.02109375
13 0.40546875 0.88359375 0.06640625 0.0171875
13 0.4765625 0.88359375 0.075 0.0171875
13 0.63203125 0.61171875 0.0453125 0.02578125
6 0.63203125 0.71796875 0.19140625 0.18671875
13 0.628125 0.81171875 0.04453125 0.01953125
13 0.63203125 0.834375 0.046875 0.02578125
13 0.63203125 0.859375 0.046875 0.02578125
13 0.83125 0.61171875 0.04921875 0.02578125
6 0.83203125 0.71796875 0.19140625 0.18671875
13 0.828125 0.81171875 0.10546875 0.01953125
13 0.83203125 0.834375 0.046875 0.02578125
13 0.83203125 0.859375 0.046875 0.02578125
6 0.96796875 0.71796875 0.0640625 0.18671875
13 0.99296875 0.81171875 0.01328125 0.01953125
13 0.05 0.92421875 0.1 0.05234375
6 0.10234375 0.92421875 0.00390625 0.05234375
13 0.15390625 0.92421875 0.09921875 0.05234375
6 0.20546875 0.92421875 0.00390625 0.05234375
13 0.27265625 0.92421875 0.1296875 0.05234375
6 0.33984375 0.92421875 0.00390625 0.05234375
13 0.415625 0.92421875 0.14765625 0.05234375
6 0.49140625 0.92421875 0.00390625 0.05234375
13 0.5421875 0.92421875 0.09765625 0.05234375
6 0.59296875 0.92421875 0.00390625 0.05234375
13 0.6453125 0.92421875 0.1 0.05234375
6 0.696875 0.92421875 0.00390625 0.05234375
13 0.75078125 0.92421875 0.10234375 0.05234375