13 0.2791327913279133 0.06875 0.17344173441734417 0.02875
13 0.497289972899729 0.1240625 0.6314363143631436 0.025625
13 0.3170731707317073 0.1615625 0.2140921409214092 0.011875
13 0.28116531165311653 0.22875 0.5271002710027101 0.025
13 0.15514905149051492 0.2625 0.23983739837398374 0.0225
6 0.12127371273712736 0.176875 0.17208672086720866 0.065
6 0.505420054200542 0.4425 0.940379403794038 0.2975
13 0.47831978319783197 0.6684375 0.8726287262872628 0.025625
13 0.15447154471544716 0.7275 0.22764227642276422 0.03
13 0.5894308943089431 0.883125 0.7533875338753387 0.10125
3 0.4600271002710027 0.9678125 0.8766937669376694 0.031875
6 0.1632791327913279 0.7834375 0.15311653116531165 0.026875
6 0.38414634146341464 0.7871875 0.06910569105691057 0.039375
6 0.6551490514905149 0.7834375 0.18292682926829268 0.044375
6 0.8672086720867209 0.784375 0.06775067750677506 0.04375
6 0.940379403794038 0.96625 0.04607046070460705 0.02875
2 0.46815718157181574 0.165 0.06368563685636856 0.02375
5 0.07384823848238482 0.065625 0.09620596205962059 0.02125