13 0.2984375 0.06796875 0.2171875 0.0265625
13 0.290625 0.1390625 0.16953125 0.0234375
13 0.340625 0.16484375 0.2453125 0.0109375
13 0.23046875 0.20546875 0.409375 0.025
13 0.52109375 0.26875 0.26953125 0.05
13 0.49375 0.4703125 0.8765625 0.08125
13 0.4671875 0.553125 0.83046875 0.02734375
13 0.4828125 0.6109375 0.86875 0.04765625
6 0.49375 0.7609375 0.92265625 0.234375
13 0.21484375 0.9046875 0.3671875 0.01875
3 0.23671875 0.97109375 0.43515625 0.03359375
5 0.9234375 0.96875 0.07734375 0.03359375
5 0.096875 0.26875 0.1125 0.02578125
5 0.946875 0.1390625 0.0515625 0.04375
5 0.915625 0.2671875 0.06875 0.02265625
2 0.428125 0.1375 0.07578125 0.0265625
5 0.08125 0.06953125 0.059375 0.03359375